75.146,-0.10097
76.98,-0.12328
76.293,-0.1208
75.061,-0.10585
76.385,-0.10999
73.708,-0.091025
75.216,-0.10195
73.642,-0.091406
74.313,-0.094502
74.357,-0.09607
74.365,-0.096201
73.56,-0.088762
73.433,-0.087791
74.285,-0.093635
73.312,-0.087855
74.585,-0.099159
74.208,-0.094944
75.114,-0.10207
75.794,-0.10867
75.773,-0.10845
75.868,-0.10848
75.433,-0.105
75.497,-0.10552
75.141,-0.103
73.041,-0.086801
73.434,-0.090144
73.24,-0.086654
72.311,-0.081497
73.196,-0.092245
74.215,-0.094406
74.551,-0.096535
76.163,-0.11299
75.742,-0.10754
75.577,-0.10288
76.132,-0.10868
73.96,-0.096114
72.856,-0.081147
74.266,-0.092474
75.455,-0.10262
75.34,-0.0999
74.19,-0.091513
73.371,-0.084884
75,-0.097029
73.463,-0.088529
73.742,-0.089818
75.46,-0.10146
75.699,-0.1032
75.022,-0.097633
73.108,-0.083907
73.249,-0.083791
71.658,-0.073664
72.643,-0.082421
73.55,-0.087751
74.775,-0.097173
72.88,-0.082396
74.047,-0.094561
72.727,-0.077739
71.46,-0.070167
70.392,-0.062179
71.177,-0.070053
71.401,-0.072641
70.724,-0.066187
72.424,-0.078805
72.805,-0.084346
72.481,-0.079503
70.933,-0.068599
72.761,-0.082729
70.765,-0.066915
71.269,-0.072664
72.654,-0.082788
71.565,-0.074652
72.35,-0.079622
72.181,-0.071945
70.329,-0.057643
70.006,-0.05628
70.529,-0.061222
69.888,-0.05666
68.962,-0.051564
70.053,-0.058681
70.672,-0.061436
67.699,-0.03853
70.117,-0.058264
69.999,-0.056827
69.423,-0.056578
66.953,-0.032607
67.521,-0.037255
71,-0.063051
66.495,-0.027219
68.777,-0.047752
66.845,-0.034188
70.07,-0.058525
70.33,-0.062422
68.974,-0.050601
68.073,-0.044609
67.365,-0.038049
64.779,-0.013589
66.372,-0.026231
64.945,-0.015073
64.387,-0.011462
67.97,-0.039475
66.946,-0.031596
68.231,-0.042302
64.355,-0.012549
63.899,-0.0072711
65.021,-0.01629
66.558,-0.028382
63.504,-0.0044541
62.191,0.0067832
58.466,0.040964
63.583,-0.0082947
62.217,0.0026697
61.775,0.0099959
59.054,0.030535
61.674,0.010629
59.255,0.031208
60.657,0.020765
60.041,0.025074
57.093,0.05027
58.592,0.038949
59.889,0.026579
59.654,0.03116
58.217,0.042289
57.988,0.047364
55.498,0.071666
56.034,0.065755
57.818,0.045823
60.764,0.021374
58.722,0.038301
55.137,0.070004
55.912,0.065712
55.227,0.074057
58.518,0.040827
55.802,0.061564
54.466,0.077321
54.596,0.074485
54.156,0.080913
55.653,0.067694
55.853,0.066445
55.456,0.070771
53.586,0.086934
52.433,0.098634
55.107,0.069364
53.491,0.086253
52.282,0.1023
50.931,0.12058
48.647,0.14088
51.194,0.11604
49.078,0.13942
50.135,0.12499
51.185,0.11845
49.699,0.13255
45.831,0.17424
45.458,0.18301
48.178,0.14835
45.978,0.17112
44.987,0.18177
45.036,0.17907
44.791,0.18028
45.402,0.17305
45.845,0.17233
46.578,0.16072
45.021,0.18072
44.787,0.18177
42.748,0.20316
43.238,0.19544
43.072,0.19847
42.273,0.20971
40.849,0.22284
42.653,0.20222
39.627,0.23309
38.444,0.25482
38.689,0.25078
38.019,0.25567
37.09,0.26895
37.206,0.26818
36.977,0.26599
36.41,0.27814
38.743,0.24432
36.926,0.26838
37.083,0.26338
38.64,0.24802
37.538,0.25597
32.753,0.32315
30.308,0.36423
29.311,0.37991
29.54,0.3722
33.201,0.32136
32.114,0.33355
29.244,0.37049
29.324,0.37299
28.135,0.38877
27.07,0.40835
26.888,0.40948
28.661,0.37898
30.078,0.35182
25.199,0.43861
27.497,0.39529
23.977,0.45642
22.709,0.48399
22.187,0.48619
19.31,0.5472
20.211,0.52731
19.457,0.54845
17.01,0.60529
17.648,0.59035
16.729,0.61466
16.712,0.60806
15.347,0.65065
14.63,0.66922
12.792,0.7278
14.467,0.66535
12.38,0.74478
12.512,0.7338
11.216,0.77581
9.6295,0.84176
11.629,0.75793
20.142,0.58637
11.949,0.76448
18.061,0.62927
15.7,0.69654
29.549,0.45264
14.565,0.72265
13.348,0.76257
14.973,0.7171
14.742,0.71453
13.085,0.77761
12.482,0.7997
10.976,0.84164
12.607,0.7961
11.668,0.82676
12.61,0.78184
11.502,0.82595
9.9881,0.889
9.8068,0.88628
9.1011,0.92153
10.074,0.87175
9.8766,0.88189
16.454,0.7221
9.2309,0.91151
13.571,0.80475
4.3719,1.1659
4.6185,1.1555
5.3066,1.0663
6.3558,1.0424
5.6081,1.0615
6.5269,0.99086
4.5396,1.1474
5.0634,1.1015
5.3042,1.0831
4.6871,1.1342
4.5846,1.141
5.0801,1.0921
12.553,0.83585
12.302,0.84543
12.238,0.84164
13.253,0.80697
12.479,0.82992
5.9078,1.0762
5.6934,1.0702
5.6835,1.0738
5.7939,1.0625
5.6535,1.083
5.1969,1.116
5.7343,1.0714
7.7906,0.99017
6.1892,1.0404
10.567,0.89059
9.9302,0.91641
4.3518,1.1734
4.5827,1.153
4.6279,1.1519
9.6895,0.92756
6.1898,1.0582
6.6005,1.0365
5.5158,1.0999
5.925,1.0673
9.8919,0.90595
8.0772,0.98305
4.8951,1.1159
4.2236,1.1683
9.5576,0.91439
6.3055,1.0387
9.8659,0.90667
6.9173,1.0023
10.114,0.88605
8.9625,0.94112
6.3591,1.0484
5.7901,1.0897
4.1758,1.1708
4.3278,1.1616
4.6752,1.1314
8.5083,0.96021
4.2154,1.1599
8.7898,0.94264
4.6196,1.1332
8.8132,0.94586
2.7065,1.2954
5.1429,1.1053
4.7168,1.1412
3.561,1.2185
4.3145,1.1666
4.8654,1.1189
7.9727,0.97587
7.3313,1.0043
7.8451,0.98596
6.8832,1.0336
7.7139,0.98901
5.1988,1.1052
2.945,1.272
5.4991,1.0742
5.3428,1.0853
4.7814,1.1302
3.2776,1.2348
3.5741,1.2003
5.3098,1.0824
4.9885,1.1087
3.2849,1.2333
3.5025,1.2054
3.7766,1.1735
3.5522,1.2028
3.9214,1.162
3.532,1.1979
3.468,1.2144
3.6107,1.2017
4.1237,1.1617
6.794,1.0211
3.3024,1.2381
4.5067,1.1274
4.1385,1.1696
4.5109,1.1388
3.157,1.2435
3.8481,1.1597
3.5718,1.1911
3.7978,1.1726
3.801,1.1692
4.635,1.1351
5.8032,1.0776
4.6108,1.1343
3.6318,1.202
4.3729,1.1513
4.6307,1.1336
4.1984,1.1536
3.9627,1.1717
4.0155,1.1725
4.1077,1.162
4.8817,1.1087
5.2218,1.0787
4.2484,1.1512
5.0426,1.093
4.7407,1.1027
4.6687,1.1127
4.6479,1.1159
4.3932,1.1374
4.6705,1.118
3.8471,1.1887
4.7834,1.0992
4.6055,1.1191
4.6549,1.1157
4.8149,1.1082
4.683,1.1088
7.132,0.97976
4.6222,1.1261
4.7114,1.1234
5.9587,1.0607
4.059,1.1652
4.7468,1.121
4.404,1.1359
3.9394,1.1796
5.6286,1.0768
4.0975,1.1631
3.684,1.1951
4.5622,1.1192
2.958,1.238
3.189,1.2203
2.9417,1.2487
3.126,1.2262
5.3783,1.0687
4.9461,1.107
5.8107,1.0381
5.0789,1.0912
5.0763,1.0828
4.0547,1.1583
3.794,1.1875
4.5181,1.1365
3.881,1.1826
4.4553,1.1301
4.2084,1.1532
4.5915,1.1147
4.3274,1.139
4.3551,1.1334
4.5548,1.113
4.3349,1.1347
2.8753,1.2541
3.0684,1.226
3.1361,1.2183
2.9138,1.2491
2.3542,1.3125
2.4957,1.2961
4.7292,1.1192
6.2597,1.0272
2.3442,1.3215
2.4634,1.2962
6.2586,1.033
2.2718,1.3265
6.5195,1.0156
6.4961,1.0175
6.4566,1.0291
6.0348,1.0509
4.3127,1.1488
3.8643,1.171
2.8373,1.2908
4.006,1.1587
4.1115,1.152
2.5451,1.2823
2.4229,1.3004
2.5027,1.2879
2.4138,1.3024
1.9649,1.383
2.132,1.3431
2.33,1.3148
2.8013,1.2488
5.2854,1.0747
2.562,1.2808
2.4369,1.2949
2.3106,1.3138
2.5328,1.2856
2.3151,1.3098
2.5487,1.2781
2.4724,1.289
2.5742,1.2772
2.5651,1.2794
2.3566,1.308
2.7199,1.2566
2.5481,1.2838
3.8807,1.1722
3.2732,1.2345
3.7183,1.1838
3.9544,1.1578
1.8468,1.397
4.1266,1.1405
4.2332,1.1339
4.07,1.1552
3.8712,1.1699
3.9376,1.162
6.0231,1.0415
4.1768,1.1345
2.338,1.3157
6.4592,1.0319
3.9599,1.1583
4.1094,1.1445
3.8705,1.1614
2.8066,1.2491
4.0205,1.1528
3.9364,1.1597
4.0572,1.1477
4.3045,1.1271
6.0036,1.0477
3.772,1.175
3.2826,1.2297
5.8789,1.0514
6.7936,1.0002
3.6624,1.188
4.0109,1.1585
4.9459,1.0586
3.2469,1.2275
5.9925,1.0428
3.7278,1.1807
3.6919,1.181
3.8377,1.1652
2.8574,1.2859
3.6308,1.1831
4.1153,1.1321
3.3788,1.2142
3.2883,1.2296
3.7741,1.1794
3.5777,1.2026
3.615,1.1938
3.2153,1.2361
3.6615,1.1779
3.7349,1.1748
2.4109,1.2802
3.9049,1.1644
2.3793,1.2921
7.5755,0.95965
3.8907,1.1566
6.9329,0.99129
7.0019,0.98816
6.3879,1.0277
2.6862,1.2654
2.511,1.2876
3.0475,1.2151
3.9905,1.1518
3.7311,1.1654
3.5211,1.191
2.4251,1.3018
5.168,1.0838
6.0291,1.0478
2.6531,1.2585
2.4409,1.2928
2.4098,1.3052
2.2835,1.3272
2.5437,1.2825
4.6087,1.1205
2.6044,1.2733
2.9964,1.2365
3.701,1.1737
2.5225,1.276
2.5484,1.2672
2.3016,1.3098
3.0099,1.2065
2.772,1.243
2.8154,1.2382
2.4355,1.2968
2.9395,1.2228
2.5765,1.2737
2.3539,1.3108
4.0565,1.1645
6.2882,1.0352
4.401,1.1252
2.8532,1.2429
6.1282,1.0356
4.1068,1.1378
4.002,1.1661
2.5284,1.2809
2.7345,1.2461
3.9863,1.1362
4.36,1.1151
4.0418,1.1449
3.0905,1.2077
2.8893,1.2334
3.0175,1.2167
2.8062,1.2407
2.6137,1.2682
2.8031,1.2434
2.8937,1.2362
3.1368,1.199
2.8971,1.2386
4.1936,1.1399
3.1212,1.1991
2.932,1.2316
3.7505,1.1611
4.5209,1.1033
3.6226,1.1849
3.4881,1.1988
3.7391,1.1784
6.564,1.0155
3.3114,1.2223
3.905,1.1542
3.873,1.156
4.0111,1.1476
4.1299,1.1344
3.8439,1.1569
2.4166,1.2827
3.3632,1.2002
3.6737,1.1636
2.6043,1.2683
2.7984,1.2407
3.0586,1.2156
2.6739,1.2626
3.2501,1.2153
6.4286,1.0178
2.9943,1.2246
2.6583,1.266
3.0138,1.2232
6.167,1.0332
5.5115,1.068
6.778,0.98963
6.5004,1.0086
2.7572,1.2607
4.5459,1.1215
4.9248,1.091
5.017,1.0811
6.5172,1.0111
4.8537,1.1001
6.1846,1.0276
6.3342,1.0206
3.4591,1.1894
3.9461,1.1464
4.238,1.1158
3.5304,1.1928
3.9274,1.1468
3.7877,1.1584
3.8254,1.1591
4.0979,1.1277
3.9462,1.1464
4.0505,1.1359
3.2208,1.2054
3.7811,1.1684
3.0594,1.225
3.0649,1.2258
3.118,1.223
3.329,1.1993
2.3761,1.3007
3.1499,1.2232
3.3267,1.2016
5.1042,1.0785
2.3348,1.3014
2.4825,1.2815
3.9467,1.1473
2.5336,1.2754
6.5073,1.0058
3.0991,1.2243
3.2311,1.2037
3.7802,1.1445
3.2255,1.2092
3.3199,1.1987
3.5588,1.1628
3.3975,1.1817
3.4713,1.1799
3.3528,1.1895
3.0903,1.221
3.4214,1.1704
4.0603,1.1466
4.5891,1.1139
3.9362,1.1545
4.2264,1.1228
3.8669,1.1636
3.8952,1.1588
3.639,1.1855
3.6017,1.1832
3.6326,1.1807
2.5136,1.2835
3.9065,1.1605
6.7733,1.0108
3.6448,1.1854
4.5891,1.121
3.1751,1.2261
3.6606,1.183
2.8181,1.2505
2.3635,1.3012
3.6468,1.1741
2.5282,1.2794
2.7851,1.2455
3.5159,1.1906
3.6003,1.1811
2.0926,1.3518
2.2946,1.3121
3.7767,1.1684
7.0949,0.98613
3.7562,1.1721
3.9774,1.1527
3.958,1.1527
4.0418,1.1431
3.7276,1.1758
6.55,1.0181
7.2126,0.97658
3.942,1.1639
3.6783,1.1893
3.4544,1.1803
3.6644,1.1647
3.5864,1.1762
3.2571,1.2174
3.4624,1.1921
3.6975,1.1709
3.5418,1.1862
3.8898,1.1585
3.7339,1.1671
3.6302,1.1786
3.6258,1.1773
3.8464,1.1596
2.2352,1.3172
4.141,1.1347
3.4665,1.1827
2.9994,1.2316
3.8862,1.1674
3.2011,1.2175
3.9097,1.1583
3.1997,1.2115
2.2007,1.3262
3.553,1.1735
3.7157,1.1556
3.5735,1.1723
3.9777,1.1531
4.2612,1.122
3.9519,1.1463
2.3647,1.3009
3.8367,1.1667
4.2152,1.1387
4.0583,1.1463
7.3696,0.9707
3.1891,1.2021
4.4326,1.1261
7.6071,0.96407
7.0698,0.98441
3.2072,1.207
4.3416,1.1227
6.1816,1.0367
3.6242,1.1731
6.8392,0.99475
3.9526,1.1571
6.4594,1.0196
2.9389,1.2457
3.2067,1.2211
4.1814,1.1152
4.3207,1.1109
3.6462,1.1707
3.0176,1.2334
3.1346,1.2199
3.3192,1.1972
4.5824,1.1114
3.5858,1.1787
4.8468,1.0951
2.5787,1.2621
2.424,1.2853
7.5127,0.96258
2.5026,1.2725
6.8371,1.004
6.9531,0.99636
7.8926,0.94967
7.2059,0.98899
7.3975,0.97348
2.5322,1.2685
2.5864,1.2606
7.2022,0.98034
3.6424,1.184
3.6774,1.1715
6.9934,0.99563
2.6293,1.2559
2.412,1.2851
3.6903,1.1733
3.6126,1.1769
3.4194,1.2003
3.6016,1.1828
3.7954,1.1603
2.8192,1.2255
4.4731,1.1214
4.4217,1.1279
4.3695,1.1225
3.9774,1.1605
4.3358,1.1325
2.282,1.3118
3.5243,1.1949
3.5107,1.1733
2.9005,1.2503
3.2994,1.1954
3.2622,1.2042
3.3367,1.1945
3.4905,1.1861
3.1862,1.2134
3.3934,1.1878
3.3295,1.2045
3.2963,1.1987
3.4904,1.1866
3.6646,1.1786
4.0556,1.154
2.7126,1.2511
4.422,1.1157
4.4084,1.1055
3.1351,1.2193
2.3938,1.3044
4.2961,1.1319
3.939,1.1664
4.1452,1.1397
4.427,1.1097
3.9178,1.1475
4.7853,1.0913
3.1764,1.2176
3.7198,1.1731
3.6906,1.1734
3.4297,1.1943
4.1965,1.117
3.4263,1.1934
3.4403,1.1994
3.3069,1.2214
3.4309,1.2095
3.6442,1.1862
3.377,1.2147
3.2879,1.1973
1.9499,1.3749
6.6975,1.0096
6.6732,1.0127
2.467,1.2818
6.8072,1.0038
4.4789,1.1321
7.1209,0.99005
6.7511,1.007
2.3309,1.311
7.5245,0.9711
2.4396,1.2859
2.3094,1.3146
3.9913,1.1474
4.3283,1.1214
7.4907,0.97645
4.4721,1.1137
4.5585,1.0954
3.6995,1.1822
4.0902,1.1416
4.2979,1.1251
4.261,1.1309
4.0922,1.1465
2.3204,1.3028
7.2389,0.98447
7.2099,0.97257
7.2023,0.98778
7.0467,0.99256
7.5774,0.96774
6.6978,1.0194
6.7298,1.0089
7.0177,0.98985
7.7477,0.95429
7.1356,0.98443
3.9955,1.1492
7.7926,0.95141
2.8941,1.2301
7.166,0.98671
4.094,1.1522
4.1929,1.1404
4.4169,1.126
6.9226,1.0024
4.2462,1.138
3.8347,1.158
5.0395,1.0719
5.092,1.0775
4.6712,1.1069
3.8276,1.1568
6.5993,1.0239
4.1093,1.1334
3.8682,1.1593
3.7806,1.1734
4.2432,1.1247
3.8422,1.1665
4.0451,1.1494
4.204,1.1405
4.1351,1.1459
3.9725,1.156
4.1127,1.1465
4.1375,1.1349
4.2457,1.1331
3.9723,1.1416
2.8597,1.2318
3.3866,1.1863
3.5298,1.1784
2.86,1.2531
2.963,1.2386
3.572,1.1859
2.6702,1.2618
2.4905,1.2962
3.1631,1.2083
2.836,1.2833
2.8971,1.2508
2.6548,1.2471
2.9272,1.2377
3.4079,1.1796
2.7055,1.2457
2.6501,1.2508
2.3725,1.303
4.3928,1.1124
4.414,1.1123
4.687,1.0874
4.0408,1.1428
4.2058,1.1254
4.654,1.0879
3.3808,1.1853
2.531,1.2675
4.4269,1.1102
4.3103,1.1198
2.8828,1.2499
4.19,1.1317
3.956,1.1504
3.2577,1.1995
3.0779,1.2229
3.246,1.2014
3.1424,1.2159
6.9819,1.0006
3.508,1.1857
3.6088,1.1712
3.6876,1.1674
2.4674,1.2835
3.769,1.1651
3.2753,1.2184
3.1442,1.2325
3.4724,1.1906
3.0032,1.2616
3.4346,1.1958
3.3562,1.2061
3.5513,1.184
3.1574,1.2186
4.1744,1.1414
3.5187,1.1868
3.5995,1.1737
3.427,1.1938
3.6683,1.1781
3.4655,1.1853
4.3267,1.1292
3.614,1.1816
3.6014,1.1816
6.7415,1.0044
2.7297,1.2463
3.4741,1.1759
4.1,1.1259
3.7673,1.1587
3.6631,1.1736
3.6513,1.1738
3.825,1.1607
3.5911,1.1804
3.6512,1.1745
3.4127,1.1988
3.1944,1.2142
3.6543,1.1721
2.6711,1.2505
7.0737,0.98874
7.2376,0.97144
4.1042,1.1442
7.1695,0.9847
4.2053,1.1377
4.3729,1.1172
4.3403,1.1188
3.9519,1.1558
2.5738,1.2642
4.0964,1.1427
3.9791,1.1489
3.8889,1.1617
6.6816,1.0037
3.1457,1.2163
3.2948,1.1991
3.2438,1.2083
3.2129,1.2139
3.4161,1.1846
3.2642,1.2039
7.478,0.96817
3.6451,1.1706
3.3865,1.1871
3.3182,1.2016
3.3888,1.185
2.3915,1.2921
2.4039,1.2935
2.4912,1.2799
3.7712,1.1706
2.5204,1.274
2.3205,1.3061
2.3519,1.3014
6.0404,1.0367
2.464,1.2839
2.5811,1.2667
2.5573,1.2713
3.311,1.2034
3.9129,1.1501
3.671,1.1755
3.774,1.1709
4.2325,1.1243
4.1984,1.1346
4.0483,1.1466
3.9629,1.1509
4.0523,1.1423
3.5401,1.1763
4.3092,1.1226
3.2761,1.2047
3.7393,1.1668
3.8751,1.136
3.7279,1.1782
4.0026,1.1366
3.4751,1.185
3.6036,1.1778
3.9376,1.1479
3.1586,1.2006
3.5158,1.1741
3.5552,1.1769
3.2144,1.2148
2.543,1.2759
4.3019,1.132
3.2926,1.1991
3.4914,1.1805
3.5797,1.1727
3.2575,1.1955
3.5544,1.1751
3.2308,1.2162
3.4591,1.1883
3.4462,1.1881
3.1514,1.223
3.375,1.1905
2.6289,1.2716
3.0891,1.2269
7.9504,0.9474
7.6197,0.95612
3.4642,1.1866
3.6877,1.1633
3.6615,1.167
3.483,1.185
3.2943,1.2146
2.9189,1.2656
3.5438,1.1849
3.4872,1.1924
3.4639,1.1941
3.7946,1.1592
3.8124,1.1841
3.8027,1.1785
6.6637,1.0116
7.0937,0.99056
6.5889,1.0155
3.9102,1.1641
6.7629,0.99822
4.1293,1.1378
4.1903,1.1309
4.8342,1.0842
7.2365,0.97925
3.0268,1.2412
6.7342,1.0109
8.9866,0.92022
4.5739,1.1102
3.3384,1.1998
4.7314,1.0977
4.2892,1.1414
7.3333,0.97507
3.6965,1.1578
6.9068,0.99414
4.5766,1.0984
4.3409,1.1177
4.3045,1.1304
2.4282,1.2851
3.6727,1.1827
7.0769,0.98476
3.8267,1.1508
3.8728,1.145
6.8014,0.99709
2.3168,1.298
3.3062,1.2113
6.5132,1.0209
6.9075,1.0016
6.8476,1.0065
3.5994,1.1836
3.2514,1.208
3.2804,1.2077
3.2888,1.2068
3.1167,1.2206
7.4668,0.97656
3.7573,1.1654
3.4072,1.193
3.7368,1.1597
3.8131,1.1527
3.7272,1.1631
3.7072,1.1646
3.5285,1.1869
3.1903,1.2145
3.2398,1.2358
3.3985,1.2059
3.3162,1.2141
3.3025,1.2137
3.4195,1.2012
3.4712,1.1948
3.4664,1.195
3.3509,1.2066
7.5995,0.95965
3.1765,1.2282
3.8586,1.1498
6.2982,1.0165
3.1001,1.2146
3.4895,1.179
3.3646,1.1946
7.3453,0.97737
3.2808,1.1972
4.6147,1.109
3.3637,1.1945
7.3446,0.97831
3.2093,1.2103
3.7987,1.1472
7.6312,0.9598
6.881,0.99661
7.5192,0.96164
3.5598,1.1818
7.1675,0.98575
3.0758,1.2255
3.1709,1.2117
3.381,1.1928
3.2399,1.2094
3.0812,1.229
3.4947,1.1897
3.196,1.2097
4.9656,1.081
3.2098,1.1938
3.9466,1.1438
2.9482,1.2338
2.9613,1.2307
3.4009,1.1893
2.6708,1.2631
2.9794,1.2249
3.0491,1.2178
3.055,1.215
2.9689,1.2237
3.0713,1.21
3.7335,1.1577
3.024,1.2357
2.7463,1.2506
3.156,1.2229
3.4654,1.1909
3.0563,1.2301
3.536,1.1768
3.4365,1.1887
3.5078,1.1845
3.3172,1.2115
3.319,1.2029
3.6853,1.164
4.3248,1.1038
3.4575,1.1952
3.1264,1.2215
3.3819,1.2042
3.4678,1.1889
7.9812,0.95692
3.5846,1.1798
3.433,1.1855
3.498,1.2063
3.513,1.1902
3.2964,1.1949
3.6289,1.1792
3.8837,1.1516
2.3169,1.3036
3.7375,1.1714
4.0971,1.1375
3.9863,1.1458
3.6116,1.1861
4.091,1.1327
2.4806,1.2732
3.9118,1.1574
4.2786,1.1235
3.2449,1.204
4.1458,1.1307
4.1732,1.1346
2.6241,1.2819
2.8682,1.2654
2.6154,1.2701
2.7245,1.2599
2.7587,1.2486
6.8838,0.99782
6.7555,1.0034
2.9309,1.2472
3.545,1.1811
3.9655,1.1663
3.761,1.1582
3.6044,1.1759
3.8415,1.1528
4.0745,1.1333
3.4585,1.1949
3.7389,1.1685
3.6247,1.1776
3.93,1.1434
3.6079,1.1831
3.5078,1.1875
3.9882,1.1413
3.9793,1.1382
3.5377,1.1838
3.7241,1.1626
11.04,0.84839
4.5183,1.1002
4.0852,1.1399
3.3235,1.2019
2.9172,1.2377
4.4784,1.1189
5.0354,1.0701
3.3394,1.1949
4.8773,1.085
3.373,1.1892
3.8315,1.1432
3.6177,1.165
4.2805,1.1205
6.9989,0.98463
7.2913,0.97902
6.3044,1.0233
3.3934,1.2008
6.2255,1.035
3.2073,1.2176
6.6781,1.0156
4.3368,1.1351
4.2973,1.1323
4.5676,1.1141
4.4707,1.1229
6.4501,1.0249
7.0788,0.99229
7.6291,0.97139
6.6652,1.0106
6.5483,1.0188
2.7052,1.245
2.6434,1.2533
3.3677,1.193
3.476,1.1817
3.1755,1.2174
2.5791,1.2598
3.3976,1.1976
2.9694,1.2442
3.8255,1.164
3.6929,1.1716
4.2571,1.1236
4.0096,1.145
3.9258,1.1566
3.3902,1.198
3.6487,1.1731
4.2916,1.1215
6.509,1.0116
3.8303,1.1668
3.5181,1.1914
3.937,1.1459
7.0267,0.99276
3.8625,1.1561
6.7744,1.0074
6.8633,1.0042
3.6523,1.189
2.6644,1.2592
3.9911,1.1579
4.2047,1.1358
3.9785,1.1557
3.9916,1.1528
4.108,1.1433
5.6813,1.0519
3.6737,1.1726
6.4936,1.0187
6.1064,1.037
6.8055,1.0014
6.1108,1.0424
6.0801,1.0416
5.8002,1.0645
6.4148,1.0182
6.5593,1.0116
3.3017,1.2153
6.053,1.0429
5.9956,1.0424
6.7295,1.0007
6.3967,1.0165
6.6724,0.99455
6.8112,0.99614
6.7357,0.99571
4.3349,1.1122
6.208,1.0282
2.8072,1.2456
3.9744,1.1539
4.0438,1.1453
6.6583,1.0026
3.5438,1.1803
3.322,1.2063
8.0593,0.94248
4.7789,1.0935
6.7281,1.0032
3.4748,1.181
3.4756,1.1814
4.7969,1.0898
7.9616,0.94718
6.3129,1.0266
3.2894,1.1972
4.6359,1.1046
3.4649,1.1792
3.6774,1.1744
3.3988,1.1882
2.8271,1.2512
4.0357,1.1431
3.4841,1.1758
4.1257,1.1299
4.1626,1.1208
3.6021,1.1567
4.0107,1.1354
3.7004,1.1763
4.1294,1.1309
2.9325,1.2145
3.1978,1.1925
2.7832,1.2382
2.8044,1.234
2.9922,1.2035
2.8368,1.2299
3.0203,1.2056
3.0872,1.2031
2.7749,1.2385
4.4246,1.1094
2.7854,1.2325
4.0662,1.1382
3.1494,1.2056
2.8864,1.2385
3.0467,1.226
3.1076,1.2146
3.8468,1.1352
3.2216,1.2035
3.8935,1.1509
3.4332,1.181
3.9652,1.1418
4.0057,1.1444
3.3341,1.1927
3.3636,1.1879
2.5186,1.2753
4.4477,1.0987
2.5416,1.2703
2.824,1.2262
4.4338,1.1015
4.3616,1.0986
4.2773,1.1108
4.1436,1.1169
4.0831,1.121
4.0662,1.1224
4.1355,1.1147
2.3045,1.2872
2.6743,1.2475
2.8506,1.2267
2.7306,1.2411
2.6382,1.2523
3.9077,1.1472
3.9811,1.1414
6.3529,1.0133
6.0425,1.0269
3.5329,1.1641
6.0644,1.0152
2.542,1.2516
6.0484,1.0225
3.0435,1.2001
3.102,1.1909
5.8358,1.0181
6.4699,0.99246
6.5643,0.98454
3.9484,1.1162
3.7767,1.1319
3.7095,1.1344
5.6339,1.0188
3.3495,1.1667
5.3712,1.0374
3.7467,1.1271
4.3075,1.1157
3.0907,1.2009
3.2683,1.1844
3.0003,1.217
3.3794,1.1637
3.6214,1.1338
3.7558,1.1223
3.6175,1.1291
4.2666,1.0873
3.7199,1.1147
2.8104,1.1929
4.042,1.0983
3.5579,1.1308
2.7553,1.1894
2.6164,1.204
5.9398,0.98968
3.4235,1.1401
3.349,1.1417
3.7064,1.1103
2.5311,1.2132
2.6167,1.1974
2.573,1.2012
2.5417,1.2058
3.4605,1.1229
3.4778,1.1329
3.4024,1.136
2.9794,1.1729
3.5468,1.1189
3.0902,1.1576
3.0959,1.1561
2.711,1.206
2.3308,1.2303
3.6865,1.0965
5.5169,0.98822
5.8618,0.96519
3.6249,1.1101
2.9293,1.1496
3.1573,1.1275
2.6116,1.1885
3.074,1.1284
3.1347,1.1224
3.7236,1.0775
2.8578,1.1476
2.8498,1.1434
2.3366,1.2036
3.2724,1.1068
3.33,1.0988
3.2282,1.1083
3.2244,1.109
3.5299,1.076
3.4659,1.083
3.3114,1.0965
2.804,1.1342
2.7461,1.1355
3.0758,1.1175
2.7172,1.1403
3.0606,1.1171
3.1067,1.1065
3.168,1.1009
3.1519,1.0979
5.039,0.97942
4.2423,1.01
3.0853,1.0954
2.94,1.1059
2.865,1.1113
2.9481,1.1052
3.0915,1.0896
3.0028,1.0975
3.0741,1.0888
2.9528,1.1014
4.8321,0.97119
3.9566,1.0253
2.6459,1.1353
2.8819,1.101
3.2701,1.0561
3.3986,1.0426
3.1902,1.0619
3.3146,1.0486
2.6155,1.1204
3.2026,1.0577
3.2745,1.05
3.4102,1.036
3.1065,1.066
3.0279,1.0756
3.3745,1.0404
3.4103,1.0331
3.3365,1.039
3.385,1.0318
3.5305,1.0221
3.4789,1.0207
3.462,1.0246
3.2569,1.039
3.439,1.0202
3.2537,1.0338
3.2642,1.0297
3.044,1.0505
3.8751,0.98005
3.6623,0.9973
3.4147,1.0123
3.5689,1.0037
3.3871,1.0124
3.4904,1.0057
3.7127,0.98728
3.7068,0.9897
3.4705,1.0052
3.2488,1.0223
3.3742,1.0116
3.1731,1.0281
3.4993,0.99889
3.3325,1.0108
3.706,0.98078
3.5836,0.9915
3.5564,0.98969
3.5568,0.9883
3.9352,0.96417
3.8466,0.96321
4.2262,0.93898
3.4987,0.9848
3.5665,0.97805
3.4346,0.99092
3.5303,0.98483
3.3102,1.0023
3.4361,0.99111
3.5759,0.97483
3.3551,0.99082
3.5597,0.97791
3.3888,0.99188
3.8897,0.95041
4.0091,0.93873
3.2071,0.99403
3.3594,0.97993
3.2878,0.98545
3.4898,0.97522
3.6684,0.95427
3.0952,0.99672
3.355,0.97207
3.4643,0.96943
3.1816,0.9855
3.4467,0.96461
3.2276,0.97899
3.4601,0.95775
3.3649,0.96302
3.3706,0.96134
3.4589,0.95373
3.2067,0.97281
3.4023,0.95492
3.3769,0.95979
3.5474,0.94261
3.4493,0.95064
3.2671,0.96477
3.0378,0.97927
3.1812,0.96866
3.6267,0.93163
3.4656,0.94335
3.4761,0.94169
3.2334,0.95721
2.7995,0.9986
2.7282,1.0078
2.9302,0.97746
3.018,0.96746
3.0487,0.96237
3.8884,0.90482
3.3717,0.9344
3.394,0.93247
3.8808,0.89771
2.9936,0.9629
3.8537,0.90126
3.1619,0.95206
2.5449,1.0038
2.8614,0.97382
2.9218,0.96543
2.864,0.97104
3.1807,0.94157
3.0349,0.95311
3.0709,0.94956
3.1533,0.93799
3.1261,0.9395
2.8833,0.95906
3.0184,0.94982
3.0051,0.95048
2.7698,0.96768
2.7433,0.97107
2.746,0.97017
2.8473,0.9612
2.6807,0.97503
2.7482,0.96735
2.6892,0.97268
2.7539,0.96332
3.0583,0.93534
2.8813,0.95287
2.9435,0.94468
2.9052,0.94713
2.9354,0.94501
2.946,0.94429
3.2046,0.9201
3.2621,0.91387
3.1494,0.92311
3.2222,0.91736
3.0693,0.9284
3.3847,0.90251
3.1511,0.92152
3.0011,0.9329
3.0789,0.92525
3.1129,0.91925
3.2521,0.90893
3.2925,0.90485
3.3669,0.89793
3.4116,0.89399
3.367,0.89694
3.4638,0.88863
3.3795,0.89628
3.2277,0.9074
3.4678,0.88646
3.2095,0.90606
3.139,0.91246
3.2225,0.90489
3.0354,0.92057
3.1736,0.90706
3.0692,0.91566
3.1418,0.90982
3.2506,0.89988
3.4593,0.88346
3.3645,0.88965
3.2545,0.89844
3.2704,0.89572
3.1495,0.90412
3.1267,0.90469
3.2424,0.89434
3.4812,0.87552
3.5109,0.87305
3.4857,0.87621
3.4989,0.87413
3.522,0.87197
3.4057,0.87899
3.4094,0.8793
3.4953,0.86948
3.5378,0.86574
3.7618,0.84937
3.6628,0.85668
3.7289,0.85186
3.5659,0.86524
3.7388,0.85083
3.7046,0.85204
3.94,0.83599
3.8337,0.84302
3.6794,0.85274
3.8064,0.8437
3.7723,0.84518
3.9497,0.83688
4.0646,0.82811
4.1158,0.82374
3.91,0.83617
3.365,0.87274
3.6746,0.84902
3.4055,0.86822
3.6205,0.85042
3.4041,0.86604
4.0484,0.82552
3.9763,0.83117
3.724,0.8429
3.7443,0.84162
4.0191,0.82601
3.5199,0.85628
3.564,0.85276
3.3219,0.86963
4.1929,0.81282
4.1606,0.8154
3.4949,0.85731
3.3738,0.86604
3.674,0.8426
3.7244,0.83839
3.7638,0.83448
4.2567,0.80661
4.11,0.81128
4.3496,0.79832
4.0396,0.81655
3.8545,0.83156
4.4081,0.79661
4.0827,0.8137
4.1642,0.80993
4.4182,0.79301
4.5554,0.78477
4.4236,0.79343
4.7352,0.77505
4.3427,0.79403
4.4199,0.79105
4.5005,0.7864
4.1387,0.80753
4.3774,0.79238
4.5502,0.78236
4.4725,0.78538
4.0442,0.81096
4.468,0.7846
4.5223,0.78126
4.4625,0.78407
4.5894,0.77499
4.671,0.77045
4.5249,0.77806
4.6515,0.77192
4.5918,0.77338
4.3414,0.78995
4.4522,0.78238
4.2203,0.79591
4.0275,0.80516
4.2478,0.79343
4.5795,0.77343
3.9356,0.81099
4.4015,0.78376
4.4732,0.77936
4.5326,0.77397
4.0504,0.79861
4.6379,0.76611
3.8679,0.80936
4.1622,0.79493
4.4091,0.78077
4.3353,0.78534
4.1949,0.79461
4.5146,0.77447
4.099,0.79942
4.0922,0.79858
3.9777,0.80565
4.1296,0.79484
4.6391,0.76545
4.4793,0.77154
3.7772,0.81215
4.1378,0.79456
3.7558,0.81547
3.6804,0.82296
3.6091,0.8267
4.648,0.76858
3.9381,0.80784
4.3948,0.77836
4.1922,0.79143
4.2989,0.78092
4.6485,0.76193
4.6877,0.75982
4.2843,0.78185
4.4565,0.77144
3.8488,0.80671
3.7329,0.81576
3.9791,0.80043
3.8394,0.81012
3.9085,0.80454
3.8801,0.80591
3.8536,0.80758
4.4701,0.77073
4.2717,0.78264
4.2868,0.78192
4.3187,0.77849
4.8305,0.75221
4.5582,0.76701
4.6535,0.76164
3.9664,0.80084
4.0045,0.79878
3.8844,0.80587
3.9128,0.80477
3.9624,0.80167
4.0315,0.79666
4.1755,0.78672
3.8848,0.80445
4.2612,0.78124
4.2212,0.78379
4.4648,0.76923
4.0117,0.79765
4.3199,0.77669
3.9673,0.79933
4.2437,0.78314
4.303,0.78245
4.9268,0.74619
4.221,0.78604
4.3616,0.7773
4.4246,0.77097
3.8343,0.8042
4.1197,0.79046
4.1088,0.7911
3.8147,0.80978
4.0039,0.79674
3.9145,0.80204
3.8711,0.80475
3.8318,0.80687
4.3982,0.77258
4.5056,0.76748
4.426,0.7709
4.6353,0.75992
4.2301,0.78407
3.9101,0.80032
4.6701,0.75695
3.9505,0.79725
3.6977,0.81453
3.9447,0.80135
3.7368,0.811
4.0419,0.79115
3.8532,0.80415
3.8456,0.80524
3.9396,0.79608
3.9113,0.79752
3.8961,0.80025
4.3665,0.7722
4.0558,0.79172
4.0313,0.79348
4.0005,0.79591
3.9923,0.79619
3.8494,0.80352
4.2742,0.77711
4.1911,0.78189
4.157,0.78348
4.057,0.78969
4.187,0.78219
4.1996,0.78273
4.3219,0.77556
4.4874,0.76512
3.9471,0.7987
4.139,0.78503
3.9795,0.79365
4.1704,0.78218
4.5384,0.76203
4.4264,0.76645
3.8957,0.79852
4.2275,0.77788
4.6557,0.75486
4.2444,0.77939
4.0754,0.78935
4.1998,0.78139
4.0715,0.78925
4.2502,0.77786
4.1861,0.78108
3.9566,0.79257
4.2018,0.77927
3.8954,0.79547
4.5035,0.76124
4.6313,0.75524
4.1916,0.77971
4.0218,0.78832
4.0499,0.78834
4.5833,0.75871
4.0512,0.78693
3.8381,0.80078
4.0245,0.78672
4.0328,0.78487
4.1321,0.77859
4.4368,0.76157
4.0594,0.78411
4.1667,0.78056
4.5116,0.76211
4.4999,0.76025
3.8506,0.79711
4.444,0.76406
4.2886,0.77316
4.3334,0.76861
4.2158,0.77297
3.7869,0.80007
4.5579,0.75509
4.237,0.775
4.0154,0.78702
4.3132,0.77247
4.5523,0.75739
4.3737,0.76767
4.603,0.7564
4.5048,0.76071
4.2887,0.77291
4.5574,0.7567
4.6242,0.75269
4.2554,0.7742
4.1848,0.77815
4.0161,0.78646
4.1716,0.77847
4.2618,0.77138
4.0217,0.7887
3.8718,0.79948
4.0791,0.78397
4.1821,0.77831
4.2394,0.77351
4.3688,0.76452
4.3982,0.76337
4.3196,0.76818
4.1813,0.77557
4.2874,0.7712
4.0334,0.78566
4.2697,0.77042
4.3188,0.76751
4.5019,0.76151
4.5543,0.75769
4.3024,0.77155
4.3369,0.76481
4.2617,0.77007
4.27,0.77048
4.6362,0.74909
4.5205,0.75696
4.2295,0.77319
4.3653,0.76509
4.2944,0.7691
4.5138,0.75521
4.4617,0.759
4.489,0.75719
4.6279,0.75121
4.8712,0.7387
4.7532,0.74658
4.5019,0.75984
4.2707,0.77363
4.5378,0.75738
4.3693,0.76425
4.4023,0.76177
4.549,0.75177
4.591,0.75198
4.7702,0.74285
4.4738,0.76077
4.5534,0.75725
4.6365,0.75393
4.8348,0.74361
4.4368,0.76147
4.6391,0.75413
4.7876,0.74546
4.4957,0.76001
4.82,0.74228
4.2034,0.77076
4.508,0.75405
4.3285,0.76614
4.4089,0.76164
4.8627,0.74019
4.5966,0.75366
4.6313,0.75151
4.6876,0.7471
4.4825,0.75773
4.5815,0.75138
4.6196,0.749
4.5864,0.751
4.4128,0.76315
4.523,0.75754
4.8222,0.74086
4.8532,0.74057
4.8625,0.74028
4.3538,0.76478
4.699,0.74868
4.4857,0.75754
4.6173,0.74843
4.5115,0.75381
4.6648,0.7448
4.6116,0.74919
4.4169,0.76004
4.7112,0.74564
4.2,0.77389
4.2619,0.77532
4.5165,0.76288
4.0343,0.78534
4.2409,0.77029
4.6062,0.75547
4.4797,0.75932
4.9275,0.73705
4.6009,0.75246
4.6049,0.75217
4.7283,0.74527
4.7085,0.74829
4.4409,0.76195
4.5464,0.75685
4.7528,0.74515
4.5055,0.75986
4.6986,0.74945
4.4259,0.76139
4.4442,0.76049
4.469,0.76165
4.2785,0.76961
4.4442,0.76174
4.4843,0.75673
4.6349,0.74792
4.3486,0.76524
4.2666,0.77035
5.0113,0.73502
4.4949,0.75959
4.478,0.7588
4.4093,0.76053
4.2087,0.77358
4.1856,0.77283
4.2089,0.77323
4.171,0.77462
4.2238,0.77234
4.3743,0.76283
4.344,0.76667
4.4222,0.76138
4.5522,0.75582
4.6284,0.75097
4.6384,0.75184
4.4712,0.7605
4.6638,0.74889
4.7003,0.74609
4.5878,0.75218
4.4989,0.75679
4.5712,0.75407
4.422,0.76254
4.5401,0.75625
4.4022,0.76373
4.7514,0.74372
4.4347,0.76052
4.3835,0.76276
4.4422,0.75874
4.2312,0.77142
4.4549,0.75832
4.0819,0.78039
4.2452,0.77199
4.3012,0.76808
4.0631,0.78187
4.5849,0.75477
4.4678,0.76228
4.5174,0.75801
4.3149,0.76905
4.4151,0.76343
4.2883,0.77018
4.3415,0.76732
4.5944,0.75328
4.4511,0.76247
4.4465,0.76252
4.4618,0.75914
4.403,0.76467
4.3995,0.76568
4.0971,0.77826
4.6244,0.75004
4.522,0.75625
4.3003,0.76742
4.4041,0.76057
4.0995,0.78014
4.1965,0.77417
4.3917,0.76335
4.2881,0.76835
4.2456,0.77115
4.1306,0.77861
4.4598,0.7588
4.6545,0.74889
5.0821,0.73015
4.7044,0.74627
4.7035,0.74692
4.4075,0.76083
4.375,0.76286
4.337,0.76522
4.7565,0.74375
4.4602,0.75771
4.6525,0.74891
4.4913,0.75576
4.2546,0.76857
4.5604,0.75071
4.2947,0.76651
4.5228,0.75354
4.545,0.75213
4.3522,0.76382
4.7638,0.742
4.53,0.75275
4.6138,0.748
4.2487,0.76841
4.6135,0.74786
4.7313,0.74448
4.463,0.76151
4.4823,0.76001
4.4144,0.76437
4.133,0.77666
4.5593,0.75576
4.7363,0.74576
4.265,0.76819
4.6121,0.75243
4.1375,0.77499
4.7487,0.74545
4.17,0.77452
4.1484,0.77495
4.2989,0.76955
4.4229,0.76245
4.1841,0.77264
4.3718,0.76063
4.3129,0.76654
4.7934,0.74486
4.2483,0.76929
4.1703,0.77376
4.6192,0.75139
4.688,0.74668
4.5237,0.75609
4.8065,0.74105
4.346,0.76055
4.639,0.7501
4.0928,0.77666
4.31,0.76351
4.1661,0.77346
4.4262,0.75997
4.6288,0.74956
4.3715,0.76285
4.582,0.75048
4.5273,0.75252
4.5442,0.75294
4.3959,0.76247
4.5759,0.75356
4.7221,0.74405
4.7954,0.74401
4.3844,0.76358
4.4671,0.75858
4.6578,0.74756
4.3662,0.76363
4.5031,0.75688
4.2262,0.77217
4.4277,0.76073
4.4876,0.75751
4.545,0.75498
4.2279,0.77297
4.2805,0.77052
4.0338,0.78118
4.8829,0.73948
4.4355,0.76003
4.2322,0.77247
4.5138,0.75489
4.2237,0.77169
4.0356,0.78579
4.2362,0.77112
4.156,0.77675
4.3308,0.76556
4.0184,0.78248
4.2725,0.76684
4.4073,0.75945
4.3494,0.76256
4.1653,0.77359
4.4051,0.75923
4.5247,0.75272
4.5727,0.75066
4.3732,0.76096
4.1232,0.77613
4.4564,0.7576
4.4254,0.75754
4.2286,0.76927
4.4776,0.75589
4.3192,0.76667
4.2372,0.76581
4.0075,0.77923
4.2315,0.76683
4.5015,0.75576
4.296,0.76362
4.7137,0.74492
4.5769,0.75273
4.3831,0.76183
4.5082,0.75343
4.2722,0.76959
4.1184,0.77908
4.0812,0.77858
4.4619,0.75573
4.2177,0.76974
4.1994,0.7695
4.4565,0.75606
4.6673,0.74477
4.4618,0.75569
4.4897,0.7545
4.1935,0.7711
4.3457,0.76252
3.9767,0.78593
4.0816,0.77999
4.0338,0.78291
4.1863,0.77551
4.5079,0.75531
4.5535,0.75358
4.2002,0.77135
4.3902,0.75977
4.5976,0.74834
4.0855,0.779
4.1213,0.77686
4.151,0.77513
4.0727,0.78004
4.1358,0.77528
4.6536,0.74897
4.6537,0.74856
4.1729,0.77267
4.4382,0.75994
4.7406,0.7435
4.4401,0.75725
4.4156,0.75901
4.251,0.76951
4.3478,0.76305
4.942,0.73364
4.5814,0.75228
4.7268,0.7432
4.8578,0.73622
4.4213,0.76088
5.2633,0.72013
4.4092,0.75878
3.8468,0.79256
4.2911,0.76578
4.4003,0.75854
4.2434,0.76786
4.7094,0.74418
4.4135,0.7597
4.8286,0.73786
4.0961,0.77685
4.2027,0.77021
4.3989,0.75834
4.2347,0.76743
4.8339,0.73643
4.7284,0.74258
4.6043,0.7497
4.5373,0.75528
4.2992,0.76781
4.5784,0.75006
4.6282,0.74766
4.3172,0.76538
4.397,0.75907
4.4227,0.75813
4.3881,0.75997
4.415,0.75857
4.4703,0.75534
4.3259,0.76476
4.4991,0.75569
4.5337,0.75272
4.4601,0.75647
4.5636,0.75237
4.391,0.75875
3.9484,0.78882
4.2326,0.76848
4.4117,0.75764
4.4969,0.75297
4.2404,0.76747
4.5491,0.75168
5.0562,0.72884
4.2699,0.76552
4.2847,0.76404
4.5113,0.75234
4.5362,0.75052
4.5735,0.7494
4.3187,0.76595
4.5985,0.74752
4.8157,0.73937
4.7831,0.74172
4.7901,0.74074
4.3895,0.75856
4.9044,0.73532
4.6984,0.7464
4.3371,0.76553
4.631,0.74987
4.3434,0.76594
4.2416,0.76634
4.5006,0.7548
4.4794,0.75484
4.6303,0.74674
4.6816,0.74425
5.1299,0.72557
4.6248,0.74622
4.4486,0.75635
4.6798,0.74616
4.4458,0.75697
4.3442,0.76052
4.4742,0.75333
4.8593,0.73656
4.6639,0.74384
4.1305,0.77575
4.4258,0.75867
4.4494,0.75789
4.588,0.74986
4.7323,0.74524
4.3213,0.7637
4.6491,0.74837
4.4771,0.75562
4.735,0.74319
4.5272,0.75155
4.5848,0.74866
4.4805,0.75528
4.6618,0.7451
4.3892,0.76187
4.7256,0.74256
4.6941,0.7444
4.7073,0.74463
4.728,0.74411
4.4957,0.75532
4.8033,0.73846
4.6336,0.74689
4.2643,0.76393
4.6131,0.74837
4.0056,0.78295
4.1926,0.76971
4.1972,0.77066
4.3618,0.76084
4.3899,0.75955
4.6227,0.74752
4.2198,0.77006
4.3026,0.76574
4.3057,0.76507
3.897,0.78915
4.2612,0.76632
4.3025,0.7653
4.6293,0.74607
4.3663,0.75881
4.4491,0.75394
4.3191,0.76134
4.3778,0.75906
4.4902,0.75378
4.5484,0.75019
4.3258,0.76199
4.3833,0.75817
4.5173,0.7508
4.542,0.74958
4.223,0.76655
4.1628,0.77262
4.5069,0.75624
4.2876,0.76596
4.368,0.75986
4.3437,0.7612
5.0339,0.73087
4.5281,0.74994
3.9392,0.78611
4.8904,0.73749
4.1547,0.77211
4.1303,0.77363
4.9503,0.73493
4.1075,0.77801
4.6007,0.7499
4.2956,0.76554
4.2592,0.76568
4.3217,0.7642
4.3422,0.76272
4.517,0.75206
4.2255,0.77052
4.0376,0.78105
4.2443,0.77015
4.5148,0.75601
3.9721,0.78374
4.2849,0.76568
4.2764,0.76564
4.3452,0.76168
4.2728,0.7663
4.703,0.74427
4.5548,0.75019
4.5694,0.74971
4.289,0.76377
4.3842,0.76184
4.3936,0.75927
4.5517,0.75021
4.4721,0.75446
4.5393,0.75255
4.564,0.75059
4.1472,0.77124
3.9585,0.78204
4.5996,0.74903
4.5832,0.75002
4.4083,0.76025
4.8061,0.73836
4.7637,0.73843
4.7921,0.73988
4.5911,0.7508
4.674,0.7458
3.9133,0.7884
4.1483,0.77252
4.1708,0.77093
4.0119,0.78066
3.8923,0.78806
4.1198,0.77326
3.9923,0.7801
3.9346,0.78638
3.8459,0.78993
3.981,0.78254
4.3453,0.76165
3.9759,0.78395
4.0008,0.78354
4.0473,0.77987
4.1305,0.77586
4.2541,0.76718
4.2705,0.76614
4.4479,0.75686
4.4963,0.75303
4.5226,0.75136
4.5937,0.74776
4.5599,0.75016
4.5986,0.7479
4.5227,0.75233
4.3483,0.76299
4.4018,0.76015
4.1837,0.7713
4.5183,0.7528
4.6436,0.74606
4.2425,0.76605
4.6683,0.74429
4.9065,0.73519
4.654,0.74683
4.5521,0.75148
4.491,0.75643
4.4834,0.75476
4.6674,0.74299
4.3983,0.75941
4.7559,0.73917
4.7939,0.73656
4.7663,0.73946
4.001,0.77826
4.5013,0.75432
4.2013,0.76611
4.0498,0.777
4.5025,0.75428
4.6383,0.74568
4.3138,0.76577
4.3991,0.76529
4.1642,0.77324
4.4293,0.75684
4.29,0.76347
4.054,0.77369
4.1455,0.77205
4.6518,0.74389
4.6173,0.74772
4.6934,0.74442
4.6623,0.74505
4.8817,0.73512
4.7959,0.73883
4.4068,0.75721
4.2659,0.76623
4.292,0.76477
4.1568,0.77284
4.2378,0.76797
4.2309,0.76819
4.2183,0.76871
4.5066,0.75147
4.4472,0.75484
4.469,0.75329
4.2712,0.76747
4.4003,0.75715
4.1082,0.7768
4.0917,0.77726
4.3234,0.76367
4.382,0.76296
4.0682,0.77956
4.2076,0.77088
4.3845,0.7605
4.1903,0.77129
4.3589,0.76074
4.3113,0.7638
4.2462,0.76696
4.2237,0.77066
4.4613,0.75355
4.2456,0.76559
4.2413,0.7666
3.951,0.7849
4.2543,0.76738
4.0513,0.77832
4.0841,0.7767
4.3197,0.76134
4.2536,0.76588
4.4063,0.75647
4.4097,0.75889
4.316,0.76537
4.3651,0.75872
4.5114,0.75153
4.6662,0.74282
4.3824,0.75895
4.4264,0.75577
4.237,0.76726
4.6123,0.74585
4.3331,0.7621
4.5453,0.74996
4.4727,0.75307
4.5267,0.75087
4.4107,0.75732
4.3655,0.75939
4.479,0.75252
4.4838,0.75238
4.6245,0.74388
4.3835,0.75543
4.3843,0.76021
4.5847,0.74801
4.8921,0.73134
4.6963,0.74196
4.7095,0.74111
4.391,0.75454
4.8502,0.73508
4.2401,0.7676
3.8579,0.78902
4.0505,0.77693
4.1392,0.77117
4.3412,0.76033
4.263,0.76388
4.5747,0.7479
4.1404,0.77355
4.649,0.74492
4.3516,0.76067
4.4848,0.75206
4.3922,0.75822
4.2077,0.76969
4.1864,0.76999
4.3581,0.75988
4.2006,0.76694
3.9583,0.78004
4.3498,0.75882
4.0328,0.77784
4.5568,0.74921
4.4497,0.75728
4.3989,0.75806
4.112,0.77383
4.3031,0.76453
4.3445,0.76277
4.3634,0.75952
4.2112,0.77017
4.4275,0.75617
4.3732,0.75888
4.2972,0.76459
4.4989,0.75366
4.4465,0.75443
4.6544,0.74628
4.1125,0.77487
4.3392,0.762
4.2852,0.76384
3.9565,0.78309
4.0661,0.77588
4.0495,0.77688
4.4014,0.7554
4.0504,0.77791
4.1194,0.7741
4.1111,0.77367
4.284,0.76397
4.5777,0.74748
4.4686,0.7551
4.3498,0.75998
4.7632,0.73757
4.0578,0.77743
4.2734,0.76271
4.072,0.77475
4.1891,0.76822
3.9299,0.7852
4.2841,0.76771
4.2807,0.76157
4.2573,0.76335
3.983,0.78029
4.3115,0.76378
4.0035,0.77696
4.1355,0.77165
4.7126,0.7417
3.9165,0.78494
4.142,0.77061
4.351,0.76088
3.9691,0.77964
4.1173,0.77472
4.0352,0.77543
3.799,0.79003
3.9183,0.78225
4.2821,0.76135
4.2579,0.76307
4.0878,0.77243
4.422,0.75634
4.4967,0.7523
4.2968,0.75815
4.3796,0.75744
4.097,0.77517
4.5654,0.74706
4.2297,0.76636
4.1882,0.76915
4.1302,0.77258
4.4818,0.75202
4.2899,0.76288
4.1083,0.77352
4.3319,0.7611
4.03,0.77388
4.4381,0.75524
4.4944,0.75189
4.1438,0.77187
3.8212,0.78877
3.9553,0.77896
4.3789,0.75655
3.8068,0.78917
4.0396,0.77249
4.5024,0.75109
4.3199,0.76142
4.1234,0.77251
4.1974,0.76849
4.3236,0.75935
4.0034,0.77363
4.0145,0.77351
3.8721,0.78291
4.2719,0.76148
4.0986,0.77358
4.4111,0.75463
4.4029,0.75449
4.2185,0.76134
4.0554,0.77221
3.9978,0.77735
4.1324,0.76929
4.2328,0.76361
4.0405,0.77562
4.1232,0.76839
4.1466,0.76856
4.0775,0.77167
4.2799,0.75982
4.2697,0.76054
4.2849,0.75908
4.1389,0.76539
4.2051,0.76175
4.2722,0.75848
4.1118,0.76799
4.2481,0.76222
4.0755,0.76945
4.06,0.76697
4.1139,0.76631
4.095,0.76771
4.0874,0.76793
4.1293,0.76362
4.0739,0.76889
4.1617,0.76461
3.8909,0.78019
3.9477,0.77445
4.067,0.77135
4.2725,0.75702
4.5,0.74635
4.2386,0.76001
4.3225,0.75394
4.3292,0.75444
4.5251,0.74348
4.3364,0.75232
4.4142,0.74953
4.2395,0.76051
4.4484,0.74728
3.8399,0.78175
4.179,0.75967
4.0098,0.77055
3.8778,0.77596
3.9282,0.77385
3.8396,0.77864
3.8898,0.77655
3.7522,0.78452
3.6916,0.78906
3.7998,0.78166
4.0549,0.76901
3.5959,0.79612
4.1926,0.75688
3.8397,0.77776
3.7709,0.78169
3.7878,0.78085
4.1663,0.75839
4.0889,0.76247
4.3574,0.74719
3.7248,0.7851
4.0652,0.75957
3.8844,0.77378
4.2716,0.75266
4.2778,0.75221
4.1237,0.76232
3.9016,0.77458
4.0716,0.76388
4.1207,0.76114
4.3706,0.74533
4.1171,0.76051
4.1294,0.75987
4.3161,0.75011
4.1451,0.76008
4.1236,0.75887
4.2409,0.7509
4.2659,0.74872
4.256,0.75142
4.1575,0.75754
4.1673,0.75659
4.2103,0.75334
3.965,0.76876
4.1766,0.75475
4.4291,0.7409
4.1029,0.75798
4.0693,0.76071
4.1024,0.75663
4.2489,0.74829
4.1725,0.75206
4.0594,0.75821
3.7683,0.77338
4.1823,0.75062
3.6268,0.78143
3.6167,0.78064
3.6584,0.77917
3.5695,0.78336
3.4654,0.79082
3.678,0.77404
3.4015,0.79406
3.923,0.76195
3.6003,0.77835
3.6359,0.77539
3.646,0.77527
4.1138,0.74755
3.7823,0.76836
3.3689,0.79254
3.4913,0.78365
3.442,0.78992
3.6862,0.77136
4.127,0.74458
3.5816,0.77706
3.8896,0.76059
3.7199,0.7665
4.3727,0.73054
3.8641,0.75468
4.2461,0.7368
3.9085,0.75849
3.9353,0.75688
4.1313,0.74381
3.7264,0.76822
3.5159,0.78346
3.692,0.77041
3.9449,0.75332
3.7165,0.76878
3.8286,0.75884
3.3782,0.78764
4.0436,0.74291
4.1523,0.73414
3.4986,0.78175
3.6003,0.76946
3.0565,0.80879
3.6257,0.76477
3.3479,0.78529
3.5845,0.77046
3.7024,0.7632
3.6162,0.76936
3.6646,0.76629
3.9999,0.74565
4.1191,0.74043
3.3766,0.78374
3.0194,0.80952
3.2108,0.7949
3.0483,0.80778
2.9717,0.81103
3.0469,0.80263
3.1153,0.80011
3.0918,0.80217
3.1334,0.80019
3.1325,0.80065
3.6967,0.7619
3.2057,0.79167
2.9958,0.80444
3.4396,0.7722
3.3789,0.7766
3.3806,0.77832
3.3712,0.77738
3.4161,0.7727
3.471,0.7707
3.1012,0.79816
3.2732,0.78353
3.3328,0.7789
3.2525,0.78524
3.1455,0.79348
3.2154,0.78798
2.9761,0.80969
3.6316,0.75958
3.9258,0.74133
3.6855,0.75595
3.3557,0.77885
3.4271,0.77169
3.5391,0.76295
3.0543,0.79625
3.4315,0.77015
3.6745,0.74828
3.3888,0.76979
3.8335,0.73862
3.2644,0.77787
3.651,0.75148
3.424,0.76706
3.6063,0.75327
3.7073,0.74528
3.5232,0.75927
4.6581,0.69457
3.2978,0.77352
3.3712,0.76485
3.3909,0.75872
3.332,0.76817
3.3178,0.76747
2.9087,0.79594
3.0999,0.78344
3.0743,0.78625
2.9602,0.79184
3.352,0.76527
3.0652,0.7852
2.9819,0.7879
3.0486,0.78133
3.3173,0.7638
3.4648,0.75392
3.1684,0.77204
3.8656,0.72871
3.2772,0.77013
2.9081,0.7994
3.0827,0.77665
3.1791,0.77061
3.0213,0.78502
2.9984,0.78622
3.2334,0.76657
3.0287,0.78187
3.1966,0.76772
3.599,0.74226
3.0079,0.7832
3.7231,0.73048
3.2706,0.76285
3.2819,0.76091
2.8559,0.79882
3.0313,0.78112
3.1565,0.77156
3.5616,0.74231
2.9236,0.78968
4.1554,0.70182
3.7418,0.72835
3.3437,0.75572
3.7078,0.73024
3.2563,0.76399
3.248,0.76413
3.5051,0.74403
3.3409,0.75236
3.1966,0.76457
3.2519,0.75879
2.7438,0.79516
3.1062,0.76608
3.4308,0.74695
3.3861,0.74967
4.1905,0.70216
3.9112,0.7207
4.0399,0.70947
2.8837,0.7806
3.5134,0.73838
2.7414,0.79665
4.7911,0.66689
4.2307,0.69896
2.4776,0.81123
4.0592,0.70954
4.4867,0.68358
4.433,0.6865
4.5094,0.68383
5.3142,0.63931
4.0163,0.71186
3.747,0.72869
3.8234,0.72242
3.7435,0.72643
3.7045,0.73045
4.0647,0.70591
4.1462,0.70272
3.8592,0.71886
4.1663,0.69957
2.1776,0.84791
4.4223,0.68057
4.5901,0.67224
3.7589,0.72086
4.4175,0.68379
3.514,0.73509
4.9738,0.6515
3.6181,0.72611
5.0038,0.64768
4.5043,0.67514
4.0865,0.69311
3.8912,0.70093
3.4522,0.73055
4.3573,0.67163
3.6432,0.72216
4.9039,0.65039
5.0326,0.6455
5.3658,0.62803
5.5913,0.61664
4.5726,0.66958
3.5439,0.72827
4.8068,0.65637
3.6761,0.71702
4.2254,0.68512
4.2339,0.68626
3.2202,0.74318
5.2656,0.63416
4.345,0.67899
2.6763,0.78843
2.734,0.78265
4.4037,0.67257
5.184,0.62942
2.6408,0.79231
4.4052,0.66931
3.9786,0.69504
3.8123,0.70645
4.0271,0.6913
2.4291,0.81171
4.286,0.68065
4.6315,0.65796
4.8177,0.64714
4.7544,0.64991
5.294,0.61876
2.645,0.78668
2.8097,0.77182
2.5267,0.80087
2.639,0.78999
4.82,0.64769
5.1445,0.62844
3.5977,0.71199
4.7264,0.64861
4.6987,0.64789
4.4316,0.66497
4.2363,0.6788
3.9852,0.69377
4.2751,0.6758
3.4097,0.7309
4.4526,0.66284
4.2797,0.67066
3.6306,0.70374
4.5996,0.64832
2.814,0.76181
2.4365,0.79826
2.6134,0.78021
2.3853,0.80529
2.5179,0.79011
3.2688,0.73486
2.6134,0.78092
4.9573,0.62959
4.6588,0.64095
4.8254,0.63272
4.2171,0.6699
4.7091,0.63742
4.479,0.64402
3.1997,0.71565
3.104,0.72588
4.8818,0.62739
4.9152,0.63108
4.6016,0.6407
6.7354,0.5579
3.5291,0.69216
3.3362,0.70135
5.0742,0.61472
6.1812,0.56894
4.3373,0.64847
5.1405,0.61694
5.2361,0.61203
5.0503,0.62394
5.0995,0.62069
5.0339,0.62771
3.6677,0.69822
4.8577,0.63238
5.4693,0.59908
5.9442,0.57399
4.9449,0.62498
5.0263,0.61987
2.6748,0.76578
4.28,0.65567
4.8876,0.62571
5.3514,0.60394
2.5929,0.77252
4.7401,0.63528
5.4397,0.59714
6.2286,0.57096
5.2156,0.60817
2.5819,0.77337
2.6294,0.76585
3.0319,0.74
3.1726,0.72834
4.8642,0.62516
4.9617,0.62153
5.0518,0.61402
5.2446,0.60375
3.9223,0.67291
5.2311,0.60424
5.1291,0.61009
5.0964,0.61035
5.3846,0.59633
5.1119,0.6116
5.0892,0.61206
4.1335,0.66025
4.9316,0.61913
5.2808,0.60184
4.7231,0.62515
5.6443,0.58336
5.1933,0.60676
5.5261,0.58784
5.8134,0.58203
5.1771,0.60597
6.1392,0.56732
5.5474,0.59338
5.5127,0.59323
6.051,0.56736
5.3553,0.59503
5.2946,0.59892
7.0851,0.53339
6.4529,0.55795
6.5402,0.55526
5.5008,0.59748
5.0748,0.60949
6.2846,0.56404
6.4472,0.55618
5.3838,0.5933
5.738,0.57779
4.713,0.62983
4.9684,0.60726
3.9504,0.65694
3.4484,0.68713
3.1572,0.70676
3.4999,0.68272
3.3711,0.69088
6.0934,0.56153
3.2256,0.70117
4.7115,0.6255
4.6691,0.62771
4.6706,0.62393
7.3025,0.52505
5.2352,0.60534
6.0161,0.57055
6.0027,0.57084
6.3072,0.55661
6.1463,0.55857
5.3503,0.5999
4.5283,0.62874
2.6589,0.7586
3.2993,0.6965
5.1327,0.60843
3.7285,0.68194
4.8938,0.62144
2.9454,0.71984
6.1836,0.5627
5.0379,0.6081
6.3067,0.55779
5.2895,0.59488
5.8637,0.57542
5.8338,0.57558
5.2942,0.60333
5.7761,0.57839
6.3914,0.55189
5.2735,0.60593
5.892,0.57541
5.827,0.58411
4.9025,0.62317
5.3561,0.60457
5.1922,0.61215
6.0825,0.56005
2.7963,0.75206
2.8047,0.75253
2.4501,0.78719
5.7238,0.58739
5.9924,0.57559
2.4476,0.78993
4.1117,0.66622
5.2527,0.60477
5.8526,0.57214
5.5078,0.58771
4.9625,0.614
3.8681,0.67244
5.4337,0.59616
5.1608,0.60553
4.8601,0.62075
4.6673,0.63087
4.4749,0.64402
5.3747,0.60337
4.4704,0.64382
5.6381,0.58511
4.8585,0.62394
5.3074,0.60102
3.8374,0.67765
5.0651,0.61061
5.0134,0.61298
4.529,0.63883
5.3319,0.59166
4.986,0.61708
4.916,0.62155
5.412,0.59969
3.9827,0.66768
5.0437,0.60843
4.6956,0.62774
5.7862,0.58079
4.7746,0.62208
2.7655,0.74771
2.5291,0.77432
2.5786,0.77286
5.3353,0.60269
4.3938,0.64904
3.5131,0.70128
5.0018,0.61823
4.3782,0.65021
5.672,0.58571
5.5599,0.58906
3.8024,0.67914
5.7569,0.58736
4.956,0.61838
3.5405,0.69338
5.0671,0.60774
3.5501,0.69843
5.1705,0.60836
4.8746,0.6185
4.8871,0.61233
4.485,0.64176
5.6575,0.58888
5.0226,0.61934
6.0921,0.5691
5.677,0.58753
5.191,0.60881
5.7594,0.57576
5.7229,0.58341
5.398,0.5978
2.6321,0.76789
4.5161,0.64381
4.6317,0.63172
5.5616,0.59461
2.683,0.75765
2.6258,0.76611
2.4316,0.78515
2.9136,0.73945
2.5951,0.76948
2.5173,0.77671
2.6354,0.76505
2.3912,0.78813
2.5983,0.76966
2.6745,0.76467
2.4142,0.78359
5.3628,0.5965
2.6814,0.74234
5.9615,0.56248
5.4049,0.58873
6.1283,0.56101
3.483,0.69903
5.1472,0.60232
5.371,0.5891
5.1979,0.59936
5.6609,0.57528
4.963,0.61207
4.98,0.61009
5.1211,0.60333
6.0777,0.56175
6.0873,0.56358
5.5042,0.58554
5.5762,0.58208
5.7189,0.57986
5.5146,0.58471
5.0753,0.60901
5.7625,0.57892
5.6765,0.58002
5.523,0.58645
5.5231,0.5916
5.3134,0.59653
4.962,0.60909
4.9268,0.61636
5.876,0.56993
5.7478,0.57216
6.0603,0.56362
5.6444,0.58498
5.6682,0.58566
6.033,0.55778
4.2883,0.64806
2.324,0.7854
4.6888,0.61877
4.4378,0.63888
6.4063,0.5492
5.8695,0.5756
5.1015,0.60019
5.2555,0.60037
5.6723,0.5824
5.2687,0.602
5.0231,0.61216
5.4199,0.59226
3.7621,0.67985
4.7589,0.62714
4.1432,0.65517
5.8913,0.57082
3.1993,0.71015
5.9647,0.57077
5.8894,0.57541
3.7213,0.68582
5.4977,0.59413
5.7746,0.57502
5.9492,0.56875
5.8189,0.57303
5.8507,0.57486
5.5074,0.58401
5.5587,0.58696
5.9304,0.57178
5.7107,0.57608
5.9344,0.56623
5.5066,0.58439
4.4877,0.63394
4.9323,0.61436
4.4127,0.64056
5.2207,0.60108
5.3522,0.59694
4.8898,0.62155
4.6159,0.63257
5.0093,0.6107
4.8897,0.61803
4.8157,0.60762
7.132,0.52311
5.4155,0.58201
3.5361,0.67722
3.2974,0.68523
6.1816,0.55958
6.5987,0.54337
3.9059,0.65081
4.218,0.63033
6.6722,0.53696
6.4193,0.55157
5.7473,0.57833
3.7439,0.68087
3.8886,0.67129
3.4337,0.69816
3.671,0.67876
3.2622,0.71086
3.4675,0.69652
3.6227,0.68568
3.3695,0.70439
3.3175,0.70221
3.4237,0.69907
3.3078,0.70543
5.1246,0.60747
2.6318,0.75104
3.1726,0.71417
4.5172,0.62097
3.0524,0.71203
6.5796,0.53809
6.1167,0.55537
4.7358,0.61158
4.5953,0.61636
5.5764,0.58391
5.9212,0.56435
5.2915,0.59261
4.2656,0.63674
3.7162,0.67714
3.4465,0.69496
6.4831,0.54999
4.0395,0.64711
3.932,0.64622
4.2586,0.63831
5.7299,0.57029
4.3317,0.63496
5.9723,0.56122
6.1041,0.55639
7.0935,0.52352
5.2922,0.59808
5.8296,0.5692
5.2653,0.5898
2.3639,0.78713
2.4316,0.77762
5.673,0.58074
2.4403,0.78051
5.2848,0.60149
2.4284,0.778
5.2487,0.59802
5.3677,0.59221
2.714,0.74869
4.966,0.60904
2.3732,0.78354
2.6284,0.75831
2.7772,0.74551
2.5022,0.7753
2.4229,0.77824
2.2887,0.79054
5.2697,0.59164
5.6666,0.57516
4.9603,0.60936
5.5382,0.5843
2.4265,0.7787
2.8997,0.73344
2.9302,0.72896
3.0061,0.72768
6.3982,0.54425
2.4193,0.77749
3.0775,0.70084
2.4568,0.77256
3.7255,0.68007
2.4407,0.77432
4.7216,0.61417
4.5125,0.63331
2.9901,0.72777
4.6768,0.62059
5.3782,0.59754
5.1576,0.5916
4.4983,0.62186
4.7903,0.61966
5.536,0.58561
4.5458,0.62871
4.8257,0.60762
4.5607,0.62568
5.1059,0.60625
5.7732,0.57367
5.7484,0.57894
5.3916,0.59507
4.8416,0.62101
4.861,0.61085
4.9946,0.59972
4.8771,0.60875
5.0435,0.60104
5.4167,0.59234
5.8252,0.57298
4.8194,0.61482
6.1373,0.55913
5.5687,0.58616
5.3001,0.58865
5.2573,0.59376
3.1599,0.71278
5.7797,0.57334
5.1796,0.60169
5.5112,0.58475
5.5203,0.58558
5.613,0.58169
6.0375,0.56056
5.4765,0.58526
5.9125,0.56612
5.3585,0.59187
4.7719,0.61672
5.4944,0.58538
5.4723,0.58972
5.4026,0.5794
5.7617,0.57559
6.5333,0.53929
6.0925,0.56
2.2726,0.79458
5.6134,0.58266
2.2799,0.79642
5.6628,0.58004
5.6349,0.57895
5.4031,0.58877
5.6228,0.57661
5.1591,0.59588
4.9204,0.60844
5.2928,0.59029
5.6702,0.5747
4.9941,0.60791
5.2185,0.59783
5.1764,0.60106
3.276,0.71311
4.2386,0.64793
4.5638,0.62919
5.0013,0.60775
5.2814,0.59288
5.0953,0.59631
5.1429,0.59343
4.9875,0.59835
4.6153,0.61858
5.9368,0.56551
5.0606,0.59633
5.6174,0.57718
5.1884,0.59355
5.0608,0.5975
5.405,0.57832
4.5972,0.62033
4.0287,0.65311
5.7633,0.57662
5.7795,0.57423
5.2941,0.59012
5.8316,0.56783
5.2575,0.58736
5.4412,0.58252
5.5014,0.5779
5.7035,0.57543
6.0464,0.55862
5.4776,0.58355
5.7085,0.57412
5.5564,0.58059
5.3782,0.58349
5.3866,0.58194
5.4122,0.58086
5.8646,0.56434
2.8257,0.73709
5.8994,0.56302
6.0772,0.55684
5.5243,0.58283
5.2003,0.59676
5.1453,0.59766
6.1784,0.55457
5.6545,0.58004
5.1052,0.59988
5.2414,0.58673
5.124,0.58924
5.0111,0.59826
4.9579,0.60071
4.7638,0.61187
5.3589,0.58013
5.5733,0.58051
6.3565,0.54567
5.0497,0.59461
4.7969,0.6093
4.8875,0.60464
5.1164,0.60215
5.7531,0.57398
5.3825,0.59112
5.3224,0.59371
5.2643,0.59483
5.7931,0.57366
3.2407,0.70781
3.2885,0.701
5.649,0.57433
6.0961,0.55828
4.8033,0.61844
5.3644,0.5884
3.9999,0.65644
6.2872,0.5509
3.449,0.68503
5.2493,0.59835
5.2436,0.59334
4.7121,0.62089
5.6762,0.57501
5.997,0.5598
5.3313,0.59072
5.4221,0.58757
4.7386,0.61657
5.3748,0.59248
5.0195,0.6018
6.3961,0.545
6.3922,0.54658
5.9673,0.56393
4.7081,0.61869
4.3395,0.64218
6.5241,0.54276
2.833,0.7371
5.8843,0.56404
6.2186,0.54939
6.3382,0.54423
5.6635,0.57324
3.6385,0.6803
3.1562,0.71793
3.4438,0.69852
4.9627,0.61279
5.6476,0.58146
3.4664,0.69289
5.1249,0.59919
5.7232,0.57151
5.3972,0.58411
5.3881,0.58634
5.0977,0.59745
5.0862,0.60401
5.2734,0.59847
5.5218,0.58541
4.9729,0.61121
5.5474,0.58298
5.3711,0.59111
5.2963,0.59474
5.8219,0.56876
4.7899,0.61879
5.6435,0.57706
5.7574,0.57147
5.5272,0.58218
4.7098,0.62295
5.2176,0.58914
5.4465,0.57846
5.6961,0.56683
6.4385,0.5401
6.4172,0.54189
5.9507,0.54997
6.517,0.53888
5.8771,0.5557
2.6678,0.74851
4.9179,0.60353
5.1404,0.59487
4.8399,0.60923
4.6652,0.62396
4.7125,0.61603
4.5975,0.62212
4.3389,0.63618
4.6429,0.61675
6.2001,0.54834
6.2026,0.55036
5.89,0.56636
5.8365,0.56882
5.4014,0.58717
5.7719,0.57197
5.2536,0.59139
5.4025,0.57888
5.802,0.55968
5.0832,0.59858
2.3429,0.78043
5.8924,0.56347
5.5363,0.58063
4.8876,0.61092
4.8683,0.61132
5.17,0.59811
4.6075,0.62259
4.9877,0.60098
4.8434,0.61037
5.5382,0.57402
5.8565,0.56518
5.1055,0.59843
5.7833,0.5636
5.9069,0.56277
5.589,0.57359
5.6942,0.57271
6.1557,0.54923
5.5179,0.57449
5.7842,0.56407
6.4918,0.53504
4.7192,0.61295
4.8448,0.60246
4.1381,0.64
5.9123,0.56188
6.5415,0.53781
5.8838,0.56698
6.3197,0.5454
5.8332,0.56804
5.5448,0.58038
5.7586,0.57331
6.4339,0.54399
6.3637,0.54645
6.4275,0.54465
4.5001,0.63283
4.5508,0.62907
4.603,0.62386
4.7005,0.61886
4.7465,0.61919
5.743,0.57287
5.7741,0.57147
5.8298,0.56671
5.5664,0.57582
5.3155,0.59144
5.4912,0.58318
5.4346,0.58797
4.8118,0.6137
5.1649,0.59571
5.3384,0.58798
5.3382,0.58534
5.039,0.60124
5.3845,0.5872
3.6723,0.67299
5.8693,0.56536
5.5921,0.57406
5.0172,0.59851
5.3611,0.57695
5.4279,0.58133
5.1008,0.60194
5.4745,0.5825
5.3562,0.59024
5.5562,0.58154
5.5997,0.57983
5.4505,0.58613
4.25,0.64562
5.5279,0.57917
5.1358,0.59873
5.5648,0.57998
3.0782,0.72047
5.2429,0.59336
6.685,0.53145
5.2938,0.59244
5.1034,0.59668
5.1632,0.5964
5.2672,0.59262
5.7809,0.57056
4.6118,0.6192
4.8987,0.60899
6.2206,0.55242
5.3893,0.58344
6.0256,0.5608
6.5235,0.53589
4.6101,0.62021
4.962,0.60334
5.1969,0.5898
3.3898,0.69136
5.6286,0.57247
3.4121,0.6915
5.2013,0.59496
5.2517,0.59144
5.4117,0.58444
5.4324,0.58416
5.2793,0.59138
5.3146,0.58481
5.2278,0.5908
4.7638,0.61253
2.3548,0.77506
5.205,0.58696
5.4026,0.57775
4.4631,0.62572
5.4714,0.58001
2.6294,0.75245
5.0479,0.60283
3.2689,0.70465
5.5092,0.57777
5.2814,0.58717
5.7181,0.57161
2.7989,0.74147
2.695,0.74051
5.3143,0.58868
5.1353,0.59395
4.5514,0.61995
4.9546,0.59296
3.4705,0.6809
6.183,0.55312
4.9404,0.59511
5.0754,0.59684
5.1274,0.59285
5.5815,0.57445
6.305,0.54809
5.6785,0.5668
5.1057,0.59109
4.7565,0.61268
5.5868,0.57229
5.5646,0.5729
4.904,0.60481
5.2515,0.5764
5.6502,0.57106
5.3946,0.58873
5.5473,0.57475
5.2402,0.5898
5.1039,0.59778
5.6651,0.57126
5.0857,0.60025
5.3883,0.58207
5.6367,0.57182
3.2267,0.69974
5.1084,0.59415
5.5092,0.57996
5.5361,0.58231
5.2651,0.59066
5.8551,0.56459
4.1889,0.64273
5.2328,0.59128
5.4366,0.57948
5.079,0.59784
5.9026,0.56048
4.3782,0.6324
2.4127,0.77399
4.0722,0.6524
4.775,0.6115
4.8484,0.60717
4.0735,0.6523
3.5984,0.67468
5.1657,0.59868
5.6044,0.57393
5.4249,0.58187
4.8726,0.60839
5.1166,0.5956
5.4253,0.58419
5.5845,0.57382
5.1941,0.59258
5.5876,0.57281
5.6902,0.56785
5.5253,0.57908
2.306,0.78117
4.6991,0.60873
2.9612,0.71378
4.6967,0.60367
5.325,0.58876
4.9089,0.60281
4.1427,0.63652
4.4719,0.61564
4.0842,0.6434
6.1374,0.55292
3.8566,0.66588
5.927,0.56076
3.6767,0.67256
3.1637,0.71155
5.3221,0.58605
5.4571,0.58211
5.1549,0.59267
4.9868,0.60003
5.4375,0.57642
4.7804,0.60878
5.4399,0.58149
5.2402,0.58441
5.2227,0.5925
4.8844,0.60429
5.3413,0.58517
3.402,0.68745
4.9132,0.5983
3.5806,0.67389
2.3574,0.77209
5.5436,0.58181
4.1775,0.63846
4.1466,0.64165
4.2457,0.63441
6.21,0.53701
5.4795,0.57582
5.953,0.55663
4.1153,0.64833
4.6438,0.61507
4.5404,0.62037
4.3716,0.62763
3.3229,0.69238
5.7099,0.57151
4.7526,0.61329
5.0113,0.60045
5.9052,0.56356
4.9389,0.60496
3.4627,0.694
4.0033,0.65255
5.6664,0.57448
3.6773,0.6674
3.8513,0.65021
6.1143,0.55166
5.4408,0.58192
5.2067,0.59409
5.5343,0.57637
5.9261,0.5584
5.9522,0.5575
5.5216,0.57458
5.4185,0.57055
5.6948,0.56518
5.5921,0.56962
5.3139,0.57565
5.6178,0.56235
3.0668,0.71359
5.7283,0.5658
5.9989,0.55135
5.8253,0.55999
5.6926,0.56488
5.7872,0.55597
5.0897,0.58203
5.7892,0.56388
5.1878,0.57624
5.9604,0.55105
4.343,0.62159
2.1868,0.79879
2.3683,0.77768
2.338,0.78241
2.5826,0.75598
2.5522,0.7587
2.7099,0.74245
2.4056,0.77248
2.4966,0.76272
2.646,0.74829
2.6153,0.75106
2.7154,0.74192
3.6375,0.67407
3.7112,0.66671
5.3923,0.5698
6.4101,0.53411
5.0317,0.5997
5.7561,0.56469
4.9479,0.60138
5.9111,0.55536
5.1742,0.59012
4.9624,0.59823
5.1196,0.59229
5.34,0.5851
3.6274,0.66086
3.5121,0.66938
4.7623,0.61391
4.1621,0.62572
3.2699,0.69725
5.9941,0.55822
5.8874,0.56115
5.1975,0.5834
5.9633,0.55935
5.952,0.55862
5.6976,0.5728
5.916,0.56195
5.1822,0.5916
2.8778,0.72979
4.2145,0.63751
4.9685,0.59979
3.5458,0.67387
4.0985,0.64386
4.4067,0.62306
5.1274,0.58577
4.4685,0.62056
5.5756,0.57001
5.1877,0.5837
4.7757,0.6021
5.7296,0.56473
5.7846,0.56149
5.7068,0.56238
5.8181,0.56271
5.9916,0.55646
6.0403,0.55589
5.8052,0.5634
3.4737,0.69027
5.8093,0.56821
5.0266,0.59769
5.177,0.59041
4.9781,0.59928
3.2152,0.69701
4.1742,0.62822
3.9784,0.65064
5.1141,0.58812
5.5149,0.57145
5.0925,0.59137
5.3048,0.57604
5.3915,0.581
3.493,0.68413
3.551,0.68464
3.4781,0.68979
3.7887,0.66737
5.3246,0.58539
5.6689,0.5729
3.0049,0.72216
2.4738,0.76758
4.8316,0.60827
6.1457,0.55031
5.4464,0.57857
5.8436,0.56637
6.2155,0.54881
5.0558,0.59856
3.2682,0.69928
5.0071,0.60428
4.9034,0.60434
6.2149,0.54961
5.9009,0.56
5.2197,0.58927
5.8228,0.55927
5.8999,0.56119
2.3696,0.7713
5.9329,0.56115
5.8916,0.56226
6.3086,0.54052
5.6022,0.57472
6.1114,0.55462
5.4845,0.57205
6.3822,0.53774
5.482,0.57836
5.8032,0.56665
5.7602,0.56492
6.5478,0.53242
4.2472,0.62169
6.5269,0.53349
6.8788,0.52147
6.3574,0.54283
7.0225,0.51998
5.4868,0.58357
4.7883,0.61734
5.0677,0.60189
3.3565,0.70241
5.1482,0.59557
5.5321,0.57684
5.6979,0.57256
5.6689,0.57344
5.765,0.5682
5.7182,0.57079
5.9424,0.56149
5.1694,0.59499
5.2476,0.5903
4.8421,0.61174
5.3727,0.58394
4.7704,0.61732
4.8802,0.60993
4.9775,0.60287
4.7549,0.61632
5.3555,0.58569
5.4786,0.58063
5.4536,0.58213
5.3316,0.58837
5.0815,0.59989
5.0911,0.60088
6.0617,0.55973
4.2028,0.64994
3.3029,0.69603
5.7007,0.57338
6.1577,0.55436
3.854,0.6666
3.6121,0.67507
5.2231,0.59755
6.5368,0.54043
5.8342,0.56816
6.3009,0.54758
5.5489,0.5809
4.6939,0.61852
5.6171,0.57371
5.1719,0.59454
4.1542,0.64575
4.5976,0.62688
5.629,0.57328
4.7661,0.61697
5.0029,0.60544
4.8888,0.60822
5.5353,0.58067
4.9911,0.60385
4.5775,0.62516
3.3353,0.70598
3.5891,0.68746
3.7281,0.67577
3.589,0.68717
2.2463,0.79626
2.3588,0.784
3.9682,0.66273
3.7477,0.67522
3.8456,0.67181
5.3853,0.59258
3.1063,0.7211
3.6945,0.67962
4.3934,0.63664
4.4919,0.63083
5.5776,0.57993
5.3815,0.59397
4.9046,0.61116
5.1059,0.59996
5.1944,0.59518
5.3219,0.58822
5.2561,0.59181
5.2465,0.5963
5.0937,0.60375
5.4177,0.58636
5.3783,0.59138
5.5552,0.58531
5.1566,0.59939
5.1104,0.59844
4.7233,0.61627
5.3554,0.59436
2.7727,0.74406
3.1848,0.71951
4.8918,0.61245
3.0528,0.72487
3.3716,0.70452
3.0539,0.72536
4.7857,0.62045
5.4573,0.58893
4.6649,0.62673
4.9511,0.61641
3.8578,0.67128
5.2634,0.59651
5.5071,0.58356
4.5023,0.63397
3.4767,0.6956
4.8996,0.61433
3.458,0.6975
3.3059,0.70766
4.4843,0.6333
3.529,0.69615
3.2596,0.71127
4.4917,0.63007
4.6472,0.62849
2.9689,0.73033
4.9435,0.6125
4.6617,0.62406
5.1262,0.6037
5.254,0.58981
4.6614,0.62164
5.5373,0.57547
5.8564,0.57337
5.2575,0.59964
6.1295,0.5621
5.502,0.58986
5.9775,0.56886
6.0345,0.56459
6.1128,0.55987
5.6345,0.58129
5.3622,0.592
4.928,0.6073
5.1403,0.60718
5.696,0.58099
5.8145,0.57721
4.9549,0.61099
4.9709,0.61877
5.0625,0.60638
5.0468,0.61376
5.2745,0.59768
5.2927,0.6014
5.9924,0.56782
5.875,0.57267
5.3646,0.60169
5.908,0.57738
5.9943,0.57161
3.249,0.71685
4.6778,0.61822
5.7033,0.57497
5.0869,0.59918
5.6828,0.57391
4.3785,0.63087
5.9013,0.56353
5.6847,0.57744
5.3306,0.59438
5.5082,0.58786
5.2237,0.60021
5.9753,0.57217
4.2955,0.64938
5.3497,0.59681
2.375,0.78903
4.9151,0.61879
2.4588,0.7803
5.0545,0.61161
5.2056,0.60658
5.1677,0.60785
4.5016,0.64117
5.8965,0.57315
5.3651,0.59939
5.1836,0.60601
3.8061,0.66639
5.7057,0.58704
5.4775,0.59352
4.9529,0.61559
4.6252,0.63858
5.0257,0.61449
5.24,0.60549
5.2139,0.60746
5.0296,0.6156
4.8764,0.61967
4.8747,0.61727
4.4233,0.64639
4.7631,0.62702
4.9872,0.6197
4.8359,0.62185
5.4431,0.6008
4.3615,0.6481
4.9394,0.62445
4.82,0.62875
5.0095,0.62255
5.1737,0.61233
5.0438,0.61817
4.8578,0.62453
4.2622,0.65695
4.7757,0.62822
4.5868,0.64467
4.285,0.66034
5.0871,0.61758
4.7932,0.63235
5.3986,0.60103
4.6954,0.63368
4.2917,0.65562
4.3257,0.65349
4.9572,0.62001
4.5307,0.64117
3.0103,0.73878
4.3568,0.64121
5.8317,0.58183
4.7931,0.62964
4.2213,0.65243
2.0031,0.83166
5.0164,0.61715
4.9381,0.62041
3.7558,0.68356
3.9749,0.66821
4.2721,0.65538
4.1619,0.65837
5.1817,0.6134
4.5013,0.64613
4.8464,0.62743
4.7219,0.63521
4.7198,0.63474
4.854,0.62918
5.041,0.6207
6.0275,0.57876
5.3238,0.61206
4.9846,0.62482
4.8997,0.62528
4.8489,0.63161
4.7763,0.63375
2.193,0.81756
2.416,0.79635
2.0652,0.83362
1.8837,0.84777
4.6727,0.64066
4.5974,0.64356
4.6393,0.6451
2.3688,0.79791
2.1269,0.81968
4.3302,0.65744
4.874,0.63221
4.5483,0.64643
4.0825,0.66528
4.0041,0.66952
3.5737,0.70732
3.4734,0.71397
4.9527,0.63432
5.5426,0.60054
3.8226,0.68989
3.663,0.69905
2.831,0.75644
3.7096,0.69405
5.6998,0.59504
3.1747,0.73413
5.0738,0.62985
5.9115,0.58783
5.0562,0.62627
5.5538,0.60637
2.3811,0.79895
4.6691,0.64881
2.4689,0.79623
5.4764,0.60903
4.7419,0.64486
5.0879,0.62629
5.2429,0.62258
5.6478,0.60277
4.6039,0.6517
5.6713,0.59634
5.1188,0.624
5.32,0.61709
5.5156,0.60431
4.8274,0.64424
4.345,0.66162
4.9466,0.6374
4.9512,0.63707
5.2116,0.61901
5.3118,0.61778
4.7762,0.64242
4.8784,0.6409
4.4612,0.65547
4.7867,0.63717
4.8818,0.63054
5.1869,0.62924
5.0569,0.6316
2.3158,0.81458
4.8068,0.64239
4.9849,0.63213
4.6607,0.64839
2.5575,0.78526
5.4851,0.61042
2.4602,0.79716
2.2114,0.82442
2.3051,0.81384
2.3472,0.81173
2.2827,0.81426
2.2794,0.81683
4.5478,0.65736
2.5077,0.79294
5.0817,0.63088
2.3276,0.81267
2.3715,0.80662
2.2843,0.81934
2.605,0.77263
3.303,0.72466
4.9386,0.63191
5.3447,0.61774
4.5931,0.64892
4.6736,0.64356
2.8457,0.75693
3.8841,0.68019
4.7107,0.65393
2.6121,0.79125
4.5087,0.65998
4.8564,0.64437
2.3731,0.80178
5.0932,0.62308
5.4531,0.61453
4.7289,0.6438
5.2414,0.61711
4.4655,0.66202
4.6221,0.65485
4.5541,0.65977
4.3747,0.66603
4.3344,0.67104
4.9095,0.64063
4.7487,0.64791
2.5644,0.79087
3,0.75823
5.1553,0.63043
5.2466,0.6252
4.8022,0.65379
5.0277,0.63989
3.0245,0.75973
4.8845,0.64526
4.983,0.63864
4.7174,0.64892
3.643,0.70807
3.0599,0.75083
3.094,0.74347
2.7473,0.77319
2.8999,0.76618
2.8448,0.7663
4.2948,0.66943
2.6293,0.7847
3.7176,0.70748
2.8729,0.7629
3.0883,0.74587
4.2316,0.66805
4.2424,0.66958
4.349,0.6676
4.7028,0.65401
5.0361,0.63799
4.9244,0.63863
4.6846,0.65428
5.1518,0.63139
4.4753,0.66021
4.49,0.66116
4.2717,0.67022
4.6077,0.65667
3.6577,0.71138
3.6567,0.71259
5.6843,0.61199
5.0007,0.63808
3.4656,0.72811
3.1668,0.75008
2.8765,0.77492
4.8574,0.6474
3.2285,0.74431
3.2749,0.73887
3.2167,0.74327
3.0566,0.75874
3.3056,0.74047
3.1987,0.74932
2.1133,0.84472
3.9112,0.69371
4.8448,0.64661
4.7012,0.65452
5.0418,0.64112
5.3829,0.62368
3.8953,0.6933
5.4527,0.62332
4.9206,0.64234
4.2378,0.67822
4.538,0.66189
4.5222,0.66317
4.3021,0.67658
6.0198,0.59678
2.7565,0.77613
3.7583,0.71259
5.2022,0.63717
3.2284,0.74364
3.6342,0.71982
3.2911,0.7399
3.0549,0.75761
3.9723,0.69578
4.2881,0.67731
4.3733,0.67122
2.2253,0.82625
5.027,0.63502
3.1009,0.74211
4.6465,0.65811
4.2999,0.67801
2.0424,0.8516
5.0736,0.64594
4.5065,0.66734
4.0273,0.69242
3.3878,0.73004
4.1986,0.68001
3.844,0.69759
2.3509,0.8119
4.1557,0.68147
5.6426,0.61159
6.442,0.58112
3.732,0.70819
3.6743,0.71244
4.8349,0.64907
5.3791,0.63119
3.7846,0.70768
5.4778,0.62672
3.4751,0.72374
5.559,0.62183
4.8955,0.65366
4.8356,0.65368
4.1176,0.68576
2.5417,0.8045
2.0885,0.84672
2.488,0.81016
4.0029,0.6932
2.0143,0.85234
3.9222,0.70092
3.7626,0.70972
2.0008,0.85591
4.1471,0.68354
4.4311,0.67245
5.0349,0.6458
5.1064,0.64013
4.9615,0.64814
4.9398,0.64962
5.4566,0.62812
5.3276,0.63021
3.5797,0.72537
4.7356,0.65649
3.2311,0.74971
4.1299,0.68864
5.274,0.63431
4.8487,0.65463
6.731,0.57988
5.3528,0.63288
3.8736,0.70601
5.0529,0.65169
3.9888,0.69617
4.9066,0.65466
4.3538,0.6788
4.9677,0.64912
5.4312,0.62957
4.6437,0.66711
5.2272,0.64109
5.6594,0.6207
4.3844,0.68201
4.3994,0.68169
5.4168,0.63615
4.4238,0.68034
4.4435,0.68032
4.283,0.68987
5.4002,0.63743
4.7159,0.66439
4.2819,0.68583
3.9852,0.70534
4.2093,0.69137
4.3922,0.68403
4.3848,0.68527
4.3931,0.68458
4.4619,0.68124
4.5897,0.67232
4.7838,0.66413
4.9387,0.65589
4.6612,0.67192
4.2667,0.69321
4.434,0.68245
4.4822,0.68041
4.5097,0.68013
4.7435,0.66434
2.1655,0.84761
4.5376,0.67479
4.4947,0.67942
2.0895,0.8565
2.1487,0.85005
4.3117,0.68994
4.2713,0.6933
4.3553,0.68773
2.1129,0.85545
4.2246,0.69477
2.0943,0.85803
2.0364,0.86337
4.2721,0.69262
5.7458,0.62478
4.8647,0.65708
4.5785,0.67272
4.2126,0.6922
3.5674,0.73076
5.4594,0.63889
3.7403,0.73103
4.1379,0.7019
4.9571,0.66484
4.1244,0.70255
5.4974,0.64087
3.8573,0.71271
3.7239,0.7161
4.3091,0.68849
4.294,0.68932
4.9769,0.6525
4.568,0.67482
4.6078,0.67306
4.6495,0.67137
4.124,0.69809
5.2215,0.64898
4.4504,0.68215
4.3761,0.68719
3.7254,0.72526
4.6464,0.67414
3.6539,0.73132
4.2515,0.69964
2.5858,0.81509
4.184,0.69974
3.7265,0.72474
5.5366,0.6378
2.4685,0.82058
4.7377,0.6667
2.7264,0.79816
2.3957,0.82558
4.578,0.67572
4.4766,0.68014
2.8046,0.7935
4.6101,0.67683
3.2939,0.75725
3.4833,0.74601
2.9485,0.78157
4.4093,0.68659
4.6784,0.67547
4.571,0.67904
2.688,0.80118
2.4653,0.82141
5.1466,0.65519
5.3254,0.64669
5.5296,0.63717
5.1277,0.65675
5.2028,0.65298
3.1667,0.77117
5.5539,0.63709
4.4184,0.68676
3.297,0.75951
3.0672,0.77813
3.163,0.77031
3.2982,0.76248
2.7585,0.79813
3.4129,0.75232
4.3489,0.69297
4.6669,0.67626
3.2422,0.76403
4.2377,0.70196
4.5922,0.6812
4.5983,0.68248
4.8631,0.66666
4.817,0.66938
4.345,0.6922
4.8808,0.66803
2.1752,0.85402
2.0611,0.86663
4.4245,0.68756
2.1195,0.86015
4.4637,0.68599
4.2262,0.70013
4.2635,0.70056
4.2675,0.69741
2.04,0.86892
4.3613,0.69313
4.1972,0.70219
4.1653,0.70471
4.6583,0.68325
4.4885,0.69282
4.38,0.69472
4.5292,0.6898
4.3013,0.69889
4.3638,0.69557
4.5595,0.68454
4.7817,0.6741
4.5437,0.68806
5.0416,0.66117
4.7336,0.67818
4.6734,0.68127
5.1983,0.65336
5.0645,0.66011
4.8635,0.6708
4.9802,0.66463
5.0534,0.66105
5.6829,0.62902
4.7638,0.67341
5.2618,0.64808
4.9343,0.66402
5.1795,0.65045
4.8543,0.66694
4.9702,0.66096
4.0136,0.70914
3.9975,0.71133
4.311,0.69656
4.2744,0.697
4.1907,0.70303
2.9773,0.77308
4.3215,0.69486
4.0338,0.70932
3.2581,0.75773
3.5751,0.73991
4.0504,0.70791
4.4129,0.68683
2.9381,0.78592
4.6735,0.67624
2.9278,0.7851
2.637,0.81022
2.8207,0.79668
2.8103,0.79404
5.1335,0.65787
0.083043,1.539
2.9898,0.78592
2.7064,0.80687
2.7125,0.80621
2.9584,0.78598
2.7671,0.79854
4.3143,0.69789
4.064,0.71185
2.5644,0.81866
4.0382,0.71369
4.1953,0.70489
3.7308,0.72744
4.2524,0.69928
4.4995,0.68457
4.6132,0.67818
4.2096,0.70161
4.3909,0.6923
4.893,0.66536
4.6399,0.68093
4.0653,0.70552
5.3613,0.64892
3.9641,0.71365
3.9055,0.71553
2.8238,0.79605
4.7614,0.67136
4.1308,0.70561
5.0349,0.66148
4.6452,0.68041
4.7503,0.67492
2.357,0.83645
3.5588,0.73974
5.3165,0.64823
2.4519,0.82759
2.4218,0.83053
3.7006,0.73064
4.0738,0.70988
3.6715,0.73271
3.8633,0.7211
4.281,0.69854
3.7918,0.72567
4.6665,0.67743
5.0465,0.67045
4.3351,0.69932
4.2722,0.70336
3.4539,0.74951
4.41,0.69853
3.0674,0.77841
2.7755,0.80412
2.7811,0.80553
4.4601,0.69552
4.5958,0.68792
5.7188,0.62895
4.1295,0.7038
3.4886,0.74462
3.6884,0.73866
4.0604,0.71929
3.8943,0.72291
4.1787,0.7063
4.2208,0.70898
3.9693,0.72072
4.0096,0.7178
4.2699,0.70627
3.0461,0.78378
4.9321,0.6698
5.0958,0.66176
2.7875,0.79836
2.1225,0.85504
3.1419,0.77163
5.1687,0.65391
3.2137,0.76522
3.6429,0.7379
3.0899,0.77835
4.4271,0.6964
3.0656,0.7791
3.2072,0.76831
3.4367,0.75336
3.4651,0.75466
4.8121,0.68207
4.5077,0.69114
4.5072,0.69027
5.3503,0.65371
3.7704,0.73
4.8773,0.67196
4.6938,0.68098
3.9162,0.72342
4.2407,0.70604
4.2616,0.70559
4.4312,0.69161
4.9092,0.67063
4.492,0.69382
4.6825,0.68199
4.2816,0.70101
4.248,0.70417
4.5838,0.6844
4.5335,0.68717
4.2649,0.70322
4.2287,0.70545
3.5907,0.74121
4.3286,0.69888
3.5332,0.74482
4.4946,0.69025
1.758,0.89913
2.8983,0.78584
4.2613,0.70544
4.2397,0.70536
2.948,0.78839
3.8567,0.72764
4.0748,0.7125
3.2011,0.772
3.2628,0.76686
2.8799,0.79373
3.8233,0.72821
3.2951,0.76778
4.52,0.69013
4.5826,0.68521
4.1183,0.71375
4.3089,0.70295
4.2816,0.70626
4.1879,0.71119
4.4762,0.69529
4.4116,0.69721
4.6956,0.68501
4.3982,0.69922
2.392,0.84267
4.7479,0.68099
2.4819,0.833
2.2411,0.85658
2.391,0.83895
2.5238,0.828
2.4229,0.83627
3.0282,0.78574
3.2021,0.77311
3.0154,0.78787
2.6036,0.82125
4.3702,0.70465
2.5106,0.82949
4.6447,0.6872
4.3263,0.7059
4.4384,0.70237
2.2653,0.85287
4.5538,0.69326
4.4015,0.69864
2.8335,0.8037
4.522,0.69407
4.6163,0.6893
2.7601,0.8087
3.117,0.78284
4.2192,0.70797
4.5444,0.69385
4.5229,0.6948
4.5888,0.69074
4.5856,0.69121
2.5031,0.83163
2.5394,0.82743
2.5682,0.82461
2.5133,0.82999
3.4663,0.75568
