71.041,-0.068572
68.697,-0.041417
70.522,-0.063127
70.379,-0.063602
70.417,-0.062957
70.042,-0.061325
70.741,-0.067463
71.285,-0.073033
71.073,-0.071177
70.942,-0.069663
70.747,-0.065476
70.506,-0.062652
70.394,-0.066704
70.402,-0.066784
70.411,-0.066887
70.412,-0.066894
70.52,-0.067999
70.133,-0.064657
70.329,-0.066455
70.427,-0.065366
70.033,-0.063009
70.279,-0.063816
70.511,-0.06588
69.88,-0.060274
69.296,-0.052295
69.168,-0.05046
69.452,-0.055686
69.466,-0.057057
69.947,-0.060988
69.652,-0.059168
69.965,-0.062221
69.475,-0.054408
69.581,-0.056118
69.439,-0.055624
68.353,-0.041547
69.136,-0.052492
69.286,-0.054028
69.402,-0.052211
68.939,-0.046455
69.386,-0.051796
69.152,-0.049759
69.701,-0.058717
69.544,-0.057538
69.563,-0.055476
69.058,-0.051872
69.552,-0.054315
69.912,-0.059909
69.055,-0.050416
68.375,-0.043694
69.085,-0.050431
69.446,-0.053289
69.215,-0.051213
69.546,-0.054558
68.985,-0.049137
69.124,-0.049711
69.7,-0.056769
69.407,-0.053497
69.705,-0.055675
69.166,-0.050256
70.031,-0.058607
69.917,-0.056357
69.738,-0.054654
69.733,-0.055823
69.74,-0.055389
69.148,-0.049127
69.325,-0.051178
68.39,-0.043098
69.213,-0.050622
69.394,-0.052915
69.238,-0.052395
69.368,-0.053182
69.668,-0.057153
70.627,-0.066334
70.035,-0.062415
70.23,-0.062822
71.121,-0.072529
70.519,-0.06671
70.379,-0.065216
70.623,-0.067113
70.898,-0.069221
70.441,-0.06547
70.366,-0.066108
70.596,-0.069143
69.878,-0.061428
69.982,-0.059782
70.741,-0.06663
69.43,-0.054119
70.082,-0.061346
70.336,-0.064031
70.157,-0.061741
69.811,-0.057856
70.392,-0.067219
70.18,-0.063588
70.652,-0.068541
70.605,-0.064893
70.57,-0.06648
71.008,-0.071142
69.921,-0.058869
70.489,-0.062097
70.148,-0.063758
70.673,-0.06683
70.955,-0.069815
70.545,-0.063708
70.369,-0.063413
70.449,-0.063097
70.314,-0.063064
70.469,-0.063198
70.219,-0.063474
71.041,-0.072801
70.404,-0.065961
70.729,-0.069469
70.709,-0.067243
70.633,-0.067188
70.733,-0.06838
70.676,-0.066644
70.804,-0.066595
70.877,-0.068625
71.083,-0.071353
70.815,-0.067945
69.651,-0.054383
70.793,-0.068165
70.806,-0.067251
70.671,-0.067443
70.516,-0.065797
70.384,-0.064706
70.095,-0.061727
70.527,-0.066571
71.051,-0.071335
70.631,-0.06636
70.444,-0.064653
70.953,-0.068695
70.024,-0.059139
69.781,-0.055828
69.601,-0.053359
69.823,-0.057466
69.512,-0.05564
69.834,-0.058655
70.023,-0.06151
69.957,-0.059269
69.414,-0.054252
70.273,-0.062228
70.099,-0.061572
70.273,-0.063437
69.607,-0.056298
69.624,-0.052725
69.165,-0.05007
69.142,-0.049761
69.562,-0.052535
69.999,-0.057293
69.304,-0.051316
70.278,-0.057849
69.665,-0.056537
70.295,-0.062536
70.507,-0.064612
70.209,-0.062376
70.237,-0.062925
71.329,-0.072873
71.787,-0.076707
70.697,-0.065656
70.708,-0.066281
70.765,-0.066181
70.586,-0.066
70.551,-0.064406
70.999,-0.068247
70.49,-0.06422
71.239,-0.071365
70.679,-0.067892
70.864,-0.065421
71.396,-0.069197
71.283,-0.0713
70.572,-0.064168
71.288,-0.069952
70.358,-0.061872
70.959,-0.069005
70.667,-0.067005
69.901,-0.055751
70.003,-0.058551
71.033,-0.065735
70.871,-0.066743
69.618,-0.054746
70.557,-0.06226
70.368,-0.060187
70.084,-0.058018
70.675,-0.060817
70.977,-0.066256
70.691,-0.06402
71.006,-0.06825
70.736,-0.063547
70.676,-0.063648
70.445,-0.061197
70.677,-0.063767
70.455,-0.061758
71.15,-0.067653
69.875,-0.054797
70.105,-0.054652
69.917,-0.055363
69.588,-0.052646
70.192,-0.058573
70.801,-0.06467
69.937,-0.056009
71.044,-0.06723
71.144,-0.069308
70.66,-0.062921
70.214,-0.058768
71.985,-0.076254
72.567,-0.081715
69.953,-0.05497
70.803,-0.061562
70.039,-0.0572
70.798,-0.065938
68.994,-0.047694
69.48,-0.051964
69.322,-0.052988
69.377,-0.05203
69.445,-0.051636
69.31,-0.049291
71.282,-0.065322
70.174,-0.057422
69.699,-0.050113
69.506,-0.0516
69.592,-0.052064
69.915,-0.055967
69.768,-0.054475
69.007,-0.04592
69.801,-0.054199
70.015,-0.054666
69.565,-0.050031
69.681,-0.052747
70.244,-0.058883
70.145,-0.058608
69.572,-0.053199
70.226,-0.057261
69.229,-0.05102
69.415,-0.05048
70.282,-0.058794
68.855,-0.045302
69.049,-0.047246
68.739,-0.04528
69.246,-0.050937
69.412,-0.051983
70.483,-0.060738
69.298,-0.04932
68.569,-0.04259
69.448,-0.050816
69.862,-0.054987
69.287,-0.048917
69.623,-0.05185
69.202,-0.049718
69.301,-0.048116
68.731,-0.045349
69.897,-0.056413
69.394,-0.052226
70.685,-0.063682
70.3,-0.059922
70.332,-0.061027
70.363,-0.060448
69.705,-0.05543
69.177,-0.049676
69.54,-0.053849
69.377,-0.051031
69.346,-0.049545
69.713,-0.055595
69.128,-0.047419
69.19,-0.048961
69.403,-0.049557
69.447,-0.051125
69.516,-0.050345
69.36,-0.050213
68.937,-0.044744
68.984,-0.04391
70.374,-0.059291
71.194,-0.069174
69.884,-0.058614
69.259,-0.05093
69.854,-0.056006
70.15,-0.057544
69.359,-0.052836
69.423,-0.054473
69.754,-0.057335
69.049,-0.051184
69.01,-0.049418
70.245,-0.059917
69.274,-0.052553
70.146,-0.059971
70.098,-0.059261
69.324,-0.052323
69.115,-0.051248
68.38,-0.044098
69.463,-0.053904
69.3,-0.052288
69.889,-0.05741
69.221,-0.051459
69.712,-0.055938
69.407,-0.053045
69.157,-0.050814
68.537,-0.045223
69.115,-0.050264
69.222,-0.051175
68.633,-0.046105
69.378,-0.052511
69.841,-0.05581
68.911,-0.048591
69.35,-0.052292
69.448,-0.05311
69.644,-0.055029
69.459,-0.053198
70.652,-0.06264
70.221,-0.059429
70.272,-0.059948
69.728,-0.054944
69.724,-0.054464
69.595,-0.053388
70.731,-0.062701
69.921,-0.056046
70.516,-0.060881
70.262,-0.058742
69.921,-0.054532
70.748,-0.062523
70.969,-0.064185
70.458,-0.059919
70.378,-0.059042
70.779,-0.061488
71.702,-0.069092
70.739,-0.061092
71.848,-0.069625
72.063,-0.070849
71.856,-0.069372
71.86,-0.068799
71.713,-0.06763
72.667,-0.074906
72.037,-0.069908
72.853,-0.075827
71.82,-0.068024
72.982,-0.07676
72.496,-0.072326
72.991,-0.076825
74.45,-0.088126
74.591,-0.09026
74.89,-0.09369
74.993,-0.09452
75.024,-0.094976
75.473,-0.097238
75.751,-0.099402
76.25,-0.10305
76.361,-0.1043
76.395,-0.10452
77.423,-0.11113
77.124,-0.10927
78.177,-0.11596
82.638,-0.14526
88.356,-0.17657
89.123,-0.1814
91.365,-0.19034
87.454,-0.17204
86.466,-0.16752
90.082,-0.18713
94.561,-0.20951
94.287,-0.20925
92.152,-0.20292
91.03,-0.19924
87.724,-0.18341
87.472,-0.18516
89.43,-0.19881
90.77,-0.2141
88.448,-0.20806
85.248,-0.19909
84.026,-0.18807
82.709,-0.17597
81.911,-0.1721
86.382,-0.19801
85.107,-0.18824
84.746,-0.19011
82.075,-0.17558
81.295,-0.17325
79.651,-0.15986
79.468,-0.163
78.565,-0.15824
77.582,-0.15142
79.765,-0.16826
78.703,-0.16108
77.495,-0.14897
73.675,-0.11554
71.059,-0.094631
62.983,0.0044738
40.678,0.32322
31.814,0.476
26.98,0.55719
22.497,0.64423
22.125,0.65842
21.96,0.64603
22.239,0.64094
21.065,0.65367
19.857,0.67077
19.669,0.67213
19.962,0.66009
19.529,0.666
19.408,0.66063
19.242,0.66329
19.694,0.65302
19.715,0.65049
20.234,0.6445
18.834,0.674
19.157,0.66093
19.752,0.65212
19.729,0.65213
19.383,0.65734
19.361,0.6587
18.909,0.66832
19.269,0.66194
19.227,0.6598
18.859,0.6696
18.349,0.67783
18.82,0.66544
19.02,0.66348
18.747,0.66459
18.285,0.67036
18.644,0.66343
18.637,0.66111
18.089,0.67131
17.992,0.66763
17.692,0.67264
17.963,0.66979
18.19,0.65886
18.694,0.64884
17.711,0.66544
18.4,0.65108
17.765,0.66505
18.028,0.65423
17.487,0.66767
17.679,0.65979
18.002,0.65409
18.015,0.65329
17.655,0.65721
17.559,0.65967
17.917,0.65191
17.622,0.65612
16.654,0.67283
17.081,0.66448
16.964,0.66835
16.825,0.67065
16.816,0.66349
17.084,0.65958
16.789,0.66351
16.873,0.65537
17.217,0.65372
17.16,0.65453
17.618,0.64579
18.076,0.62983
17.145,0.65164
17.255,0.64429
17.347,0.64451
17.124,0.6455
17.002,0.64645
16.857,0.65197
17.052,0.6426
17.438,0.63655
16.982,0.64167
16.354,0.65113
16.543,0.649
16.59,0.6479
15.954,0.65818
16.507,0.64909
16.461,0.64709
15.961,0.65841
15.421,0.66504
15.58,0.66009
16.218,0.64432
16.029,0.64421
16.636,0.62901
16.942,0.61823
16.844,0.61448
17.112,0.60729
16.669,0.61167
16.246,0.61223
16.38,0.61019
16.04,0.61369
15.812,0.61797
15.605,0.62022
15.742,0.61747
16.299,0.60316
15.31,0.62606
15.641,0.61922
16.146,0.60772
15.793,0.61659
16.104,0.60961
16.116,0.61091
16.111,0.60864
15.569,0.61779
16.554,0.5987
16.197,0.60473
16.874,0.59151
16.684,0.59435
15.151,0.6237
14.983,0.62569
14.715,0.63223
14.783,0.63149
15.324,0.6145
15.608,0.60912
15.147,0.619
14.778,0.62721
15.357,0.61397
14.977,0.62431
15,0.61954
14.847,0.62211
14.333,0.63682
13.935,0.64534
14.622,0.62729
14.292,0.63451
14.283,0.63347
14.075,0.6394
14.591,0.62739
14.047,0.64059
14.334,0.63065
14.466,0.63013
14.451,0.62885
14.784,0.61752
14.036,0.63359
13.955,0.63521
13.56,0.64523
14.018,0.63263
14.424,0.62
13.246,0.64659
13.678,0.63733
13.236,0.64503
13.907,0.62537
13.271,0.63797
13.724,0.62441
13.024,0.63653
11.942,0.65779
11.388,0.66412
11.405,0.65411
11.89,0.63473
11.767,0.62817
11.731,0.62072
12.215,0.60089
12.444,0.59207
11.999,0.5995
11.64,0.60819
11.788,0.60276
12.31,0.59117
11.879,0.60172
11.588,0.61385
11.341,0.62346
11.021,0.63519
11.106,0.63438
11.191,0.63487
11.482,0.62836
11.376,0.63086
11.868,0.61695
11.348,0.62787
12.056,0.6101
11.673,0.61697
12.037,0.60697
12.511,0.5956
12.486,0.5946
12.265,0.60154
11.929,0.60766
11.98,0.60659
11.871,0.60973
11.459,0.6198
11.67,0.61492
11.449,0.61904
11.576,0.61697
11.687,0.61425
11.748,0.61298
11.943,0.60738
11.596,0.61589
11.525,0.61806
11.541,0.61744
11.562,0.6164
11.543,0.61654
11.955,0.60514
11.681,0.61128
11.789,0.60953
11.729,0.61165
11.959,0.60618
11.549,0.61551
11.615,0.61414
11.552,0.61452
11.687,0.61227
11.602,0.61307
11.679,0.61102
11.722,0.60959
11.625,0.61127
11.694,0.61051
11.751,0.60919
11.722,0.61014
11.272,0.62146
11.24,0.62205
11.69,0.61174
11.483,0.61595
11.789,0.6094
11.425,0.61885
11.134,0.62532
11.783,0.61047
10.905,0.62989
11.723,0.60968
11.411,0.61837
11.557,0.61343
11.712,0.61032
11.367,0.61642
11.48,0.61471
11.272,0.61982
11.206,0.62164
11.274,0.61902
11.254,0.61922
11.081,0.62233
11.446,0.61437
11.186,0.6204
11.542,0.6112
11.317,0.616
11.436,0.61401
11.227,0.61965
11.302,0.61832
11.457,0.61446
11.35,0.61613
11.529,0.61243
11.438,0.61552
11.364,0.61757
11.617,0.61175
11.572,0.61253
11.298,0.61891
11.106,0.62272
11.54,0.61217
11.846,0.60351
11.456,0.61244
11.361,0.61564
11.442,0.61388
11.488,0.61122
11.664,0.60776
11.134,0.62051
11.699,0.60587
11.773,0.60477
11.537,0.61042
11.696,0.60688
11.352,0.61561
11.568,0.61123
11.382,0.61471
11.365,0.61643
11.526,0.6122
11.243,0.61888
11.322,0.61732
11.337,0.6167
11.361,0.61594
11.644,0.60865
11.17,0.61973
11.28,0.61621
11.434,0.61229
11.177,0.61942
11.049,0.62213
11.209,0.61883
11.428,0.61276
11.408,0.61387
11.306,0.61595
11.354,0.61505
11.487,0.61164
11.38,0.61371
11.496,0.61051
11.361,0.61345
11.348,0.61454
11.475,0.61201
11.234,0.61653
11.786,0.60451
11.649,0.60768
11.361,0.61335
11.341,0.61456
11.506,0.61133
11.089,0.62092
11.443,0.61215
11.186,0.61728
11.185,0.61758
11.348,0.61307
11.182,0.61693
11.107,0.61919
11.29,0.61394
11.242,0.61456
11.039,0.61978
11.332,0.61263
11.144,0.61636
11.417,0.61107
11.179,0.61722
11.551,0.60885
11.479,0.6109
11.125,0.61966
11.329,0.61412
11.297,0.61485
11.486,0.61025
11.456,0.61145
11.28,0.61648
11.757,0.60464
11.539,0.60895
11.965,0.59911
12.284,0.59145
11.708,0.60435
11.602,0.6065
11.475,0.60957
11.472,0.61117
11.548,0.6078
11.669,0.60597
11.802,0.60315
11.397,0.61297
11.584,0.60765
11.986,0.5987
11.647,0.6064
11.29,0.61471
11.491,0.61052
11.502,0.60987
11.491,0.60912
11.054,0.61989
11.086,0.61893
10.771,0.62545
11.373,0.61183
11.314,0.61287
11.555,0.60785
11.337,0.61217
11.086,0.61861
11.504,0.60833
11.603,0.60434
11.375,0.61218
11.551,0.60698
11.218,0.61583
10.847,0.62531
11.456,0.61025
11.856,0.59999
11.641,0.60359
11.928,0.59736
11.41,0.60957
11.594,0.60597
11.679,0.60379
11.591,0.60578
11.975,0.59578
11.202,0.61604
11.704,0.60596
11.509,0.61155
11.108,0.62176
10.952,0.62618
11.071,0.62464
10.534,0.63993
10.84,0.63212
11.431,0.61506
10.75,0.63501
10.821,0.63408
10.743,0.63536
10.624,0.63996
11.024,0.62666
11.111,0.62398
11.136,0.62212
11.205,0.61992
10.945,0.6281
11.311,0.6163
11.355,0.61571
11.396,0.61363
11.27,0.617
10.941,0.62681
10.898,0.62817
11.089,0.62277
11.045,0.62359
10.917,0.62749
11.46,0.61375
11.006,0.62387
11.166,0.62014
11.05,0.62281
11.083,0.62161
10.933,0.62704
10.867,0.6281
11.328,0.61579
11.126,0.6212
11.394,0.61308
11.378,0.61308
10.871,0.62762
11.102,0.62199
11.227,0.61751
11.205,0.61881
10.524,0.63792
10.694,0.6344
10.937,0.62769
10.763,0.63089
11.285,0.61558
11.207,0.61855
10.785,0.63076
11.144,0.62119
11.118,0.62166
11.107,0.62098
10.425,0.64006
10.551,0.63578
10.825,0.62866
11.041,0.62399
10.981,0.62477
11.172,0.62073
10.435,0.63791
11.117,0.62116
10.416,0.63901
10.82,0.62929
11.155,0.61997
10.903,0.62661
10.825,0.62872
10.558,0.63693
10.531,0.63725
10.814,0.62924
11.179,0.61929
10.848,0.62968
11.022,0.62492
10.761,0.6298
10.965,0.62433
10.949,0.62543
10.76,0.63059
10.895,0.6266
10.697,0.6317
10.964,0.62574
11.256,0.61638
10.736,0.63231
10.488,0.63851
10.901,0.62795
10.235,0.64617
10.692,0.63208
10.668,0.63359
11.553,0.61061
11.206,0.61981
10.946,0.62709
10.753,0.6303
11.056,0.62247
11.52,0.60862
11.113,0.62053
10.791,0.62843
10.667,0.63353
11.087,0.62292
11.078,0.62147
11.402,0.61295
10.636,0.63268
10.766,0.63212
10.912,0.62605
11.132,0.62059
11.347,0.61373
11.145,0.61939
10.761,0.62961
10.85,0.62791
11.407,0.61273
11.275,0.61531
10.977,0.62312
11.192,0.61696
10.987,0.62301
10.766,0.62985
11.222,0.61705
11.242,0.61596
10.991,0.6232
10.75,0.62895
10.783,0.62914
10.905,0.6243
10.796,0.62783
10.623,0.63293
10.601,0.63431
10.706,0.63283
10.648,0.63304
10.888,0.62677
10.662,0.63412
10.658,0.63353
10.608,0.63478
10.787,0.63006
10.971,0.62431
10.662,0.63331
10.273,0.64303
10.978,0.62357
10.997,0.62322
10.73,0.62908
11.145,0.61847
11.082,0.62105
10.681,0.63123
11.02,0.62285
11.056,0.62168
11.182,0.61909
11.272,0.61739
11.121,0.6194
10.851,0.62744
10.898,0.62701
10.96,0.62343
11.302,0.614
10.775,0.62898
10.915,0.62491
10.855,0.6277
11.103,0.6203
11.197,0.61783
11.327,0.61345
11.205,0.6178
11.322,0.61488
11.119,0.61992
11.274,0.61448
11.108,0.61884
11.151,0.61774
10.579,0.63244
10.395,0.63813
10.815,0.6265
10.463,0.63673
10.367,0.63907
10.377,0.64024
10.461,0.6378
10.688,0.63066
10.74,0.62948
10.677,0.63103
10.545,0.63552
10.845,0.62618
11.338,0.61361
11.004,0.6228
11.259,0.61503
11.236,0.61605
10.992,0.62235
11.149,0.61926
11.115,0.62012
11.233,0.61613
11.462,0.6107
11.012,0.624
10.367,0.64049
11.033,0.62209
11.305,0.61661
11.09,0.62056
11.376,0.61463
10.582,0.63588
10.736,0.63094
10.995,0.62311
11.025,0.62342
10.869,0.62695
10.763,0.62958
10.463,0.63727
10.729,0.62968
10.816,0.62628
11.022,0.62007
10.767,0.62761
10.489,0.63799
10.363,0.6416
11.158,0.61852
11.131,0.61867
11.365,0.61264
10.899,0.62478
11.161,0.61762
11.096,0.61892
11.055,0.62083
11.064,0.61952
10.817,0.62709
10.537,0.63446
10.345,0.64013
10.982,0.62342
10.761,0.62874
10.76,0.62867
10.519,0.63631
10.596,0.63429
10.932,0.62373
11.208,0.6166
10.897,0.62402
10.813,0.62767
10.953,0.62251
11,0.62204
10.917,0.6245
11.154,0.61763
10.709,0.62977
10.878,0.62411
11.056,0.62002
11.15,0.61791
11.005,0.62212
10.972,0.62288
10.771,0.62863
10.492,0.63572
11.223,0.61726
10.84,0.62679
10.945,0.62341
10.787,0.62613
10.978,0.62177
10.593,0.63359
10.938,0.62324
10.796,0.6278
10.926,0.62427
10.436,0.63985
10.695,0.63179
11.038,0.62407
10.938,0.62339
11.052,0.62143
10.886,0.62577
10.83,0.62738
10.922,0.62468
11.002,0.6219
11.026,0.61917
11.051,0.61976
11.185,0.61606
10.736,0.629
11.162,0.6172
11.095,0.61849
11.083,0.62008
11.193,0.61617
10.767,0.62943
10.84,0.62703
11.067,0.6211
10.854,0.62773
10.49,0.6372
10.614,0.63425
10.481,0.63724
10.589,0.63577
10.646,0.63314
10.779,0.62932
10.713,0.62786
10.882,0.62394
11.009,0.62228
10.965,0.62111
10.874,0.62496
10.304,0.63975
10.966,0.62292
10.939,0.62339
11.239,0.61492
11.225,0.61501
10.687,0.63
10.94,0.62351
10.699,0.63022
10.998,0.62118
10.806,0.6256
10.616,0.63111
10.703,0.62816
11.063,0.6178
10.449,0.63646
10.998,0.61955
11.126,0.6158
10.901,0.62307
10.804,0.6246
10.611,0.63058
10.894,0.62409
11.157,0.61673
10.489,0.63581
10.447,0.63706
10.661,0.63238
10.603,0.63397
10.591,0.63359
10.831,0.62671
10.964,0.6226
10.518,0.63684
10.778,0.62911
10.779,0.62837
10.701,0.62777
10.943,0.62261
10.605,0.63192
10.858,0.62512
11.062,0.61922
10.919,0.62233
10.647,0.62921
10.847,0.62507
10.566,0.63133
10.599,0.6306
11.073,0.61974
10.542,0.63316
10.878,0.62377
10.868,0.62394
11.127,0.61767
11,0.62077
10.678,0.63007
10.828,0.62553
10.734,0.62748
10.82,0.62539
10.86,0.62434
10.954,0.6215
10.486,0.63517
10.689,0.62907
10.598,0.63231
10.869,0.62362
10.854,0.62391
11.072,0.61708
10.832,0.62497
11.127,0.61739
11.121,0.61765
10.717,0.62797
10.986,0.62155
11.223,0.61406
10.746,0.62717
10.754,0.6272
10.499,0.63313
10.714,0.62924
10.927,0.62242
10.727,0.62736
10.852,0.62464
10.903,0.62477
10.735,0.6276
10.818,0.62606
10.774,0.62703
10.972,0.62127
10.531,0.63501
10.917,0.6227
10.582,0.63182
10.815,0.62616
11.061,0.61892
11.136,0.61612
10.814,0.62576
10.689,0.62853
10.89,0.62378
10.616,0.63066
10.657,0.63126
11.247,0.6127
10.787,0.62705
10.79,0.62659
10.684,0.62796
10.885,0.62472
10.861,0.62539
11.093,0.6185
10.514,0.63352
11.146,0.61821
10.917,0.62252
10.867,0.62506
11.447,0.6097
11.12,0.61683
10.731,0.62892
11.238,0.61446
10.818,0.62326
10.333,0.63761
10.571,0.63242
10.716,0.62788
10.737,0.62657
10.662,0.62911
11.006,0.61941
10.648,0.63011
10.867,0.62442
10.644,0.63052
10.682,0.62935
10.549,0.63359
10.167,0.64373
10.399,0.63761
10.594,0.63037
10.985,0.62037
10.316,0.6408
10.1,0.64322
10.625,0.63283
10.592,0.63224
11.058,0.61848
10.885,0.62294
10.808,0.62613
10.855,0.62431
10.37,0.63826
11.101,0.61699
10.999,0.61946
10.668,0.62954
10.477,0.63571
10.534,0.63328
10.878,0.62284
10.915,0.62208
10.659,0.63007
11.083,0.6176
10.864,0.62385
10.865,0.62379
10.706,0.62917
10.918,0.62337
10.814,0.6265
11.032,0.62081
11.354,0.612
10.94,0.62435
11.241,0.61487
11.055,0.62123
11.39,0.61106
11.369,0.61182
11.354,0.61218
10.848,0.62514
10.638,0.63055
11.007,0.62023
10.919,0.62322
10.595,0.63168
10.792,0.62508
10.642,0.62879
10.827,0.62526
10.559,0.63252
10.554,0.63077
10.546,0.6324
11.198,0.6151
10.2,0.64262
10.825,0.62603
10.597,0.63382
10.771,0.62691
11.082,0.61748
10.741,0.62773
10.782,0.62723
10.813,0.62493
10.93,0.62165
10.589,0.63242
10.561,0.63233
10.728,0.62747
10.858,0.62354
10.438,0.6359
10.406,0.63617
10.342,0.63851
10.153,0.64364
11.162,0.61505
10.727,0.62643
10.563,0.63147
10.335,0.63654
10.466,0.6325
10.489,0.6334
10.68,0.62811
10.81,0.62455
10.602,0.63022
10.401,0.63651
10.6,0.63008
10.812,0.62658
10.672,0.63058
10.883,0.62418
10.989,0.6203
10.362,0.63855
10.686,0.62995
10.408,0.63744
10.927,0.62107
10.631,0.62985
10.6,0.63066
10.671,0.6281
10.345,0.63887
10.729,0.62684
10.799,0.62459
10.904,0.62162
10.743,0.62669
10.527,0.63379
10.643,0.6293
10.811,0.62469
10.738,0.62626
10.72,0.6267
10.739,0.62721
10.846,0.62494
10.424,0.63387
11.017,0.61791
10.654,0.62968
10.823,0.62423
11.059,0.61909
10.757,0.62624
10.815,0.62409
10.966,0.61867
10.643,0.62937
11.045,0.61796
10.424,0.63498
10.426,0.6345
10.902,0.62044
10.887,0.6211
10.7,0.62703
10.691,0.628
10.688,0.62769
11.116,0.6144
11.039,0.61621
10.997,0.61944
10.971,0.61983
10.931,0.62117
10.757,0.62634
10.651,0.62965
10.602,0.63245
10.886,0.62278
10.499,0.63337
10.673,0.62754
10.576,0.63057
10.545,0.63105
10.66,0.62705
10.661,0.62866
10.757,0.62519
11.193,0.61286
10.738,0.62313
10.861,0.62133
10.993,0.6187
10.414,0.63517
10.763,0.62484
10.828,0.62313
10.771,0.62447
10.679,0.62675
10.543,0.62841
10.826,0.62193
10.969,0.61751
11.1,0.61333
11.014,0.61607
10.71,0.62448
11.162,0.61274
10.72,0.62394
10.782,0.62167
10.964,0.61742
10.91,0.62009
10.582,0.62923
10.958,0.61769
10.807,0.62137
10.832,0.62152
10.839,0.62188
10.543,0.62933
10.749,0.62237
11.154,0.60984
10.668,0.62364
10.569,0.62649
10.773,0.62093
10.79,0.61966
10.804,0.61911
10.555,0.62558
10.539,0.62695
10.331,0.63246
10.363,0.63127
10.641,0.62327
10.798,0.6172
10.739,0.62049
10.169,0.63734
10.63,0.62323
10.948,0.61377
10.997,0.61108
11.136,0.60846
10.786,0.61882
10.149,0.63568
10.575,0.62337
10.901,0.61324
10.85,0.61458
11.255,0.60603
10.799,0.61798
11.488,0.60015
11.022,0.60995
10.948,0.6116
10.55,0.62281
10.412,0.6288
10.49,0.62523
10.511,0.62107
10.713,0.61567
10.192,0.63057
9.4464,0.6529
10.031,0.63392
9.7497,0.64182
9.7959,0.63977
9.588,0.64731
9.8475,0.63988
9.7358,0.64245
10.309,0.6269
10.156,0.63008
10.256,0.62574
10.186,0.62978
10.203,0.62848
10.52,0.6211
10.497,0.62101
10.288,0.62716
10.107,0.63331
9.7676,0.64298
10.474,0.6208
10.273,0.62534
10.182,0.62878
10.29,0.62511
9.8836,0.63701
10.143,0.62878
9.7114,0.641
9.3173,0.65253
9.4087,0.64989
9.1323,0.65721
8.7001,0.67146
9.4152,0.64514
9.1654,0.65315
8.9135,0.66214
9.5114,0.64538
9.1258,0.65579
9.5333,0.64182
9.1379,0.65124
8.5825,0.67247
8.9388,0.6619
8.6836,0.66659
8.5743,0.67175
9.2354,0.64923
8.7901,0.66348
8.9837,0.65514
8.976,0.65541
8.5279,0.67015
9.1064,0.65061
9.0246,0.65357
8.7901,0.66114
8.736,0.66144
7.8678,0.69615
7.6997,0.7028
7.0894,0.72718
7.6861,0.70311
7.5426,0.70707
7.542,0.70773
7.153,0.72259
7.3145,0.71552
7.6019,0.70254
7.4853,0.70602
7.0384,0.72567
7.1084,0.7218
6.7527,0.73668
7.2033,0.71592
7.0052,0.72427
6.043,0.76916
6.0443,0.76821
6.1836,0.75937
6.4769,0.74487
6.0753,0.76545
5.6708,0.78528
5.422,0.79783
5.7413,0.7803
5.7097,0.78379
5.6974,0.78524
5.6587,0.78652
5.6162,0.78703
5.6305,0.78516
5.8089,0.77481
5.72,0.78089
5.2979,0.80039
5.5732,0.78779
5.5109,0.79044
5.5357,0.78852
5.2742,0.79963
5.2376,0.80269
5.1274,0.80807
5.3471,0.79321
5.5222,0.78284
5.4448,0.78683
5.2098,0.80107
5.2533,0.79601
5.63,0.77675
5.2409,0.79851
5.4118,0.78874
5.2345,0.79832
5.4488,0.78528
5.273,0.79501
5.0565,0.80666
5.1471,0.80047
5.1301,0.80088
5.0374,0.80642
5.2453,0.79386
5.0499,0.80368
5.1289,0.80102
4.979,0.80728
5.1126,0.79879
5.262,0.79174
5.0471,0.80171
5.1532,0.7955
4.8407,0.81296
5.3238,0.78553
4.9975,0.80237
5.0086,0.80008
5.0309,0.80089
5.2322,0.78749
5.3868,0.77874
5.3892,0.77845
5.0026,0.79997
5.0159,0.79598
4.7402,0.8132
4.8515,0.80453
5.1933,0.78652
5.1876,0.78559
4.8123,0.8057
4.825,0.80463
4.7487,0.80737
4.9214,0.79732
4.7563,0.80647
4.9167,0.79658
4.5609,0.81565
4.6801,0.80921
4.459,0.82124
4.5059,0.81819
4.7207,0.80649
4.5916,0.81297
4.5265,0.81662
4.4469,0.82002
4.4659,0.81779
4.5119,0.81617
4.639,0.80629
4.5757,0.80847
4.9021,0.79077
4.8535,0.79247
4.9779,0.78507
4.7695,0.79698
4.2353,0.82588
4.6676,0.79896
4.4831,0.80938
4.5057,0.80877
4.839,0.78578
4.1658,0.82984
4.5298,0.80665
5.2425,0.7694
4.0633,0.82254
5.3835,0.76012
4.2847,0.81027
5.3549,0.7601
4.7336,0.7915
5.6482,0.7449
5.0492,0.77371
5.0536,0.77302
4.6556,0.7945
4.7015,0.79115
4.6224,0.79579
4.9455,0.77886
4.6076,0.79598
4.6115,0.79556
4.4601,0.80409
4.6355,0.7928
4.2462,0.81473
4.3852,0.80735
4.4486,0.80101
4.2506,0.81276
4.6746,0.78862
4.3335,0.80638
4.9013,0.77573
4.9077,0.77524
4.8913,0.77521
4.5743,0.79264
4.6733,0.78538
4.3603,0.80312
4.654,0.78852
4.8752,0.77419
4.7485,0.7815
3.7568,0.83465
4.3232,0.80597
3.7408,0.84469
3.5967,0.85396
4.5792,0.78964
3.6266,0.84392
3.4093,0.86135
3.4792,0.85439
3.0706,0.88779
2.9991,0.8953
3.7315,0.8423
3.3587,0.86416
3.1638,0.87661
3.5889,0.8444
3.6352,0.83755
2.9477,0.88386
3.2636,0.86125
4.0531,0.80948
3.9287,0.81825
3.8026,0.82492
3.6845,0.83364
3.1965,0.86274
3.2902,0.85874
4.5495,0.78007
3.0131,0.87567
3.3813,0.84556
3.2667,0.85309
3.2407,0.85448
3.2759,0.85184
3.4124,0.84
3.3479,0.84566
3.3823,0.84348
3.0637,0.86944
3.1553,0.8619
3.2728,0.85038
3.4656,0.83488
2.6669,0.89031
3.0761,0.86207
3.1189,0.85763
3.432,0.83724
3.136,0.86141
3.3936,0.84048
3.5381,0.8326
3.1974,0.85235
3.3789,0.83964
3.2543,0.85552
3.2381,0.85462
3.4186,0.83864
3.1748,0.85933
3.2097,0.8507
3.4045,0.83567
3.3743,0.83752
3.6988,0.81419
3.6242,0.81714
3.1131,0.86099
2.974,0.87309
3.4006,0.83697
3.7342,0.8125
3.1827,0.85355
3.5417,0.82094
3.4426,0.82755
3.0885,0.85631
2.9989,0.86389
3.1327,0.85194
3.1763,0.84983
3.1475,0.85307
3.1308,0.85133
2.9791,0.86477
3.2448,0.84117
3.3809,0.83546
3.3235,0.83784
3.329,0.83633
3.1963,0.84656
3.8149,0.79949
3.4478,0.82675
3.6989,0.80852
3.5574,0.81791
3.2919,0.83321
3.6274,0.80918
3.6176,0.80795
4.035,0.78211
3.4818,0.81889
3.571,0.81233
3.8669,0.79178
4.0197,0.78472
3.7418,0.79979
4.072,0.77731
3.6473,0.80495
3.3459,0.82521
2.9184,0.84927
3.3789,0.82312
3.4374,0.81841
3.1006,0.83949
3.9664,0.78065
3.5635,0.80767
4.0749,0.78044
3.6645,0.79932
3.3169,0.82761
3.9905,0.78826
3.3256,0.82125
3.516,0.80866
3.8864,0.78587
3.8895,0.78595
2.903,0.84892
4.1076,0.77374
3.5001,0.80804
2.4644,0.88508
3.9398,0.77937
4.2432,0.76215
3.5641,0.80722
3.4615,0.81271
3.633,0.79663
4.0585,0.77182
3.857,0.78316
4.3155,0.75459
4.113,0.76793
4.2305,0.75978
3.3677,0.81465
3.1793,0.82719
2.8864,0.85333
3.5011,0.80381
3.2321,0.82401
3.3098,0.82002
4.083,0.76633
3.3692,0.81059
3.0375,0.83688
3.0158,0.83271
3.7449,0.78464
3.1941,0.81942
3.5898,0.80281
3.8601,0.78097
3.0699,0.82863
3.3026,0.81459
4.3186,0.75255
3.9696,0.77435
4.2202,0.75683
2.7077,0.85482
4.1189,0.76413
3.6753,0.7918
4.0623,0.76632
3.0451,0.82657
3.8181,0.78284
3.0941,0.83482
3.6724,0.79825
3.3518,0.8154
3.4929,0.80477
3.3338,0.81683
3.2977,0.80979
3.5249,0.80229
3.3933,0.81221
3.1641,0.82858
3.5726,0.80074
3.1615,0.8187
2.5633,0.88135
3.3336,0.81283
3.7102,0.79268
3.2213,0.82604
3.3065,0.81937
3.4956,0.8033
3.8361,0.78025
4.0039,0.76935
3.422,0.80946
3.7769,0.78142
3.8326,0.78063
3.9329,0.77407
4.2123,0.75826
3.6972,0.7905
3.5522,0.8
3.5152,0.802
3.3427,0.81596
3.1273,0.8298
3.5734,0.79874
3.7896,0.78748
3.2393,0.82433
3.5622,0.80099
3.0338,0.82677
3.7545,0.78977
2.8438,0.85435
3.1836,0.82462
3.1586,0.8273
2.9602,0.84563
3.1222,0.83406
3.2305,0.8237
3.0954,0.83561
3.3098,0.81683
3.1995,0.8172
4.2183,0.75579
3.3593,0.80182
3.187,0.82151
3.3016,0.81541
4.0037,0.77092
3.3624,0.81256
3.5408,0.80116
3.8181,0.78142
3.2851,0.81786
3.518,0.79806
3.6473,0.78711
3.7129,0.79093
3.4756,0.79633
4.3321,0.75257
2.9237,0.83302
3.1739,0.82087
3.5195,0.79662
3.9092,0.76855
3.7471,0.78118
3.7087,0.7799
3.3341,0.8109
3.3166,0.81888
3.241,0.82272
3.1558,0.82501
2.9431,0.84165
3.0042,0.8365
3.1748,0.82203
4.1115,0.76282
3.295,0.82096
3.6541,0.78977
4.0438,0.76671
3.3793,0.81059
3.1616,0.82494
3.1075,0.83052
3.0294,0.8386
3.514,0.802
3.1288,0.82935
3.2634,0.81314
2.93,0.83693
2.7643,0.86035
3.0074,0.84012
3.3097,0.81522
3.0161,0.83881
3.0448,0.83458
3.311,0.81496
3.2204,0.82079
3.9449,0.76977
3.5076,0.80154
3.1696,0.82448
2.9167,0.84604
3.7722,0.78276
3.9332,0.77097
3.2009,0.82354
3.8257,0.77846
3.482,0.80214
3.4807,0.80131
3.8439,0.77705
3.1564,0.81569
2.9956,0.82886
3.13,0.81838
3.5034,0.79627
3.2317,0.81206
3.7154,0.78524
3.5441,0.79509
2.8965,0.84352
3.3786,0.80697
3.3906,0.80536
2.8955,0.84577
3.3802,0.80416
3.2502,0.81154
3.5142,0.79332
3.2417,0.81421
3.3242,0.80512
3.3856,0.79758
3.3906,0.79396
3.3113,0.80049
3.2809,0.80197
3.2707,0.80659
3.358,0.80234
3.0493,0.82659
3.6714,0.77889
3.5788,0.78451
3.7121,0.77622
3.514,0.7908
2.9665,0.83266
3.6519,0.77962
3.6444,0.78152
2.9122,0.83545
3.0649,0.82292
3.0973,0.82262
3.1705,0.81479
3.3366,0.80152
3.8794,0.76362
3.3887,0.7969
3.0506,0.81827
3.1681,0.81088
3.0114,0.82752
3.0715,0.81919
2.839,0.84089
2.686,0.85383
2.7415,0.85215
3.2667,0.80566
3.453,0.793
3.1593,0.81623
3.6068,0.7796
3.5038,0.78641
3.2567,0.80371
2.834,0.83483
2.8939,0.82819
3.3684,0.79449
3.5274,0.78207
3.2023,0.81197
3.0984,0.81965
4.0742,0.75231
4.7176,0.71547
4.5778,0.72198
3.9794,0.75303
4.2081,0.7398
4.2357,0.73899
3.4201,0.78906
3.4971,0.78375
4.5194,0.72552
4.792,0.7124
3.3721,0.78925
2.7511,0.83266
7.8776,0.56
4.5166,0.71346
4.7357,0.71593
3.7703,0.76462
4.7842,0.71327
4.2056,0.7423
4.284,0.73869
3.6335,0.77524
3.4039,0.78894
3.5739,0.77839
4.3175,0.73632
4.0492,0.75301
3.8015,0.76644
5.1334,0.70184
3.9513,0.75792
3.7985,0.76853
3.944,0.75891
4.7185,0.71902
4.4785,0.73171
4.0654,0.75101
3.8904,0.76078
4.0376,0.75168
4.298,0.73687
4.2243,0.7427
3.8959,0.75976
4.6286,0.71261
4.1998,0.74511
4.0116,0.7551
4.0905,0.75172
3.8091,0.76629
3.5037,0.78517
3.4441,0.79085
3.9415,0.75999
4.1057,0.75019
4.5658,0.72844
6.7619,0.60637
3.7367,0.77138
3.8238,0.76534
5.6026,0.65171
5.2774,0.69567
4.6835,0.72044
9.3396,0.50512
5.5546,0.67499
6.1423,0.63692
5.8345,0.6591
4.5593,0.72002
4.8911,0.69805
5.5387,0.6666
4.1787,0.73238
3.2551,0.80158
3.8441,0.76529
3.2075,0.80568
4.9578,0.71062
5.5265,0.67965
3.6115,0.77807
3.3409,0.79491
3.7275,0.77126
3.5314,0.78503
3.819,0.76637
3.9375,0.75947
3.9534,0.7587
4.0639,0.75158
3.907,0.76201
3.9391,0.75901
4.014,0.75393
4.0747,0.75073
4.0094,0.75381
3.9465,0.75837
4.0605,0.75163
5.0888,0.70408
2.483,0.86011
4.534,0.71524
3.7049,0.77267
3.9325,0.75858
5.6072,0.65174
3.7751,0.76779
3.9177,0.75899
3.7769,0.76748
3.8346,0.764
3.8579,0.76239
4.7023,0.71889
3.8886,0.76083
4.2345,0.74231
5.3298,0.66195
3.3954,0.79232
3.9094,0.75914
3.8947,0.75977
4.5696,0.72549
4.6224,0.72258
4.5903,0.72482
3.4012,0.79091
4.5908,0.72488
3.492,0.78666
3.7991,0.76728
4.6601,0.72333
3.2281,0.80402
3.9949,0.75892
3.5561,0.78603
4.1212,0.75435
4.0064,0.76059
3.9914,0.76104
3.0894,0.81645
3.1791,0.80888
3.4165,0.79351
3.3075,0.79963
4.0285,0.7576
3.1997,0.81065
4.5433,0.73362
3.6282,0.78321
4.1942,0.73538
3.646,0.78214
5.0163,0.71124
3.7505,0.77518
3.7661,0.77383
3.8118,0.76972
4.4323,0.73746
3.6155,0.78229
3.7664,0.7728
3.2718,0.80275
5.5583,0.659
3.5762,0.78409
3.4886,0.78904
3.7052,0.77599
3.423,0.79351
3.4068,0.7935
3.5897,0.78241
3.6125,0.78084
3.4696,0.79102
3.7472,0.77471
3.7916,0.77173
3.667,0.78003
3.6799,0.77757
3.5446,0.78874
3.6968,0.778
3.7793,0.77206
3.4282,0.79422
3.4966,0.78906
3.8779,0.76647
3.5563,0.7845
3.8936,0.76249
4.4013,0.73922
3.5621,0.78606
3.8769,0.76644
4.1728,0.75033
4.1499,0.75185
4.1022,0.75444
4.1507,0.75108
4.2249,0.74681
4.1868,0.75116
3.8692,0.76628
4.2894,0.74507
3.858,0.76996
4.3329,0.74335
4.0656,0.75714
4.0781,0.75555
4.0114,0.75917
4.0518,0.75735
3.9798,0.76302
3.886,0.7669
3.7397,0.77568
3.6699,0.78012
3.995,0.76052
3.6027,0.78219
2.6067,0.85564
3.5193,0.78758
3.8499,0.76794
3.7983,0.77106
3.8272,0.76875
3.7886,0.77085
3.7839,0.77278
2.6931,0.84722
3.7147,0.77605
3.7653,0.77281
3.7859,0.77135
3.8471,0.76826
3.8837,0.76518
4.2192,0.74746
4.5106,0.73343
3.8771,0.76791
4.0223,0.76013
4.1027,0.75383
4.1544,0.75188
4.0043,0.76128
5.1235,0.68802
3.9793,0.76135
3.7397,0.77495
4.1478,0.75171
3.6956,0.77802
4.4202,0.73846
3.9745,0.76127
4.9908,0.71252
4.9367,0.71368
6.5799,0.6277
4.3285,0.74289
4.733,0.72524
3.5677,0.78616
4.1904,0.75169
4.2903,0.74567
3.2928,0.80209
3.7321,0.77461
4.914,0.7158
3.7355,0.77462
3.7917,0.77122
3.9693,0.76119
3.8276,0.7699
3.7472,0.77466
3.8768,0.76637
4.0012,0.75883
3.7852,0.77136
7.0571,0.59778
3.6409,0.77926
3.6357,0.78003
3.8116,0.7694
3.0771,0.81729
3.4038,0.79356
6.1349,0.62608
3.77,0.77133
3.7259,0.77457
3.6458,0.77993
3.7316,0.77451
3.9784,0.76212
3.8747,0.76523
3.7333,0.77452
3.777,0.77105
3.5636,0.78549
3.5798,0.78301
3.5006,0.78799
3.2769,0.803
3.1085,0.81551
3.6325,0.78077
3.6957,0.77695
3.5754,0.78547
5.0521,0.70962
3.7802,0.77315
3.5229,0.78856
3.5797,0.78437
3.7202,0.77545
3.7319,0.77403
4.8966,0.71605
4.9568,0.71285
4.8443,0.7191
5.0297,0.70936
5.0291,0.71034
5.0576,0.70935
3.8172,0.77048
5.7349,0.68018
4.8891,0.71771
4.9782,0.71335
4.2934,0.74308
5.0206,0.71037
3.2361,0.80547
3.6075,0.7814
3.2718,0.80242
3.6548,0.778
2.8365,0.83283
2.6871,0.8454
3.654,0.77925
2.887,0.82928
3.4593,0.79357
4.6553,0.71507
4.0823,0.74631
3.7556,0.77284
3.6299,0.77973
7.9821,0.5473
3.3809,0.79766
3.5711,0.78526
3.1466,0.8136
3.6929,0.77718
3.6407,0.78102
3.5441,0.78857
3.3926,0.79642
5.9752,0.64631
4.3543,0.74155
3.8854,0.76582
2.8257,0.833
4.5731,0.72736
2.5983,0.8502
4.0536,0.75514
3.5807,0.78094
2.6062,0.8502
3.7718,0.77044
4.149,0.74728
3.5506,0.78121
3.4999,0.78612
3.0231,0.81537
3.6019,0.77983
3.499,0.78439
4.7125,0.72062
3.6087,0.77923
3.5796,0.78155
3.6542,0.77713
3.9023,0.76267
3.6115,0.77854
3.9036,0.76081
4.5048,0.73018
3.4944,0.7857
3.4698,0.78626
3.5541,0.78167
2.7044,0.84062
2.8031,0.83249
3.5412,0.78136
3.9651,0.75924
2.7729,0.83504
3.3353,0.79679
3.6561,0.77633
2.7917,0.83309
2.7213,0.8395
3.4941,0.78525
2.8004,0.83118
2.9583,0.81961
3.8181,0.76512
3.8209,0.76534
3.8305,0.7652
3.8968,0.76173
3.8547,0.76466
5.0677,0.68431
3.7887,0.7695
3.8111,0.76733
3.7719,0.77119
3.751,0.77174
3.7782,0.76882
3.9886,0.75436
3.6831,0.77326
3.8077,0.7654
3.0441,0.81392
4.0049,0.75467
3.7242,0.77244
3.117,0.81116
3.7378,0.77043
3.1508,0.8055
2.8538,0.82742
3.8538,0.76175
3.8007,0.76566
2.9217,0.82379
3.3522,0.79402
3.2591,0.80182
3.3514,0.79507
3.3731,0.79395
3.2836,0.8001
3.2989,0.79849
3.1899,0.80589
3.3569,0.79277
3.1394,0.80878
3.4034,0.78859
4.9039,0.67931
3.3598,0.79096
3.5015,0.78312
3.5712,0.77888
3.917,0.76053
3.744,0.77186
3.7518,0.77048
3.6863,0.77575
3.3936,0.79231
3.8929,0.76024
3.5623,0.7791
3.8121,0.7653
3.8148,0.76618
3.7368,0.77187
3.7198,0.7722
3.7391,0.77067
3.856,0.76309
3.7913,0.76724
3.8815,0.76097
3.799,0.76547
3.1884,0.80418
3.8037,0.76633
3.7959,0.76625
3.789,0.76686
3.8201,0.76576
3.6998,0.77384
4.1638,0.74761
4.0836,0.75135
2.6793,0.84268
3.6709,0.77515
4.6207,0.71306
3.2207,0.80112
3.8184,0.76728
3.9704,0.7575
4.0003,0.75485
3.9744,0.7568
3.2023,0.79439
3.8765,0.76401
3.4356,0.78839
3.5005,0.78466
3.4865,0.78525
3.6025,0.7798
3.7601,0.76872
3.6606,0.7762
3.638,0.77752
3.747,0.7699
3.6805,0.77354
3.7611,0.76817
3.172,0.80687
3.3482,0.79507
3.2889,0.79832
3.8693,0.7623
3.7877,0.76781
3.4383,0.78828
3.9291,0.75801
3.5122,0.78227
5.0694,0.67359
3.7982,0.76523
3.7363,0.76973
3.7409,0.76964
3.7439,0.76914
3.4247,0.78938
3.6694,0.77538
3.7996,0.76733
3.1941,0.80451
3.7305,0.77197
3.9061,0.75965
3.8815,0.7609
4.0292,0.75195
5.4564,0.6504
3.115,0.80699
3.0916,0.8096
3.5382,0.78141
3.6535,0.7755
4.1237,0.74847
3.9194,0.75961
5.7875,0.64534
3.4212,0.78966
3.5314,0.78263
5.0308,0.68975
3.8816,0.76186
2.8791,0.82516
4.3489,0.71824
3.4793,0.78473
4.0957,0.74994
4.4572,0.73103
3.8362,0.76366
3.4928,0.78394
3.4463,0.78758
3.8781,0.76093
3.6005,0.77876
3.7957,0.76511
3.9358,0.75718
5.2643,0.69545
3.8482,0.76437
3.232,0.80167
3.6681,0.77533
3.2051,0.80384
3.4315,0.78799
2.5524,0.85067
3.1326,0.80732
3.14,0.80754
3.1675,0.80559
2.6286,0.84523
4.1988,0.74379
3.8563,0.76313
3.7616,0.76738
3.7072,0.77147
4.087,0.75009
3.6749,0.77264
2.6563,0.8429
2.7491,0.83451
2.8165,0.82867
3.2731,0.79848
4.0855,0.74901
3.4825,0.7836
3.4496,0.78631
3.4651,0.78586
2.6733,0.84252
3.84,0.76423
3.861,0.76336
3.9079,0.76018
4.4181,0.73179
3.4528,0.78599
3.6127,0.77589
4.5335,0.72682
3.5021,0.78278
3.7219,0.77109
3.4763,0.78454
4.1797,0.74513
3.6659,0.7755
2.83,0.83055
3.5987,0.77845
3.5931,0.78072
3.4355,0.78758
3.4459,0.78701
3.4843,0.78421
3.5267,0.78089
3.4585,0.78642
3.3292,0.79584
3.5512,0.78127
3.4204,0.78886
3.3119,0.79703
3.3903,0.79128
3.2925,0.79805
3.3423,0.79444
3.5994,0.77678
2.5916,0.84705
3.4142,0.78873
3.5638,0.77974
3.1071,0.8107
3.3389,0.79722
3.0799,0.81257
2.7638,0.83535
3.277,0.79904
3.3519,0.79335
5.0602,0.7045
5.7216,0.67607
3.0395,0.81364
3.1601,0.80394
2.9456,0.82143
3.3416,0.79474
3.8327,0.76422
3.7693,0.76852
2.9561,0.8191
3.8892,0.75989
3.812,0.7654
2.9607,0.82117
3.4568,0.78674
2.7611,0.834
3.5774,0.77977
3.803,0.76569
3.5754,0.78001
3.6869,0.77411
3.737,0.77087
3.9071,0.76061
3.6856,0.77368
3.7656,0.76986
3.3078,0.79766
3.8107,0.7665
3.5095,0.78577
3.5702,0.78195
3.31,0.79619
4.1493,0.72725
2.805,0.82986
2.9344,0.81931
3.517,0.78138
3.4973,0.783
3.2631,0.80091
3.2406,0.80368
3.2407,0.80326
3.2033,0.80479
3.3965,0.79118
3.4232,0.7885
3.3677,0.79236
3.7555,0.7678
3.6065,0.77821
3.2852,0.79785
3.6534,0.77505
3.4249,0.78893
3.4697,0.78599
3.3488,0.79638
3.7629,0.76997
3.5719,0.78121
3.8095,0.76504
4.1402,0.74074
2.7341,0.83594
2.6599,0.8428
3.3249,0.79409
3.3262,0.79403
2.71,0.83778
2.4512,0.85931
3.1181,0.809
3.2349,0.80233
3.0776,0.81157
3.8374,0.76265
3.7751,0.76669
3.6973,0.77181
3.9785,0.75485
3.9033,0.75977
4.0328,0.75216
3.9347,0.75819
3.8648,0.76206
3.8769,0.76052
4.0181,0.75286
3.9016,0.75944
5.1588,0.67894
3.3527,0.79226
2.6672,0.84197
3.7945,0.76637
3.4072,0.78836
3.65,0.76746
3.34,0.79332
3.6145,0.77647
5.3034,0.65839
3.5404,0.78272
3.8363,0.76436
3.7849,0.76786
3.7452,0.76942
3.3347,0.79471
3.5787,0.77901
3.6136,0.77591
3.5807,0.78063
3.5223,0.78181
3.4492,0.78632
3.4999,0.78345
3.6319,0.77395
3.2707,0.79811
3.5644,0.77933
3.5417,0.78072
4.4354,0.73302
3.5452,0.78098
3.7033,0.77181
4.5012,0.72875
3.7054,0.77183
3.6525,0.77596
3.5103,0.78445
3.4173,0.78988
3.7504,0.7706
2.6055,0.84713
2.6483,0.84304
3.3659,0.79464
3.8037,0.76619
3.7711,0.76804
3.5164,0.78353
3.5951,0.77895
2.8655,0.82624
3.4021,0.7897
3.4144,0.7903
3.3071,0.79633
3.4835,0.78636
3.5722,0.77908
3.2325,0.80222
2.7552,0.83446
3.3295,0.79406
3.3094,0.79588
3.3367,0.79406
3.3396,0.79364
3.7187,0.76925
3.301,0.79582
3.1185,0.80821
3.6909,0.77305
3.656,0.77575
3.7504,0.76856
3.6847,0.77333
3.8014,0.76534
3.4693,0.78506
3.6722,0.77184
3.6805,0.77276
4.3313,0.7385
3.7588,0.76727
3.641,0.77611
3.8124,0.76529
3.7608,0.7676
3.7179,0.77047
3.8043,0.76491
3.6532,0.77449
3.6099,0.77766
3.7552,0.76689
3.6187,0.77548
3.8172,0.76364
3.699,0.77005
3.4516,0.78886
3.0348,0.81439
2.8667,0.82625
3.2013,0.80243
3.4584,0.78423
3.7397,0.7682
3.1152,0.8079
3.2503,0.79922
3.4023,0.78868
2.732,0.83724
3.2082,0.8026
3.5003,0.78489
2.7135,0.83666
3.1723,0.80369
3.8067,0.76365
3.4773,0.78468
3.3689,0.79017
3.3859,0.78855
2.9833,0.81663
3.7179,0.76938
3.6482,0.77492
2.6861,0.83942
3.791,0.76533
2.7047,0.83736
4.0476,0.75021
3.3801,0.78894
3.4026,0.78724
3.7148,0.76755
3.4535,0.78291
4.5195,0.72455
4.1062,0.74523
3.3056,0.7915
3.982,0.75255
3.7874,0.76241
3.7977,0.76206
4.3514,0.73386
3.7894,0.76274
3.736,0.76662
3.4934,0.78095
3.0963,0.80535
3.7334,0.76471
3.3401,0.78953
3.7414,0.76515
3.036,0.80882
3.7663,0.76332
3.5673,0.77576
3.5565,0.77613
3.7085,0.76689
3.6181,0.77339
3.3952,0.7859
3.3116,0.7916
3.3334,0.78884
3.8249,0.75814
3.7927,0.76043
3.7557,0.76352
3.3441,0.78863
3.769,0.76161
3.3352,0.7894
3.7057,0.76475
3.7382,0.76244
3.7425,0.76323
3.6274,0.77044
3.8919,0.7559
4.2403,0.73697
3.6034,0.77157
3.7512,0.76176
3.6419,0.76845
3.8173,0.75725
3.7396,0.76232
3.8207,0.75673
3.8194,0.75574
3.7181,0.76386
3.6091,0.77074
3.6849,0.76476
3.6897,0.76355
3.7067,0.76261
3.7769,0.75739
3.726,0.76108
3.6236,0.7692
3.8292,0.75467
3.642,0.76538
4.0385,0.7402
3.9343,0.74501
3.6499,0.7629
3.561,0.76794
3.1868,0.79121
3.1672,0.79177
4.9571,0.69621
5.1031,0.68798
3.1762,0.78097
3.2946,0.78012
2.6523,0.82802
2.7555,0.81913
3.8768,0.74554
3.3218,0.779
3.6124,0.76299
3.9308,0.74393
3.9646,0.74233
3.3473,0.77875
3.1095,0.79389
3.1597,0.79101
3.4261,0.77256
3.221,0.78466
3.1898,0.78621
2.9011,0.80417
2.7007,0.81926
3.1067,0.79013
2.6752,0.823
3.3273,0.77568
2.7032,0.81915
3.3618,0.77247
3.3324,0.77474
3.3076,0.77634
3.3469,0.77323
5.4968,0.63139
3.3638,0.76932
3.3508,0.76973
3.2582,0.77677
3.2811,0.77513
3.304,0.7743
3.494,0.76111
2.9019,0.79965
3.4555,0.76393
2.894,0.80039
3.5387,0.75696
3.5007,0.75958
3.5153,0.75849
3.4513,0.76233
3.5026,0.75941
3.044,0.78867
3.1328,0.78062
4.459,0.7091
2.9681,0.79502
4.3823,0.70948
3.03,0.78689
3.024,0.78798
2.9907,0.791
3.1216,0.781
2.9553,0.79316
2.9644,0.79175
3.0777,0.78285
2.9824,0.79061
3.1048,0.78
2.9908,0.78852
4.0613,0.7224
5.0289,0.64888
3.4801,0.75703
3.7979,0.73883
3.7295,0.74295
4.6984,0.69227
2.9179,0.79225
3.6476,0.74253
2.9304,0.79154
3.8057,0.73221
4.1676,0.71269
4.4272,0.70041
4.0404,0.71265
3.4385,0.74363
3.4337,0.74271
3.4456,0.74035
3.3374,0.74814
3.4454,0.74139
3.2555,0.7537
3.3211,0.74794
3.4841,0.7372
3.4213,0.73876
4.6015,0.67666
4.95,0.66233
2.9203,0.77665
5.3145,0.64796
3.5486,0.7305
4.0286,0.70519
3.6705,0.7227
3.6845,0.72056
3.6704,0.7193
4.063,0.70016
4.2684,0.68792
4.2418,0.68879
3.8082,0.711
4.4213,0.68196
3.7849,0.71615
3.8933,0.70826
3.8202,0.71301
4.3292,0.67531
3.9269,0.70431
3.8996,0.70554
3.8793,0.70389
3.9846,0.69993
3.9948,0.69895
3.8381,0.70919
4.0741,0.69562
4.3636,0.68247
5.6762,0.62617
4.4571,0.6762
4.5261,0.67066
3.8691,0.70408
3.7662,0.71159
5.8041,0.62023
4.4171,0.67874
3.9157,0.70434
3.8496,0.70857
4.1123,0.69331
4.3271,0.67658
3.9529,0.6973
13.111,0.36556
6.5889,0.55286
7.71,0.52313
4.1578,0.68498
7.6103,0.51241
8.8533,0.47375
7.2649,0.56878
5.1688,0.62436
3.5883,0.7217
5.0118,0.64713
3.5137,0.72064
3.9015,0.69903
4.3332,0.6764
4.5438,0.66434
3.4337,0.72183
4.5498,0.66396
5.751,0.61935
4.5588,0.66687
5.2757,0.63789
5.3702,0.63308
4.6019,0.66362
4.4183,0.67479
5.3411,0.63576
5.101,0.64616
3.8125,0.70241
5.7688,0.61247
5.761,0.61336
5.7768,0.61675
5.7108,0.6194
5.8315,0.61449
5.7953,0.61048
5.6884,0.61926
5.9047,0.61047
4.2584,0.67286
4.4537,0.66385
4.5445,0.65718
6.0613,0.60449
5.8714,0.61173
4.1719,0.68108
4.182,0.67765
4.1475,0.67966
4.5178,0.6621
4.2535,0.67333
4.1597,0.67771
4.0094,0.68561
4.5616,0.65847
5.9005,0.60861
3.5232,0.71253
3.6595,0.70389
4.5083,0.66082
4.2918,0.66907
4.2716,0.67109
4.9831,0.6335
3.6688,0.703
3.6105,0.70348
3.6088,0.70326
4.0845,0.68396
6.3424,0.54591
6.0796,0.56371
10.296,0.4106
5.0164,0.61332
6.3012,0.54799
5.8263,0.56811
4.7517,0.62826
6.8541,0.52398
7.8779,0.49241
9.1741,0.47492
3.9574,0.68449
3.1166,0.73159
3.877,0.68247
4.1342,0.64692
5.4553,0.55836
5.5621,0.55812
2.7478,0.74635
2.8052,0.74445
2.6709,0.75936
2.6691,0.76289
2.6298,0.76499
2.5408,0.77558
4.1994,0.67602
2.5488,0.78112
2.5709,0.77734
2.5833,0.7734
2.5335,0.76299
2.6508,0.76504
2.0109,0.82182
2.575,0.76911
2.5414,0.77346
2.9378,0.73584
3.1187,0.7149
5.5512,0.55473
4.827,0.59647
3.0068,0.73324
3.1044,0.7144
3.7851,0.66095
6.419,0.53981
2.5559,0.77371
2.0195,0.8242
1.994,0.82558
3.8244,0.65141
10.495,0.40055
1.9344,0.83238
2.5375,0.77214
2.512,0.77499
4.5221,0.60638
2.0769,0.81603
2.1289,0.80749
2.569,0.76817
3.0612,0.73745
2.1159,0.80975
2.1851,0.79497
2.1633,0.80892
3.3042,0.71561
2.7108,0.7402
2.0314,0.81296
2.2471,0.78761
2.0521,0.81467
2.0982,0.80548
2.4248,0.76802
3.4594,0.66738
4.5188,0.60134
4.8906,0.59751
7.2648,0.47946
6.7911,0.48931
2.3164,0.77626
2.5269,0.75534
4.1212,0.62296
7.1698,0.47078
8.7692,0.42138
9.3723,0.4036
2.224,0.78519
2.1827,0.79057
3.045,0.71305
2.7725,0.73668
3.2211,0.70593
5.005,0.59244
3.4122,0.67548
3.2233,0.70013
3.479,0.6759
4.1777,0.62236
4.7586,0.58556
6.2466,0.51747
2.7083,0.74185
2.6639,0.74645
2.2734,0.77272
4.0683,0.63273
3.1838,0.71336
5.5692,0.57511
6.5158,0.51283
5.3319,0.53857
2.5237,0.74735
3.511,0.68894
2.2049,0.78405
3.404,0.69226
4.4944,0.62221
7.1428,0.48297
4.6149,0.61567
3.2793,0.69477
4.2608,0.64454
4.0433,0.65214
4.0831,0.63324
6.2456,0.49823
5.5437,0.54962
3.7082,0.66975
3.6295,0.67341
3.845,0.65695
3.4303,0.65945
9.1551,0.39713
2.5597,0.75606
4.3637,0.63476
2.8868,0.72152
2.5592,0.74222
2.8027,0.71608
2.5387,0.74512
2.4163,0.75767
2.855,0.70743
3.6157,0.63098
4.5112,0.60308
2.2348,0.7732
2.2839,0.76874
3.264,0.66674
3.162,0.67863
3.7493,0.63659
4.9396,0.55967
2.4754,0.74058
4.7929,0.60967
4.9613,0.59596
5.6531,0.55788
3.4058,0.66091
8.1406,0.44205
4.8111,0.56754
5.7497,0.5215
4.2197,0.63039
2.5818,0.74017
4.0523,0.64471
2.2496,0.76918
1.9018,0.8074
3.2311,0.66554
4.3189,0.58548
3.5866,0.66245
3.5739,0.67053
4.2718,0.61686
2.5969,0.73891
3.7603,0.63316
5.129,0.55501
2.6705,0.73061
2.4907,0.74464
4.172,0.64257
2.3805,0.75923
2.2783,0.76892
3.6359,0.63744
4.9427,0.57075
3.544,0.66995
2.0641,0.79063
3.8136,0.64737
2.888,0.72413
2.4225,0.75797
2.2834,0.76508
3.9193,0.6315
3.1265,0.68858
2.4892,0.74818
2.9354,0.70795
2.4025,0.75832
2.6637,0.73182
2.7539,0.72721
4.5229,0.5907
2.3259,0.76253
2.5201,0.74469
1.9885,0.79889
2.1485,0.78003
4.5173,0.60886
5.5421,0.5241
3.0936,0.68089
3.7254,0.66887
2.0976,0.7887
2.4357,0.75572
2.6165,0.73652
3.9669,0.65022
4.2348,0.6167
6.0158,0.50294
4.3115,0.62528
5.0596,0.59629
3.5891,0.67054
2.8547,0.72251
2.7343,0.73102
3.0745,0.67876
6.0708,0.51289
4.7895,0.6084
4.2026,0.63757
3.0165,0.70768
3.6331,0.6447
4.3595,0.59418
3.2396,0.70317
2.2449,0.7806
4.1034,0.64287
3.4606,0.68364
3.4191,0.68752
3.7871,0.66316
3.438,0.68428
3.7863,0.65732
3.9014,0.64655
3.5335,0.67312
3.2398,0.69861
3.5078,0.67979
3.1866,0.70015
2.1989,0.77961
4.2653,0.60073
3.143,0.69622
2.216,0.77913
3.1137,0.70548
3.1768,0.70356
2.5859,0.75031
2.976,0.71083
2.4374,0.75347
2.384,0.76416
3.2731,0.6938
2.2083,0.79032
2.4631,0.7713
2.2902,0.77869
2.7901,0.73748
2.998,0.72061
2.5858,0.75269
2.8484,0.73466
3.3337,0.69446
3.0578,0.71624
5.6748,0.52094
3.0211,0.71472
3.1274,0.71076
3.074,0.71488
1.8849,0.82117
1.9925,0.8082
2.3743,0.7682
2.19,0.78729
2.2398,0.78055
2.064,0.80316
2.1197,0.79356
2.0635,0.79714
1.9283,0.81251
2.2047,0.77914
3.3218,0.69374
2.3859,0.75646
7.0455,0.47063
1.9192,0.81624
3.121,0.71072
2.1249,0.79364
4.3545,0.6201
3.4437,0.68925
3.4229,0.67841
3.4477,0.65421
2.0126,0.80581
3.3545,0.6935
3.3494,0.69359
2.7761,0.70723
2.7731,0.71596
2.9056,0.72738
2.8233,0.7354
3.4776,0.69005
2.4116,0.76409
2.1628,0.78328
2.1943,0.78524
2.0889,0.79992
2.2881,0.77032
2.2503,0.77503
2.2251,0.78433
2.118,0.78159
2.1743,0.78693
2.0571,0.80034
1.7643,0.83866
1.7697,0.83519
1.8894,0.81252
5.6046,0.51243
2.5121,0.72926
2.7346,0.72371
3.8276,0.65866
1.9621,0.80461
3.8169,0.66268
3.3976,0.68524
3.9001,0.65905
4.05,0.65424
2.936,0.72692
2.8591,0.73604
3.4564,0.69031
3.8033,0.65858
4.6946,0.6147
4.6883,0.61826
2.3799,0.76843
3.6467,0.67459
2.3916,0.75731
3.8426,0.65848
3.3568,0.69203
4.4792,0.6029
2.2022,0.78438
3.3112,0.70357
2.1216,0.79297
3.7176,0.67071
3.5889,0.68334
5.4118,0.55335
2.3527,0.7672
2.1478,0.78874
2.3252,0.77073
3.911,0.65685
3.9209,0.65575
2.5264,0.7458
5.2455,0.54198
2.3519,0.76522
2.2868,0.77225
3.8199,0.65807
2.7605,0.74039
2.2854,0.77338
4.2958,0.62433
5.1148,0.56279
4.2429,0.63262
3.4403,0.68575
2.2226,0.77839
2.1323,0.78695
2.3603,0.76792
2.564,0.73851
3.7059,0.63354
3.1836,0.67327
2.2347,0.77356
1.9825,0.80748
2.0313,0.79797
2.2118,0.77809
2.1788,0.7796
3.1194,0.69774
2.3057,0.76982
2.1575,0.78347
3.3048,0.69159
2.3934,0.75802
3.4363,0.67671
4.5993,0.61652
2.0199,0.79313
4.4999,0.58961
3.7202,0.63917
2.5543,0.73766
3.2441,0.69707
2.2414,0.76475
2.1384,0.78093
2.2028,0.77055
1.9772,0.79697
2.1552,0.78026
1.9869,0.80499
1.9399,0.80402
2.054,0.78963
2.3236,0.76478
2.2962,0.76386
2.2781,0.76134
2.0756,0.78965
2.3636,0.75116
2.3481,0.75542
3.3454,0.69001
2.4237,0.75065
3.1858,0.70148
5.4333,0.56568
3.6588,0.65113
2.9106,0.72013
2.4136,0.76164
3.7042,0.65481
2.7187,0.72775
2.9464,0.71766
1.8255,0.81367
2.0529,0.79666
1.7773,0.83373
2.2426,0.77654
2.0626,0.78316
2.1379,0.78029
4.4344,0.61265
2.2952,0.77401
3.503,0.68294
3.2586,0.68733
3.7009,0.65693
1.9651,0.81065
2.1938,0.77599
3.8124,0.65285
3.4797,0.68183
2.4675,0.75284
2.9397,0.72203
3.4442,0.68563
3.2621,0.69676
2.9039,0.72325
2.3435,0.77179
2.3626,0.7718
2.5244,0.75832
2.9469,0.71521
2.8179,0.70873
2.529,0.73943
2.8581,0.7055
2.217,0.78119
2.4229,0.754
2.689,0.72298
2.2041,0.77988
2.44,0.75171
2.2875,0.77219
4.2165,0.64112
2.201,0.7786
2.5154,0.73517
2.6189,0.72629
2.18,0.77324
1.733,0.83652
2.2158,0.78375
2.8436,0.73641
1.7425,0.83835
3.7371,0.66734
1.8342,0.82543
2.218,0.77775
3.7327,0.66392
3.0035,0.71755
2.4644,0.7343
2.4171,0.7433
3.192,0.6955
1.8407,0.81485
2.2304,0.77806
2.171,0.78157
2.2037,0.77764
2.8599,0.72655
2.7265,0.71789
2.1931,0.76901
2.1485,0.787
2.0858,0.79466
2.1132,0.79054
3.3385,0.69832
3.5828,0.68269
4.1115,0.61325
3.2856,0.70277
3.5763,0.68267
3.332,0.70317
3.8948,0.65685
3.5722,0.68115
3.2942,0.70573
3.028,0.7183
3.5598,0.68643
3.3687,0.6976
2.5474,0.75221
1.8311,0.82277
2.0534,0.78905
3.1991,0.7009
2.7461,0.74197
2.5922,0.75018
1.8301,0.81622
1.8709,0.81391
1.8622,0.8161
3.8552,0.65364
1.9928,0.79351
3.0262,0.70677
3.0972,0.69843
3.8964,0.6564
3.4773,0.67716
3.3735,0.68983
3.5827,0.66346
4.2562,0.63936
1.9629,0.80771
3.9818,0.6554
2.0079,0.7986
2.8869,0.72463
3.4064,0.68161
2.0183,0.79439
2.2697,0.75987
2.0751,0.79302
3.2283,0.7009
2.1949,0.77916
3.4164,0.64722
2.5658,0.74549
2.308,0.77406
1.6243,0.8501
1.9972,0.80068
1.8987,0.80787
2.1184,0.78518
3.1099,0.67047
2.9402,0.71518
2.1678,0.78219
2.0673,0.79446
2.3829,0.75624
3.2236,0.6794
2.5407,0.73466
2.0624,0.79567
2.6734,0.73832
3.2819,0.69821
2.5313,0.75414
2.1792,0.77832
3.2096,0.6826
2.8638,0.69708
2.1892,0.76724
2.1136,0.78505
1.8636,0.81303
2.1208,0.78582
2.2026,0.77129
2.208,0.77738
2.7857,0.7214
2.2729,0.76138
2.4813,0.74759
2.1173,0.78612
2.0702,0.79356
1.7419,0.83982
2.1923,0.7863
2.336,0.76484
4.2907,0.59379
1.8745,0.82159
1.9726,0.81236
2.4653,0.75661
2.3969,0.76198
2.7543,0.72704
2.7554,0.73333
1.8501,0.8193
2.1467,0.78852
1.978,0.79412
2.0846,0.79504
3.062,0.69927
3.1712,0.66808
2.2886,0.77166
2.3767,0.7585
2.4278,0.75155
2.8487,0.71713
2.2049,0.77656
2.094,0.78836
3.9147,0.61515
3.5272,0.66541
3.3025,0.69563
1.9372,0.8086
2.0875,0.78959
2.0635,0.7926
2.0112,0.80047
1.9914,0.79706
1.9942,0.80319
1.8959,0.8173
2.8645,0.70073
2.0123,0.80582
2.1665,0.78712
2.0179,0.79961
2.7774,0.7248
2.5482,0.74886
3.9006,0.65066
5.336,0.55114
3.2397,0.67912
2.5143,0.72895
2.939,0.71091
2.3889,0.75123
2.707,0.71585
3.1675,0.69325
2.5655,0.74723
2.4969,0.74492
2.1233,0.79818
2.1144,0.79319
2.2757,0.77471
2.1926,0.78259
2.6474,0.71945
2.0016,0.80404
2.3325,0.75976
1.9236,0.80724
2.0946,0.79377
2.0792,0.79449
2.2372,0.77275
2.0664,0.79497
3.4295,0.67501
1.9268,0.80773
2.0682,0.79721
2.3608,0.76358
3.6351,0.6763
4.4236,0.63122
2.7472,0.72916
2.8365,0.70092
5.1215,0.59337
3.8022,0.65835
2.3441,0.76452
2.79,0.72981
2.3411,0.75798
2.2886,0.76494
2.841,0.70903
2.2716,0.76684
2.3378,0.76111
2.3195,0.76565
2.6917,0.72036
2.3302,0.75937
2.1377,0.78519
2.0667,0.79629
2.1197,0.78818
2.6864,0.73685
3.5819,0.67074
1.9099,0.80345
2.1864,0.76797
1.8004,0.81657
3.0336,0.71932
2.5895,0.75282
2.7046,0.74184
2.1017,0.78002
2.4597,0.73884
3.0966,0.66939
2.1527,0.77015
2.2153,0.77651
2.6038,0.73966
2.1024,0.78436
1.8604,0.81629
2.4986,0.74951
2.0805,0.78466
2.6966,0.72423
2.1593,0.78122
2.5224,0.74797
2.5388,0.75563
2.2197,0.77345
2.7909,0.71935
2.2527,0.76462
2.6761,0.73987
3.4056,0.68347
3.4211,0.69229
3.4776,0.68754
2.1595,0.7827
3.4274,0.69016
3.4795,0.68704
2.2914,0.76563
3.5506,0.68258
2.1886,0.77757
2.2175,0.77909
3.7654,0.61969
2.1415,0.78453
1.5964,0.84867
1.8905,0.80983
2.0873,0.78189
2.0446,0.79467
2.1289,0.78634
2.1326,0.78601
2.1092,0.77899
2.2712,0.76496
1.9257,0.80683
2.2943,0.76309
3.9439,0.6507
2.6151,0.7381
2.2484,0.7721
1.8947,0.8117
3.3704,0.6912
3.4635,0.67521
1.9439,0.80004
2.9888,0.70609
2.1175,0.77638
1.772,0.82962
3.1179,0.70954
3.2107,0.69901
3.5427,0.67209
3.8727,0.65771
4.3287,0.62875
4.1217,0.63775
2.2931,0.76538
4.0919,0.64347
4.3094,0.62862
2.2545,0.77153
4.4732,0.62343
4.4081,0.62515
4.5956,0.61678
2.3567,0.75732
3.8106,0.65874
2.3125,0.77187
2.6293,0.74457
2.2788,0.76189
4.4292,0.58279
2.3767,0.74765
2.0201,0.79876
2.029,0.79785
2.0067,0.79856
3.0973,0.7113
3.5427,0.66888
3.2688,0.69846
1.906,0.81339
2.0425,0.796
2.1368,0.78072
4.0819,0.58739
2.3997,0.75775
2.0007,0.79965
2.9883,0.70025
2.9379,0.71343
1.8513,0.81575
5.2939,0.57228
3.0846,0.70139
2.3716,0.75921
2.2701,0.76835
1.9252,0.8021
2.3358,0.76194
3.2157,0.66525
3.4579,0.64583
1.8825,0.80936
3.062,0.70558
1.8964,0.80854
3.4544,0.67926
3.1288,0.70256
2.0022,0.80508
2.2946,0.77344
4.2562,0.604
3.4464,0.67592
3.1765,0.70276
3.1423,0.70125
3.2244,0.69432
2.9407,0.72213
3.3356,0.68967
2.9468,0.72077
2.8597,0.72731
2.3211,0.75743
2.7759,0.73591
3.3596,0.68327
2.2969,0.76593
4.2919,0.63306
4.8316,0.60706
2.5156,0.75166
4.3597,0.62398
4.2778,0.63009
2.6267,0.74475
3.7942,0.66303
2.3681,0.76478
3.717,0.6681
2.8267,0.73061
2.5288,0.75107
2.4381,0.74247
2.8525,0.70566
2.6866,0.71188
3.1731,0.70393
3.2802,0.69467
2.1036,0.78692
2.2579,0.76887
3.57,0.64018
4.9864,0.60052
3.9058,0.65446
3.8996,0.65559
2.5612,0.74359
2.4673,0.7522
2.6265,0.73827
3.3042,0.68847
2.4614,0.75192
2.5119,0.74426
2.1525,0.77781
2.6863,0.73377
2.0482,0.79275
3.265,0.6781
3.4902,0.67781
2.3692,0.75984
2.3567,0.75917
2.3713,0.75982
2.9848,0.71654
3.4986,0.67282
3.1825,0.66583
3.5836,0.66495
3.1704,0.69513
2.88,0.71425
4.5037,0.6122
3.2407,0.70344
3.5108,0.66935
3.5208,0.68161
4.1101,0.639
2.3251,0.75868
2.6819,0.73661
2.7191,0.73696
2.4361,0.75085
3.2479,0.66293
2.4686,0.75459
2.5546,0.74639
2.4588,0.75413
2.0448,0.7946
2.2028,0.77762
2.0614,0.79686
2.1822,0.78429
2.3599,0.76477
3.7072,0.6652
3.1367,0.69799
2.6547,0.73252
4.0315,0.62786
1.7019,0.82933
2.3319,0.76105
2.0838,0.79093
2.3926,0.75659
2.1173,0.79042
3.5526,0.68075
2.1914,0.78144
3.5276,0.67597
2.4909,0.75693
2.794,0.72312
2.477,0.75679
2.5522,0.74901
2.3697,0.76811
2.4543,0.76091
2.4694,0.75828
2.358,0.77235
2.6009,0.74346
2.6537,0.73742
2.7041,0.7306
2.5171,0.75183
5.2039,0.56709
3.6586,0.66888
3.3228,0.69259
3.4308,0.68674
3.7592,0.66177
3.3804,0.68926
2.9222,0.729
2.4677,0.75679
2.8896,0.73143
3.2783,0.69991
3.2971,0.69607
3.3249,0.6953
2.6064,0.74047
3.1063,0.70094
2.6281,0.74082
1.8281,0.81186
3.5306,0.67863
3.5233,0.64805
4.0424,0.61085
3.1764,0.69608
2.6446,0.73792
3.6912,0.66525
3.3475,0.69308
3.4925,0.68286
2.9445,0.70669
3.863,0.66214
3.2893,0.69247
3.3014,0.68995
2.6068,0.74428
3.3348,0.68899
3.6013,0.66848
2.8024,0.72615
3.4781,0.67961
3.2875,0.69012
3.7738,0.6596
3.3797,0.68185
2.9719,0.72223
2.9654,0.72174
3.1147,0.71171
3.2412,0.70443
3.4142,0.69112
3.7098,0.65814
4.101,0.6308
3.5083,0.67341
2.0102,0.7988
1.7036,0.8313
3.359,0.69087
3.5452,0.6779
6.4149,0.50945
4.6073,0.58545
3.2297,0.6804
3.189,0.70095
3.3348,0.68697
3.7399,0.66429
3.6614,0.66577
3.7617,0.65976
3.8141,0.65561
3.0949,0.70368
3.1677,0.69781
3.073,0.70598
2.9361,0.72297
2.8799,0.72814
3.2433,0.69811
2.0542,0.79172
2.7241,0.7374
3.0348,0.71404
2.9011,0.71995
3.0488,0.70642
4.3508,0.59964
3.1613,0.70259
2.8425,0.72759
2.995,0.71393
2.5399,0.7383
3.7623,0.65567
2.0844,0.78637
3.2251,0.69488
1.8837,0.81427
1.8119,0.81925
3.3358,0.69198
2.3842,0.76533
2.0307,0.79807
1.9144,0.81174
1.8867,0.81562
1.8524,0.81416
2.0659,0.78912
3.4643,0.67742
1.8894,0.80694
1.98,0.79603
1.8958,0.80465
1.9124,0.80134
2.6796,0.73113
2.6591,0.73315
2.6866,0.72987
3.4071,0.6831
2.7727,0.72436
2.1615,0.78243
2.2435,0.76794
2.3502,0.76156
2.2581,0.76575
3.8627,0.65912
2.729,0.72796
4.6878,0.59468
3.4617,0.68252
3.2977,0.69244
3.4875,0.67818
3.0638,0.7045
3.2331,0.69753
3.516,0.67878
3.1451,0.7094
3.0538,0.70735
3.5025,0.68282
3.0044,0.72139
3.0409,0.71586
2.9799,0.72184
3.094,0.7092
4.1735,0.6268
3.5796,0.67205
3.3454,0.69126
3.3801,0.69209
3.5131,0.68218
2.3125,0.77328
2.116,0.78751
2.2443,0.77461
1.81,0.8169
2.6945,0.73091
3.1808,0.69911
2.5892,0.71239
3.3819,0.68126
2.6398,0.7333
3.6295,0.66898
3.3381,0.68992
3.3129,0.69213
1.7181,0.82958
3.0019,0.7065
2.2313,0.77823
2.2961,0.76885
3.0362,0.703
3.3791,0.68182
2.2412,0.76834
2.3094,0.75742
3.4989,0.67458
2.3508,0.76539
2.4791,0.75361
3.1699,0.69802
2.3971,0.75297
2.3333,0.76481
2.1798,0.77948
2.7342,0.7195
2.0757,0.78595
2.6189,0.72839
3.6886,0.61265
3.124,0.70071
2.6072,0.74064
1.6625,0.83614
1.918,0.80693
3.3683,0.68892
3.2067,0.70237
3.5019,0.6763
3.3495,0.68839
3.4147,0.68877
3.3176,0.69323
1.8714,0.8168
3.3884,0.68429
3.4349,0.68644
3.2813,0.70081
3.5799,0.67805
1.6641,0.83576
3.5448,0.67625
2.9771,0.72098
2.8773,0.72915
2.8278,0.73279
3.539,0.67853
3.1054,0.70889
3.4471,0.68389
2.128,0.78597
3.2681,0.69874
1.9065,0.81488
3.2898,0.69806
3.3246,0.69345
4.0574,0.63362
3.1348,0.70978
2.1577,0.78063
2.8092,0.73137
2.9887,0.71995
2.611,0.74162
3.1723,0.70252
3.6309,0.67433
2.9265,0.72019
3.4274,0.68947
3.6541,0.67288
3.5939,0.67695
3.5747,0.67553
2.4526,0.7559
3.4405,0.68146
3.1118,0.71295
2.6972,0.73982
3.1062,0.70482
2.9869,0.71184
2.5642,0.75599
2.6896,0.74331
1.6471,0.84634
3.7374,0.66502
4.5241,0.62157
3.7916,0.66531
2.245,0.77958
3.3653,0.69488
2.3483,0.76691
2.2797,0.76945
2.3931,0.7575
2.8409,0.71467
2.4229,0.77068
2.7301,0.74091
2.0065,0.81047
2.2527,0.77837
2.1373,0.79035
2.7369,0.74003
2.1861,0.79311
2.3741,0.7724
2.4956,0.75274
2.3478,0.77094
3.5861,0.64802
2.7309,0.73065
2.1142,0.80126
2.1758,0.79303
2.4385,0.76671
4.6099,0.58241
3.2992,0.67222
3.8676,0.62027
6.8408,0.4573
2.5093,0.73881
1.8936,0.82348
1.8922,0.82472
2.8333,0.70285
4.7325,0.5671
4.7125,0.56424
2.1658,0.80032
1.9844,0.81383
2.3936,0.7765
2.4579,0.76864
2.0041,0.8114
1.964,0.8005
1.8072,0.82094
1.8348,0.8212
2.0282,0.8061
1.9575,0.80447
2.2961,0.77274
2.0506,0.80766
2.2152,0.78132
1.9083,0.81402
3.341,0.65797
1.896,0.82396
1.8145,0.82968
2.489,0.76487
1.8632,0.82703
1.6514,0.85132
1.6903,0.8445
2.6069,0.73001
2.0789,0.80978
1.5785,0.86502
2.7075,0.74591
2.0891,0.80787
3.0929,0.68743
2.2566,0.7901
3.0821,0.72282
2.2603,0.78526
2.1201,0.80532
2.036,0.81382
1.8022,0.83827
2.0415,0.81567
2.2355,0.79123
3.5101,0.69319
3.4598,0.69716
2.0291,0.81371
1.9275,0.82014
5.073,0.58037
3.1516,0.71973
2.97,0.73678
4.5523,0.63722
2.9835,0.72869
2.3939,0.7874
2.9221,0.73401
3.2369,0.70854
2.7148,0.75601
2.4937,0.77647
2.863,0.73837
2.2892,0.79508
2.6492,0.75571
2.6289,0.75636
3.484,0.69586
3.2586,0.71299
3.6432,0.68434
1.6697,0.85791
3.2811,0.70785
1.6731,0.85684
2.406,0.76951
3.1442,0.68876
3.1273,0.68755
2.1898,0.79852
2.1832,0.80113
2.1659,0.80379
3.1492,0.72067
3.0161,0.7326
3.4862,0.70337
4.4961,0.63312
3.9857,0.66405
3.8791,0.67626
2.7769,0.75344
2.1609,0.8032
3.9441,0.67398
3.0136,0.69694
2.2233,0.79917
2.8509,0.7464
5.4863,0.56277
2.6897,0.76494
2.6049,0.77331
2.7186,0.76055
4.1763,0.6274
6.3775,0.52024
4.8378,0.61002
3.5437,0.70478
2.7577,0.75453
2.7544,0.75853
3.04,0.7401
2.9586,0.74427
2.8302,0.75568
2.977,0.74309
2.7368,0.7619
3.0627,0.73923
2.8943,0.75115
3.1106,0.73162
3.8783,0.66538
4.517,0.6149
2.9501,0.74601
3.0682,0.73578
2.8569,0.7536
2.8769,0.75233
1.8703,0.83442
3.2394,0.69736
2.2032,0.78887
1.8336,0.8487
1.8732,0.84282
2.1546,0.81563
3.2885,0.71009
3.8787,0.67617
2.8549,0.75345
2.0264,0.82786
2.7064,0.76723
2.6351,0.76992
2.4986,0.77864
2.4219,0.79148
2.6329,0.76884
4.9039,0.58549
4.8011,0.58986
2.8628,0.74926
2.9331,0.74619
1.5407,0.89104
2.7205,0.76539
2.263,0.80733
3.0166,0.71722
7.6761,0.46063
2.9521,0.7466
1.9494,0.83885
2.2994,0.80082
2.1987,0.80872
2.1084,0.81951
3.2983,0.68779
4.6462,0.60561
2.5996,0.77904
2.7686,0.76264
2.1159,0.82087
2.1868,0.81336
3.0749,0.73886
2.5258,0.78549
4.1837,0.63572
1.8092,0.85978
2.5766,0.7819
2.7386,0.76637
1.8235,0.85702
4.7625,0.5919
8.6899,0.44302
3.9136,0.67434
2.203,0.81347
2.4995,0.7815
2.9848,0.74019
5.351,0.56833
7.2801,0.49853
2.6455,0.7806
3.1463,0.7424
2.6275,0.77629
2.1585,0.81759
2.238,0.80724
3.7151,0.67397
3.3594,0.68263
4.918,0.57997
6.2837,0.52731
3.3955,0.70432
2.4373,0.80207
1.5202,0.90322
1.9101,0.84815
3.3599,0.70392
10.916,0.37435
2.843,0.76448
2.079,0.83122
3.1248,0.72446
2.1262,0.82517
1.8977,0.85266
2.3429,0.80455
2.4539,0.78325
4.3184,0.62681
2.5096,0.77293
2.8592,0.73217
5.1377,0.5844
3.55,0.69009
5.4435,0.56912
6.4169,0.5285
4.7978,0.59891
3.9428,0.65031
4.7021,0.60681
5.9156,0.54521
2.7507,0.77479
1.8585,0.85346
2.9249,0.73288
1.6715,0.88373
2.331,0.79949
3.9526,0.67929
4.4648,0.64375
6.0776,0.54052
2.6227,0.76514
1.7945,0.87265
2.0338,0.83521
3.4483,0.71146
2.271,0.80987
2.8436,0.74442
5.8871,0.54327
2.8841,0.76454
2.213,0.82796
2.2885,0.82025
2.4161,0.80655
3.8947,0.66227
1.9588,0.84572
2.1825,0.83247
1.8035,0.87227
2.5116,0.7911
5.2809,0.57237
2.3223,0.81484
2.1955,0.82666
3.2137,0.71645
4.2744,0.66325
3.1046,0.7189
5.0647,0.59682
7.8664,0.49731
3.3001,0.74134
2.0819,0.84209
2.5026,0.80452
1.8824,0.86495
2.4951,0.8024
2.9088,0.76818
2.9738,0.73553
2.0035,0.8443
6.5097,0.54018
4.1624,0.65545
2.0724,0.84373
2.1392,0.83967
2.2304,0.83009
1.8464,0.86763
4.5611,0.62533
8.5182,0.45911
2.3584,0.82063
2.5714,0.8005
1.8039,0.87732
1.6865,0.89326
4.9814,0.59722
3.2696,0.71381
3.2753,0.71466
3.4952,0.69344
2.9482,0.7368
3.7538,0.69874
4.0612,0.65868
6.492,0.53265
2.0859,0.84184
2.8732,0.7722
2.7932,0.78174
3.5647,0.70494
4.0312,0.66685
5.1311,0.60515
5.1065,0.59658
5.5259,0.57473
2.1603,0.83795
1.9821,0.86238
3.0216,0.77082
2.6888,0.78314
3.3162,0.72115
5.5569,0.585
2.9546,0.76777
2.7087,0.79361
1.7663,0.88768
2.7925,0.78905
2.2164,0.82645
3.5593,0.70408
4.5067,0.63561
3.7864,0.68525
2.2523,0.82661
2.0071,0.85998
2.5319,0.80905
4.3231,0.67601
4.1466,0.66356
4.967,0.6084
5.208,0.60159
2.2155,0.83447
1.9681,0.86596
3.0084,0.77247
2.2531,0.8243
2.3933,0.80773
3.6693,0.70313
11.169,0.39701
2.1328,0.84598
2.55,0.80939
2.617,0.79958
2.9698,0.76747
3.2832,0.7286
6.1816,0.56133
6.4181,0.54514
5.1548,0.61123
4.5202,0.64608
3.6202,0.71515
3.4917,0.72196
2.0326,0.86066
2.6352,0.80569
3.3164,0.7438
3.6644,0.71783
4.4955,0.6502
6.5921,0.54378
3.1779,0.76366
3.0452,0.77663
2.7101,0.8024
3.0417,0.77542
5.0618,0.61189
5.7854,0.57823
4.384,0.65899
4.0824,0.6772
4.4573,0.64909
4.67,0.63236
8.0129,0.4919
2.8705,0.78597
3.1634,0.75692
3.4408,0.7226
4.9145,0.62069
4.7073,0.62963
4.6816,0.63431
4.0396,0.68149
4.2566,0.67173
1.8068,0.88946
2.2691,0.84674
3.4869,0.73479
2.2042,0.83774
3.8077,0.70186
7.9557,0.48936
2.895,0.76838
2.8902,0.79255
2.1329,0.85775
2.1289,0.85781
1.6076,0.92006
3.5997,0.70864
8.1173,0.49416
6.1858,0.56522
2.9242,0.7916
1.8033,0.89381
3.1719,0.76914
1.8041,0.89801
2.2626,0.83003
3.9858,0.68247
6.5207,0.55473
9.7601,0.44214
2.5538,0.79927
3.0502,0.77292
3.0001,0.78409
2.6515,0.7923
3.0166,0.75982
4.8237,0.63499
7.3867,0.52151
8.7899,0.48933
2.0509,0.86859
1.8342,0.89108
3.3547,0.76084
3.0658,0.78165
1.7501,0.90361
2.9425,0.78988
3.169,0.75022
4.0053,0.7107
4.8965,0.64206
4.8547,0.64122
4.7962,0.66108
3.6366,0.725
4.269,0.68148
5.0376,0.63584
6.4706,0.5594
7.2645,0.52312
7.7004,0.51077
7.97,0.50019
4.485,0.65761
7.1508,0.53869
4.4179,0.65758
5.8078,0.5914
4.9667,0.63558
4.5794,0.64572
9.4768,0.45999
7.5507,0.51524
5.4642,0.60303
4.0894,0.67967
5.2736,0.61663
4.281,0.6708
4.5878,0.65145
7.327,0.5336
9.7948,0.45184
7.0211,0.54521
3.1441,0.78049
4.1135,0.71258
4.5813,0.65318
8.4779,0.49475
5.6418,0.60277
5.2137,0.62988
8.3979,0.5014
5.5206,0.61754
5.2138,0.62799
2.3155,0.84721
2.9426,0.77786
2.7289,0.79745
3.6404,0.72065
7.2849,0.53546
6.1638,0.57529
6.6605,0.55425
4.5562,0.65663
3.8839,0.71071
3.273,0.75359
3.0911,0.76766
5.1657,0.62859
6.4414,0.56704
4.3158,0.66698
4.1093,0.68926
3.4414,0.73683
3.8024,0.70824
3.6713,0.7206
4.9221,0.64054
6.9437,0.54953
7.2988,0.53979
4.0726,0.69612
4.4849,0.66925
3.032,0.76843
3.4215,0.73313
3.1653,0.75351
2.8201,0.78359
4.4273,0.66848
6.6512,0.56444
5.5654,0.62439
3.0483,0.76645
2.1024,0.86605
2.8305,0.79408
2.8467,0.7964
3.9442,0.70183
6.6182,0.56574
6.7992,0.55542
2.1663,0.8651
2.4202,0.84487
2.5282,0.83553
2.5785,0.82406
2.8427,0.78569
4.6396,0.66462
4.4843,0.68102
4.5454,0.67729
5.2283,0.63182
6.2458,0.58111
5.6915,0.60553
5.7892,0.59775
5.4988,0.62204
6.2852,0.58556
4.5905,0.67442
4.9236,0.64311
3.5592,0.73037
5.4145,0.62108
6.1804,0.58079
6.0792,0.59002
6.5108,0.5682
4.9855,0.63929
3.3709,0.74658
3.2524,0.75774
2.8678,0.79035
3.3139,0.7507
4.6176,0.66081
5.6507,0.61202
5.6302,0.61586
6.1854,0.58716
6.219,0.58374
5.4597,0.61979
3.6219,0.72935
4.3653,0.68135
6.0323,0.59471
5.4485,0.62617
6.1236,0.59582
6.0984,0.5947
4.5077,0.68104
2.7288,0.80956
3.041,0.7756
2.9979,0.77667
3.4785,0.73754
6.1327,0.58749
6.3001,0.58122
7.3581,0.53332
5.0833,0.64023
3.6543,0.72027
7.4558,0.53745
6.2502,0.59644
4.1869,0.68738
4.1211,0.69301
6.9959,0.55549
7.3389,0.53799
7.1788,0.5459
6.6071,0.56853
6.1717,0.58828
7.2114,0.539
5.9382,0.59434
4.0273,0.69622
4.6462,0.66159
6.118,0.58739
6.823,0.56082
6.7663,0.57048
3.6916,0.72392
3.0844,0.77462
3.4463,0.74905
4.2974,0.68896
5.7141,0.6108
6.3451,0.59054
6.9682,0.55682
6.4585,0.57305
5.9298,0.60749
4.4988,0.67016
4.8906,0.65162
4.0369,0.70671
3.8143,0.72649
3.5545,0.74106
4.1337,0.69964
5.1077,0.64192
6.0263,0.59501
6.6762,0.56597
7.8879,0.51637
5.1267,0.64111
5.8922,0.59741
5.2592,0.6273
4.4705,0.68332
6.0534,0.5938
5.3295,0.6266
5.7632,0.61309
4.4586,0.67301
3.5469,0.73381
3.0119,0.78405
3.9958,0.71639
4.5181,0.66854
5.9441,0.60222
6.1776,0.59365
5.9317,0.60054
3.5379,0.74485
1.8971,0.90562
2.3187,0.86183
1.8977,0.90111
3.5139,0.75489
5.6741,0.62194
5.4127,0.63036
7.7534,0.53292
4.5202,0.69318
3.5811,0.74824
5.0014,0.65746
5.2065,0.643
6.3929,0.58533
4.4074,0.70048
6.1954,0.60151
2.932,0.78998
4.4268,0.68466
6.4593,0.59228
6.6116,0.57391
5.1358,0.6449
6.0969,0.60238
5.5353,0.63042
6.737,0.56978
5.9707,0.60902
6.3522,0.58267
5.844,0.61484
4.9852,0.65272
5.8945,0.6058
6.3367,0.59024
7.5024,0.54108
5.0245,0.64379
4.2387,0.69077
4.5123,0.67615
3.2547,0.7626
4.9473,0.65959
5.5324,0.62656
5.7321,0.61958
7.2335,0.55479
7.2446,0.55593
5.5574,0.62267
6.8046,0.57191
4.2328,0.70289
4.9249,0.65707
4.9671,0.66191
5.0387,0.6582
3.7554,0.7306
6.7752,0.57165
4.0899,0.70605
4.6959,0.6675
4.7496,0.66197
5.4536,0.63123
5.6997,0.61746
7.4245,0.54391
7.3494,0.54685
7.2786,0.55678
5.899,0.60584
4.9058,0.65918
6.2424,0.61038
6.2594,0.60435
5.9862,0.6172
5.6669,0.62478
6.8324,0.57978
6.0489,0.6049
6.8859,0.57557
6.8394,0.57698
6.2244,0.59713
6.0027,0.60523
6.308,0.60028
6.7333,0.57645
7.1338,0.56012
6.6189,0.58171
5.5283,0.62652
5.8197,0.61277
5.8876,0.60943
7.3924,0.54968
7.9456,0.5322
6.4202,0.58271
6.6583,0.5786
6.8836,0.57252
7.8676,0.53778
7.3884,0.5539
6.1948,0.59962
5.3824,0.63772
6.0182,0.60677
5.1997,0.64895
5.7237,0.62129
6.0592,0.60358
6.9672,0.57122
5.8252,0.6143
6.3279,0.59403
5.731,0.61723
5.7339,0.62493
5.6709,0.62513
5.3696,0.63473
5.9058,0.60888
6.5766,0.58777
5.2486,0.64463
5.3043,0.64374
5.8028,0.61712
5.2113,0.64864
6.011,0.61151
5.9498,0.61459
7.3282,0.55675
6.1705,0.60828
5.9068,0.62076
6.6035,0.58823
6.6379,0.58779
5.1358,0.65002
6.7221,0.5858
7.0673,0.57019
6.9247,0.57576
5.0184,0.65885
6.4811,0.59612
6.4369,0.59853
7.0061,0.57388
6.594,0.58635
7.6574,0.54937
6.4967,0.59294
4.5334,0.68472
5.8556,0.62136
5.9821,0.617
5.2708,0.64762
5.1551,0.65318
5.2723,0.64946
6.4023,0.59208
5.5128,0.63048
5.0354,0.65714
4.7392,0.68213
5.8868,0.61555
6.0056,0.60872
5.5545,0.63308
5.0256,0.65833
5.1419,0.65169
5.6362,0.62788
5.8787,0.61701
5.8695,0.61354
6.1059,0.60538
5.7821,0.62006
6.1355,0.61098
5.8953,0.62252
5.0719,0.66013
5.2259,0.6455
6.2819,0.59759
6.7675,0.58104
5.1414,0.6501
4.073,0.71807
4.6069,0.68744
4.4483,0.69845
4.9053,0.67166
5.3997,0.64524
5.7596,0.62976
4.9135,0.67372
3.9343,0.73025
4.0705,0.71998
5.4433,0.63799
5.2628,0.64655
6.8946,0.58215
6.4271,0.5934
6.1654,0.60502
5.4242,0.64175
3.7496,0.74506
4.5309,0.69304
4.156,0.71589
4.9201,0.66862
5.3963,0.64475
6.1736,0.60707
6.0513,0.61165
5.5948,0.63094
5.0298,0.66347
4.6155,0.68116
4.7806,0.6738
4.6836,0.6807
5.3521,0.64297
5.2118,0.6565
5.419,0.64291
4.3824,0.69754
3.6799,0.7539
4.0315,0.72349
4.5242,0.68748
5.1246,0.65513
5.6263,0.62967
6.2933,0.60074
4.9747,0.66603
5.1037,0.65861
4.9771,0.66483
4.8127,0.67155
4.7283,0.67723
4.669,0.68188
5.2274,0.65148
4.3644,0.69499
