104.94,-0.21193
99.615,-0.22644
105.85,-0.20416
104.35,-0.20293
100.56,-0.22103
98.154,-0.22052
104.69,-0.2088
106.68,-0.2337
105.09,-0.24868
112.2,-0.23351
103.34,-0.2435
116.96,-0.24416
101.35,-0.23379
97.17,-0.21787
104.85,-0.24913
106.85,-0.24912
106.28,-0.24725
105.19,-0.24592
99.091,-0.22109
105.92,-0.24824
106.1,-0.24852
105.43,-0.24723
98.373,-0.21706
100.17,-0.22465
102.02,-0.21183
107.62,-0.23589
106.24,-0.23134
105.83,-0.24342
97.449,-0.21901
106.28,-0.24905
106.46,-0.23016
105.12,-0.2451
108.89,-0.24155
105.35,-0.24579
100.8,-0.20617
100.59,-0.21946
102.57,-0.21374
102.89,-0.21827
98.496,-0.2112
99.16,-0.21408
102.65,-0.22774
104.07,-0.22314
101.81,-0.22572
103.43,-0.23242
104.77,-0.22552
107.79,-0.21426
108.23,-0.21568
101.02,-0.22475
108.17,-0.21609
109,-0.22128
110.16,-0.22705
108.53,-0.22661
104.42,-0.22177
107.68,-0.22704
104.46,-0.21144
106.43,-0.22109
107,-0.22275
107.44,-0.2283
109.06,-0.23417
106.22,-0.22249
104.55,-0.21599
108.18,-0.21923
105.84,-0.22015
103.29,-0.21147
104.84,-0.21663
104,-0.20599
104.01,-0.20084
108.74,-0.21887
103.61,-0.23807
104.39,-0.20394
103.51,-0.21
107.28,-0.21568
106.73,-0.23646
105.89,-0.24742
103.85,-0.22091
108.19,-0.21841
102.2,-0.21675
113.2,-0.24302
110.61,-0.24969
105.01,-0.2256
104.99,-0.22628
111.17,-0.2358
108.24,-0.22763
104.44,-0.22298
109.18,-0.25126
111.75,-0.2282
119.6,-0.25542
114.54,-0.2456
109.53,-0.24946
116.06,-0.24819
111.6,-0.22927
112.99,-0.27175
116.45,-0.25909
110.77,-0.25809
108.47,-0.2513
119.38,-0.26817
114.62,-0.24007
117.37,-0.24905
116.43,-0.2467
110.07,-0.25916
119.89,-0.24574
116.06,-0.27869
122.06,-0.26492
128.76,-0.27536
115.63,-0.27544
123.32,-0.26005
119.17,-0.24444
122.59,-0.25426
109.77,-0.25591
123.49,-0.27173
112.57,-0.25996
120.44,-0.25956
107.11,-0.23908
121.27,-0.29191
112.36,-0.25634
116.89,-0.249
120.68,-0.25858
112.55,-0.26228
110.72,-0.2479
115.13,-0.24024
107.74,-0.20584
101.48,-0.22069
101.87,-0.21719
107.78,-0.2046
108.07,-0.20692
108.67,-0.20959
107.63,-0.20438
108.45,-0.21104
103.08,-0.22652
111.95,-0.22136
107.83,-0.23934
104.1,-0.22764
104.16,-0.22756
110.04,-0.2589
110.96,-0.21828
109.35,-0.20893
108.09,-0.20888
107.24,-0.20496
110.97,-0.21616
106.58,-0.23688
109.94,-0.21306
111.5,-0.25326
108.98,-0.20904
121.68,-0.25269
113.2,-0.26138
112.98,-0.25651
112.22,-0.23165
118.69,-0.26629
114.75,-0.24266
117.63,-0.25665
119.01,-0.25574
117.84,-0.25847
107.09,-0.23937
119.36,-0.26047
113.08,-0.23695
120.66,-0.26116
115.52,-0.24136
120.01,-0.28649
115.72,-0.24411
116.79,-0.24507
110.8,-0.23206
109.94,-0.22594
112.87,-0.23632
115.6,-0.24687
120.28,-0.28888
115.98,-0.27444
118.28,-0.284
111.89,-0.26838
104.12,-0.22905
111.61,-0.22672
107.97,-0.21426
110.91,-0.22255
104.36,-0.23196
112.33,-0.23205
104.36,-0.2159
113.38,-0.23405
119.78,-0.25651
111.33,-0.24136
108.49,-0.23002
107.26,-0.21883
108.45,-0.2161
114.55,-0.23762
120.22,-0.25485
108.51,-0.21444
107.54,-0.24328
108.05,-0.23713
111.18,-0.22801
104.94,-0.23294
110.62,-0.24066
112.08,-0.23521
126.33,-0.27837
103.57,-0.23025
107.45,-0.21428
110.76,-0.22877
98.865,-0.21916
106.9,-0.222
108.57,-0.24243
106.31,-0.24746
102.08,-0.23251
111.31,-0.27199
108.97,-0.21964
107.63,-0.25062
113.89,-0.2431
103.45,-0.23891
114.56,-0.24998
113.29,-0.2464
109.97,-0.23064
107.34,-0.25865
105.1,-0.25061
105.16,-0.25281
101.9,-0.23576
105.56,-0.24995
104.43,-0.24673
106.56,-0.22518
108.25,-0.23077
98.339,-0.21633
99.897,-0.22869
102.02,-0.2365
101.23,-0.23418
106.37,-0.25328
103.47,-0.24309
100.36,-0.23327
101.94,-0.24063
101.83,-0.22233
103,-0.2287
102.84,-0.23037
106,-0.24631
98.457,-0.21442
96.017,-0.21937
98.34,-0.23071
97.436,-0.22477
105.94,-0.2177
95.887,-0.21859
95.823,-0.21964
93.866,-0.21179
96.14,-0.22426
97.543,-0.22778
97.392,-0.22893
105.34,-0.25957
97.917,-0.22974
92.717,-0.20879
93.148,-0.21139
103.57,-0.21826
99.922,-0.20425
96.207,-0.19194
100.67,-0.21165
90.486,-0.19967
93.241,-0.20612
96.661,-0.21333
95.907,-0.22182
95.428,-0.21242
97.6,-0.23561
100.1,-0.20889
100.38,-0.20697
89.409,-0.16995
101.12,-0.21984
94.411,-0.1848
92.528,-0.18638
99.537,-0.21841
92.279,-0.21269
98.218,-0.20426
98.378,-0.21325
97.493,-0.20352
96.299,-0.20328
92.545,-0.18196
94.147,-0.20556
90.396,-0.19005
97.163,-0.20861
96.372,-0.21635
97.158,-0.21906
112.66,-0.23845
96.314,-0.21652
100.82,-0.22745
94.347,-0.22835
98.385,-0.21585
97.32,-0.20933
99.267,-0.20742
98.158,-0.20284
99.024,-0.20782
98.358,-0.20368
100.36,-0.21583
94.583,-0.18733
93.346,-0.18548
92.552,-0.21739
89.561,-0.20334
89.512,-0.18976
92.878,-0.195
89.384,-0.19425
95.516,-0.19633
84.818,-0.18831
92.248,-0.18119
82.851,-0.17268
84.179,-0.17977
88.218,-0.1527
89.803,-0.16753
90.881,-0.17031
80.125,-0.15468
79.254,-0.15105
82.255,-0.13342
76.594,-0.12973
82.309,-0.13
81.243,-0.12163
81.377,-0.15737
70.738,-0.080702
74.465,-0.1126
74.992,-0.11534
68.644,-0.031884
66.377,-0.051699
53.777,0.058738
52.874,0.0758
45.914,0.15259
34.609,0.29529
33.28,0.34781
33.06,0.35656
30.884,0.39216
31.626,0.38568
31.582,0.38113
25.349,0.45303
30.028,0.41683
31.112,0.40279
30.215,0.41673
35.374,0.34523
29.96,0.43382
27.754,0.45141
28.554,0.45075
33.308,0.40499
33.333,0.40557
32.77,0.41392
31.964,0.42368
25.993,0.47991
26.18,0.47824
25.573,0.48092
24.594,0.50005
26.041,0.46977
23.867,0.50796
23.036,0.51667
32.531,0.41022
31.78,0.41609
21.058,0.54151
21.373,0.53165
20.54,0.54271
20.394,0.54406
20.401,0.5464
19.94,0.54843
22.736,0.4978
19.097,0.5631
18.703,0.56923
19.357,0.55607
19.047,0.55261
27.12,0.45171
19.044,0.5522
18.893,0.55364
18.638,0.56462
25.413,0.47066
18.57,0.55637
29.722,0.4194
24.913,0.47236
29.656,0.41944
17.473,0.5714
16.803,0.57653
17.307,0.56938
17.153,0.57449
17.435,0.56423
25.524,0.46003
18.803,0.54058
24.475,0.47757
17.788,0.55873
19.268,0.51806
17.27,0.5626
17.427,0.55661
22.015,0.48933
17.588,0.55768
21.254,0.50911
22.503,0.49016
23.596,0.47309
6.1955,0.79784
17.028,0.56221
16.67,0.56542
22.53,0.48334
25.334,0.46182
16.401,0.57033
16.816,0.56173
15.87,0.58092
16.534,0.56441
27.03,0.43618
27.123,0.4297
29.223,0.41787
21.137,0.50075
24.716,0.45067
20.722,0.50313
15.816,0.57744
21.15,0.48719
15.947,0.56785
16.779,0.55753
16.062,0.56382
15.709,0.57005
18.963,0.52203
18.749,0.52491
20.39,0.49486
15.962,0.56505
15.441,0.57563
15.618,0.57215
14.938,0.58255
15.617,0.57114
15.602,0.57122
24.896,0.44763
15.708,0.56489
15.145,0.57849
18.173,0.53108
17.992,0.53093
18.033,0.53455
18.462,0.52302
19.64,0.49783
19.726,0.50173
19.569,0.50512
14.819,0.57693
19.379,0.50318
21.788,0.47359
21.861,0.46882
13.764,0.59381
14.014,0.59338
14.025,0.59017
14.408,0.58328
14.424,0.58207
13.902,0.59149
17.365,0.52919
13.746,0.59192
14.337,0.58181
17.333,0.5316
14.581,0.57246
17.281,0.52986
14.442,0.57359
21.009,0.47652
17.643,0.52417
21.259,0.47413
21.17,0.46962
21.079,0.47402
13.729,0.58751
13.124,0.59972
20.956,0.47623
23.377,0.45454
21.167,0.4753
13.907,0.58033
13.784,0.58609
21.534,0.46188
22.663,0.44294
14.651,0.55771
13.472,0.59149
14.618,0.56265
13.489,0.59084
14.29,0.5762
17.845,0.52563
13.566,0.59237
13.436,0.59377
15.949,0.55
13.519,0.59263
13.265,0.5932
13.29,0.59653
12.838,0.60725
13.233,0.5947
13.271,0.59486
13.38,0.59099
13.709,0.58203
13.056,0.60047
12.941,0.59934
13.15,0.59508
13.495,0.58657
12.832,0.60476
15.459,0.55217
12.673,0.60887
12.721,0.60508
20.176,0.49112
12.176,0.62123
12.28,0.61491
12.522,0.60928
12.49,0.60827
15.095,0.56116
12.729,0.60304
12.545,0.60927
12.386,0.61143
20.22,0.47666
12.647,0.60439
12.615,0.60416
19.553,0.49094
12.937,0.59682
19.865,0.4836
12.557,0.604
12.675,0.59768
13.032,0.59238
12.085,0.6163
12.019,0.61958
12.28,0.61496
13.007,0.59333
12.373,0.61148
17.065,0.53388
12.431,0.61194
12.944,0.59402
23.888,0.44272
17.247,0.52923
11.826,0.62179
12.425,0.60784
12.253,0.61551
12.587,0.60394
11.9,0.62264
15.864,0.5463
15.13,0.5623
15.088,0.56204
15.857,0.549
12.28,0.61393
12.081,0.61977
12.195,0.61866
12.004,0.62067
11.944,0.62253
12.085,0.61877
12.361,0.61679
15.52,0.55252
19.786,0.47896
15.428,0.54476
15.471,0.54438
19.859,0.47825
15.27,0.54752
12.899,0.59517
12.575,0.59916
15.231,0.54821
11.805,0.61752
12.432,0.60651
14.951,0.55427
11.752,0.61498
11.721,0.62175
15.514,0.5505
11.797,0.61973
18.294,0.51781
11.912,0.62262
12.232,0.60947
11.922,0.61923
19.049,0.49732
11.639,0.6271
15.846,0.54475
11.82,0.62256
11.507,0.63057
14.306,0.56878
14.307,0.56787
14.402,0.56532
14.658,0.56191
14.979,0.56516
14.205,0.57193
14.775,0.55492
11.692,0.62067
12.635,0.5985
14.361,0.56622
11.601,0.62417
14.127,0.57273
11.837,0.6216
11.524,0.63094
11.611,0.62519
12.03,0.61877
22.023,0.46498
12.605,0.60236
11.663,0.62128
11.739,0.62023
16.292,0.54282
11.995,0.61597
11.963,0.6142
11.815,0.61749
11.523,0.6294
11.632,0.6229
11.902,0.6134
11.896,0.61486
11.345,0.63212
11.748,0.62068
19.311,0.48894
11.252,0.63353
11.731,0.61894
11.438,0.62826
11.938,0.60985
11.411,0.62845
11.082,0.63883
11.149,0.63556
11.15,0.63398
11.669,0.61564
18.642,0.49897
11.676,0.61806
13.869,0.57656
11.305,0.63325
11.135,0.63784
11.268,0.63185
11.185,0.63378
11.028,0.63914
11.447,0.62422
11.4,0.63117
11.569,0.62393
11.37,0.62726
11.671,0.6192
11.225,0.63198
11.444,0.62534
11.022,0.63704
11.528,0.6203
11.361,0.62735
10.942,0.63941
11.116,0.63344
11.405,0.62712
11.967,0.61607
11.947,0.61572
12.075,0.61356
11.301,0.63002
10.86,0.64256
10.522,0.64946
10.667,0.64369
11.738,0.62223
10.753,0.64427
10.901,0.63747
11.15,0.63581
15.05,0.55257
10.976,0.63894
11.212,0.63028
11.063,0.6365
17.089,0.52217
11.112,0.63312
10.982,0.63863
13.642,0.58081
13.506,0.5792
13.28,0.586
13.256,0.58692
13.075,0.58267
11.341,0.6293
11.58,0.62371
11.757,0.61786
11.49,0.62448
11.49,0.62573
11.545,0.62386
11.513,0.62596
11.664,0.62138
1.6683,1.0434
11.611,0.62211
11.565,0.62293
11.315,0.63094
10.97,0.63021
11.166,0.62911
13.364,0.57796
11.278,0.62091
13.457,0.57514
10.953,0.63164
13.496,0.57739
10.629,0.64141
10.791,0.64026
13.332,0.58412
13.375,0.58274
11.078,0.6316
14.245,0.56575
11.387,0.6231
18.317,0.50484
13.581,0.58225
11.316,0.62768
13.252,0.58515
10.806,0.64338
13.308,0.58635
10.822,0.6386
15.014,0.56088
13.463,0.58168
14.735,0.56534
16.763,0.52803
17.075,0.52175
10.745,0.64369
15.101,0.56341
15.09,0.56299
20.962,0.48046
17.405,0.51645
10.694,0.64416
20.788,0.4813
14.745,0.56959
17.695,0.51272
14.559,0.56099
13.988,0.56909
13.691,0.57508
13.626,0.57878
13.691,0.57684
16.01,0.5461
10.636,0.64582
14.097,0.5717
15.258,0.55802
14.062,0.57215
14.247,0.56675
10.977,0.63599
11.3,0.62533
10.865,0.63569
10.676,0.64454
10.802,0.6405
10.327,0.65477
1.6286,1.0528
10.728,0.64246
10.344,0.65332
12.784,0.59639
10.695,0.64219
13.148,0.59327
10.643,0.64486
10.437,0.65068
10.702,0.64212
10.367,0.65474
10.46,0.64722
10.611,0.64447
10.865,0.63702
10.967,0.64011
10.795,0.64291
10.624,0.644
10.47,0.64818
10.454,0.65121
10.843,0.64074
10.76,0.64159
10.71,0.64747
10.461,0.64631
10.595,0.64874
10.852,0.64294
10.414,0.65009
10.37,0.65146
11.26,0.6271
11.005,0.63683
10.428,0.65465
10.682,0.64885
10.544,0.64912
11.121,0.63386
10.562,0.63843
10.517,0.64097
10.53,0.63992
10.524,0.64141
10.761,0.63577
17.136,0.51553
20.408,0.47827
10.572,0.64243
10.805,0.64058
10.573,0.64877
10.701,0.64406
10.843,0.63811
10.637,0.64191
11.543,0.62341
11.471,0.6271
14.774,0.55426
10.892,0.63791
11.185,0.62788
10.59,0.64623
16.385,0.532
10.777,0.64225
11.348,0.63036
11.023,0.63805
11.21,0.6343
10.335,0.64988
14.564,0.56549
10.258,0.65172
13.354,0.59278
1.2513,1.1046
10.384,0.6517
10.509,0.64326
17.435,0.52586
10.618,0.64322
1.5311,1.0698
20.208,0.48321
10.598,0.64436
10.557,0.63962
14.131,0.56589
12.614,0.59971
14.503,0.5747
14.679,0.56968
14.882,0.56127
14.747,0.56735
16.639,0.5283
10.607,0.6414
12.796,0.59691
12.848,0.59444
14.35,0.57495
10.65,0.64274
10.446,0.6485
10.347,0.65083
10.931,0.63967
10.462,0.64804
10.632,0.6426
10.692,0.64282
10.705,0.64164
10.905,0.64054
10.604,0.64059
10.795,0.64296
14.877,0.56767
10.55,0.63679
11.171,0.62673
10.83,0.6395
14.806,0.55988
10.713,0.63356
10.733,0.63235
10.089,0.64812
10.297,0.64839
10.489,0.6423
11.063,0.62949
10.395,0.64316
11.014,0.63177
12.387,0.59825
10.234,0.64946
10.324,0.64693
10.596,0.63615
10.233,0.64944
10.279,0.64954
10.401,0.64385
10.344,0.64529
10.368,0.64389
12.462,0.59856
12.477,0.59768
10.188,0.65149
10.736,0.63121
10.313,0.64421
10.566,0.63479
9.9173,0.64675
10.838,0.63476
10.535,0.63872
10.613,0.63617
10.425,0.64851
10.416,0.6425
10.672,0.63552
10.44,0.64213
10.472,0.63979
10.159,0.64868
9.8662,0.66227
9.9435,0.66017
10.363,0.64421
10.068,0.6569
9.978,0.66045
20.188,0.48796
12.456,0.60261
10.197,0.65493
9.973,0.66105
9.9278,0.66126
10.029,0.6596
10.541,0.63764
10.428,0.64306
14.675,0.56275
10.296,0.64714
10.14,0.65313
10.456,0.63994
10.554,0.64305
10.598,0.63888
10.612,0.64187
10.364,0.64637
10.397,0.64563
10.566,0.6391
10.643,0.64571
10.931,0.63205
10.511,0.64841
10.77,0.6389
10.368,0.65132
10.755,0.64012
10.797,0.63247
10.481,0.64729
10.561,0.64084
10.721,0.6403
10.903,0.63569
10.711,0.64135
10.657,0.64213
10.2,0.65568
10.417,0.65098
10.122,0.65549
10.291,0.65122
10.235,0.65392
10.479,0.64406
12.565,0.59827
12.464,0.60105
12.466,0.6009
13.855,0.58074
10.332,0.65218
10.223,0.64917
10.259,0.64883
10.725,0.63611
12.675,0.59115
16.696,0.51783
10.354,0.64471
10.349,0.64449
10.061,0.65405
10.071,0.65629
10.078,0.65427
12.541,0.59576
10.065,0.65108
10.83,0.63478
13.294,0.58482
12.149,0.60934
10.057,0.65503
11.169,0.62794
12.738,0.5909
13.037,0.59076
13.767,0.57917
12.53,0.59591
11.879,0.61167
12.536,0.594
10.339,0.64323
14.301,0.56627
14.235,0.56908
14.448,0.56624
14.079,0.57222
10.704,0.63684
14.111,0.5731
10.413,0.63961
10.682,0.63728
10.193,0.65241
10.24,0.64981
10.282,0.65053
9.4903,0.6699
10.361,0.64744
10.853,0.63366
10.458,0.64209
10.129,0.65178
10.375,0.64574
10.333,0.64445
10.235,0.6495
10.472,0.6416
10.373,0.64259
10.281,0.64447
10.131,0.64899
10.412,0.64221
9.9258,0.66118
10.598,0.64381
10.458,0.65084
10.221,0.65732
13.963,0.5827
10.249,0.65545
10.564,0.64475
10.588,0.64783
13.9,0.58321
10.624,0.64737
10.382,0.65467
10.862,0.64042
10.729,0.64047
10.169,0.65273
10.523,0.64279
10.473,0.64003
10.201,0.65187
10.33,0.65128
10.345,0.64796
10.413,0.64885
10.232,0.64839
10.535,0.6367
10.397,0.64759
10.457,0.64135
14.482,0.56296
10.665,0.63821
10.999,0.63014
10.357,0.64847
10.203,0.64485
10.458,0.63992
10.13,0.65287
10.532,0.64155
10.44,0.64175
10.245,0.64813
10.379,0.64052
9.9995,0.65511
10.381,0.65122
9.9124,0.65869
10.337,0.64947
10.537,0.64444
4.5756,0.8339
10.283,0.65165
10.393,0.65033
10.364,0.65096
10.242,0.65295
4.5829,0.83157
10.242,0.65541
10.371,0.64402
10.517,0.64316
9.515,0.66716
9.5654,0.66673
9.4914,0.66929
9.6729,0.66355
9.818,0.66197
10.011,0.65326
11.481,0.62061
9.3958,0.66869
9.8981,0.65617
9.8319,0.66019
10.111,0.65311
9.8032,0.66376
9.7739,0.66503
10.305,0.64888
10.202,0.65205
10.608,0.63689
10.071,0.65869
9.9907,0.65175
9.8757,0.65716
9.9105,0.65644
10.12,0.65365
14.151,0.57356
10.005,0.65965
10.156,0.65427
9.9755,0.65821
9.8576,0.66228
9.7712,0.66351
10.01,0.65781
12.523,0.5953
9.9997,0.65061
10.012,0.6519
10.1,0.64931
10.176,0.64556
10.163,0.64715
9.6618,0.66673
9.7675,0.66154
10.041,0.65315
12.321,0.59667
10.183,0.64775
9.8141,0.6608
10.202,0.64282
10.041,0.65022
9.9622,0.65169
9.766,0.66356
9.9378,0.65298
10.061,0.65236
9.9243,0.65373
9.6741,0.6688
9.8092,0.66536
9.6249,0.67216
9.6436,0.67243
9.7829,0.66691
9.83,0.66354
9.6467,0.67043
9.6891,0.66989
9.8421,0.66543
10.003,0.66226
9.5674,0.67246
9.6644,0.66241
10.272,0.64658
9.4835,0.65864
9.8115,0.65966
12.042,0.59774
10.278,0.64206
10.223,0.64421
10.23,0.64873
10.184,0.65266
11.931,0.60956
13.906,0.57379
14.197,0.56964
10.46,0.64051
9.7081,0.66335
9.9467,0.6567
10.151,0.65471
9.7808,0.66411
9.9362,0.66422
9.8154,0.66518
10.143,0.65464
10.048,0.65817
9.8132,0.66028
10.45,0.64548
10.29,0.6547
10.188,0.65597
10.246,0.65032
10.158,0.65352
10.242,0.65179
10.466,0.64683
10.31,0.64465
10.124,0.65136
10.531,0.63981
10.117,0.65344
10.017,0.65087
9.9977,0.65608
10.202,0.64542
10.006,0.65238
9.5422,0.67019
9.7703,0.66019
10.207,0.65013
9.5744,0.67091
9.4648,0.66702
19.356,0.49678
10.745,0.63553
9.9173,0.65578
10.587,0.63886
10.376,0.64764
9.7145,0.66037
10.671,0.63668
9.7251,0.66759
12.105,0.60964
12.021,0.61101
9.5924,0.67026
13.297,0.58771
9.7601,0.66411
9.5448,0.67185
9.3795,0.67609
9.9503,0.6595
9.3337,0.67584
9.9757,0.65841
10.655,0.64405
11.725,0.61789
9.9002,0.66303
13.167,0.59438
10.15,0.65206
2.4986,0.96288
9.581,0.6705
10.278,0.64994
9.9748,0.66081
9.4244,0.67464
10.158,0.65742
9.6365,0.66978
9.9255,0.6615
11.87,0.61231
9.8224,0.66255
13.79,0.58103
10.441,0.65041
9.845,0.66123
14.06,0.57311
10.268,0.64612
10.001,0.65595
9.8632,0.65838
14.243,0.56847
9.3654,0.67649
13.788,0.57917
10.365,0.64961
10.298,0.65012
10.088,0.65723
10.302,0.65145
10.328,0.65007
10.027,0.65914
9.9744,0.65806
10.342,0.65085
10.347,0.64762
12.215,0.60077
10.193,0.65048
19.533,0.4914
9.7731,0.66264
11.907,0.61281
12.185,0.60317
9.9631,0.65743
18.848,0.50237
10.005,0.65601
10.295,0.65178
10.284,0.65138
16.009,0.53407
10.224,0.65488
15.959,0.53236
9.9442,0.66039
12.231,0.5979
12.168,0.60158
12.177,0.60055
11.926,0.60348
12.186,0.59598
12.331,0.59275
12.237,0.59552
12.114,0.59946
9.896,0.65428
12.184,0.59858
12.086,0.60102
9.9413,0.65218
9.8752,0.65817
9.7451,0.66326
9.8314,0.65903
10.233,0.64596
9.7832,0.66129
9.8824,0.65766
9.9951,0.65409
9.8656,0.65586
9.7445,0.66492
9.9859,0.65098
9.8479,0.65543
9.7778,0.66407
10.306,0.64743
9.8886,0.65777
10.016,0.6518
10.064,0.65261
10.004,0.65441
9.6015,0.667
9.5907,0.66679
9.7123,0.6662
1.4715,1.0655
9.9671,0.65247
10.035,0.65086
9.6445,0.66351
9.7963,0.65945
9.7994,0.65853
9.5946,0.66612
10.005,0.65405
9.7723,0.66356
9.8616,0.658
9.9791,0.65867
9.9634,0.65516
9.396,0.67087
9.7088,0.66213
9.6724,0.66302
9.991,0.65125
10.613,0.6343
9.9156,0.65304
10.18,0.65072
10.189,0.65061
9.5256,0.67094
9.7687,0.65503
9.8035,0.65805
9.8626,0.65599
9.7281,0.65849
9.4916,0.66595
9.8196,0.65711
9.3425,0.67382
9.3862,0.67289
10.159,0.653
9.734,0.66685
10.088,0.65002
10.2,0.65218
10.063,0.65197
10.113,0.65221
9.2612,0.67382
9.6122,0.6642
10.518,0.64092
9.9483,0.65439
10.581,0.63688
10.182,0.64581
10.55,0.6323
10.298,0.64536
10.031,0.64757
10.438,0.64299
10.519,0.64016
10.356,0.64622
13.532,0.58248
9.9028,0.65429
10.315,0.64446
9.9031,0.6547
10.414,0.63979
9.9518,0.66147
11.934,0.61206
12.978,0.59888
11.717,0.61968
9.8036,0.66616
15.703,0.54611
9.8689,0.66346
1.9489,1.0182
9.749,0.6674
9.8093,0.66296
13.599,0.58762
13.573,0.58749
9.7018,0.66168
9.3701,0.66875
9.5412,0.66856
9.5384,0.67003
9.4132,0.67011
9.2949,0.67067
9.4526,0.67052
9.6194,0.66262
9.852,0.65652
13.455,0.58263
11.615,0.61482
11.994,0.60494
9.8431,0.66067
9.9457,0.65717
9.9751,0.65614
18.705,0.4966
9.8981,0.65525
9.7718,0.66136
9.2062,0.67563
9.271,0.66786
9.3741,0.66536
13.436,0.58322
8.9152,0.67936
9.0169,0.67675
9.3608,0.66694
9.6886,0.66176
9.2812,0.66798
9.2236,0.67243
9.1094,0.67675
8.8182,0.68838
9.1044,0.67722
9.5178,0.66832
9.337,0.67594
8.8177,0.69118
8.7784,0.68494
8.9305,0.68475
14.434,0.5715
12.682,0.60217
18.142,0.50931
12.372,0.60899
12.498,0.60758
11.222,0.6199
12.177,0.61278
12.414,0.60438
10.968,0.63028
12.348,0.60842
10.507,0.64646
10.653,0.63665
13.51,0.57444
8.7779,0.68537
8.5929,0.69056
8.734,0.68605
8.5804,0.69199
8.5534,0.6922
8.4851,0.69622
8.1819,0.70723
8.7563,0.68943
8.0594,0.71007
8.5537,0.69597
8.5772,0.69496
8.1055,0.70582
8.3127,0.69493
8.8068,0.68944
8.1159,0.7023
7.9376,0.70859
8.097,0.70545
8.1113,0.70383
7.8318,0.71508
8.032,0.70347
8.0248,0.70476
7.6278,0.72023
8.1645,0.69606
7.8816,0.70934
8.4919,0.69482
8.4431,0.68892
8.1332,0.70283
8.5613,0.68995
7.9709,0.70755
8.1826,0.70089
7.971,0.70456
9.5181,0.66102
8.062,0.69918
1.9062,1.0158
1.8547,1.0254
10.481,0.6352
7.7824,0.70765
10.562,0.63037
10.5,0.63234
12.936,0.58083
11.011,0.62022
12.755,0.58628
10.501,0.63493
7.7332,0.70898
12.466,0.59393
9.4337,0.65489
10.863,0.61818
10.781,0.61981
10.297,0.6319
11.446,0.61187
10.268,0.63081
11.943,0.59591
11.867,0.59983
9.9509,0.63226
9.7401,0.64353
7.6563,0.69876
9.0143,0.65869
11.447,0.60261
8.866,0.66123
8.7757,0.66081
8.5725,0.66765
8.5188,0.66748
11.327,0.59607
8.2986,0.67572
8.6093,0.66543
8.2311,0.67507
8.197,0.67545
8.1167,0.67734
10.669,0.60893
6.8605,0.71849
8.023,0.67888
8.1782,0.67568
6.6661,0.72536
7.7778,0.68453
7.8953,0.68053
7.8801,0.67899
7.7474,0.68363
7.613,0.6863
6.342,0.73556
7.8541,0.67842
6.8636,0.71438
7.5036,0.69122
6.4882,0.7267
7.4557,0.68893
8.5672,0.65396
7.3638,0.69346
5.9612,0.74634
6.1339,0.73772
5.9383,0.7448
5.7968,0.7521
7.0646,0.70086
6.8575,0.70938
6.319,0.73042
5.1882,0.78231
5.2694,0.77595
7.2853,0.69441
7.1692,0.69692
6.0524,0.73766
6.1437,0.73463
5.938,0.74283
6.2904,0.73418
6.2197,0.73029
6.674,0.71704
5.942,0.74157
4.7642,0.79656
4.8425,0.79252
6.53,0.71987
4.721,0.78938
5.6413,0.74821
4.6661,0.79704
4.7823,0.78985
4.9004,0.77961
7.4588,0.676
4.6699,0.79398
5.375,0.75596
5.2562,0.75951
4.6013,0.79316
5.166,0.76453
5.2781,0.75901
4.8547,0.77749
5.6895,0.7388
5.5997,0.74359
5.5668,0.74358
5.0578,0.76716
4.5774,0.79031
5.184,0.75934
5.1802,0.76041
4.558,0.79084
4.964,0.76934
6.0108,0.72799
6.2408,0.72051
6.596,0.69758
5.8645,0.73392
6.9762,0.69143
7.3923,0.67807
6.5567,0.70897
6.9248,0.69597
7.1627,0.68486
5.1275,0.77044
3.2817,0.87354
6.3337,0.71501
4.9116,0.77818
3.2919,0.868
5.3853,0.75359
5.618,0.74285
3.3135,0.86594
3.3139,0.86354
3.3818,0.85688
3.306,0.86138
3.4277,0.85448
3.6065,0.84258
3.5358,0.84605
3.5782,0.84128
3.5333,0.84422
3.5965,0.83875
3.3036,0.85915
3.398,0.85279
3.3934,0.85261
3.2234,0.86394
3.7607,0.82513
3.5772,0.83975
3.4658,0.84498
3.328,0.8554
3.6652,0.82968
4.3056,0.79117
3.0184,0.87926
2.8017,0.89635
3.3673,0.85077
3.2173,0.85969
3.2894,0.8544
3.2417,0.85983
3.1008,0.86826
3.2223,0.86073
2.8579,0.88884
3.1071,0.86641
3.3315,0.84973
3.3213,0.85012
4.1201,0.8018
3.2338,0.85418
3.0016,0.87167
4.1942,0.78619
4.5303,0.76612
3.4433,0.83756
3.2158,0.85123
3.0692,0.86011
3.0417,0.86307
2.9984,0.86518
3.3324,0.83773
3.0335,0.85984
2.8655,0.87432
2.8894,0.87085
3.1755,0.84757
4.1223,0.78241
3.2919,0.83861
4.0319,0.78798
2.978,0.86145
3.0317,0.85788
2.8986,0.87101
2.9239,0.86874
2.3464,0.9251
2.5485,0.90167
3.1546,0.84645
3.4551,0.8285
2.3488,0.92069
2.5258,0.90066
2.4626,0.90985
2.3348,0.92322
2.3764,0.91735
2.4695,0.90562
2.3312,0.91888
2.4,0.91081
2.4382,0.90597
2.4376,0.90741
2.6164,0.88851
2.5766,0.89054
2.5603,0.89454
2.7497,0.87453
3.3487,0.82781
3.6647,0.8064
2.2813,0.91927
2.3895,0.907
2.291,0.91679
3.3436,0.82785
2.8442,0.8656
3.4834,0.81788
2.8005,0.86868
3.1119,0.84125
2.0565,0.94051
2.3589,0.90808
2.1642,0.9265
2.3958,0.90171
2.5945,0.87997
2.6367,0.87689
2.6436,0.87884
2.798,0.86468
2.5085,0.88921
2.2384,0.91122
2.1193,0.92518
2.1241,0.92337
2.2271,0.90794
2.4412,0.88859
2.2455,0.90766
2.1467,0.91624
2.1823,0.91095
2.3423,0.89435
2.2329,0.90389
2.157,0.91412
2.1785,0.91246
2.263,0.89874
2.181,0.91076
2.3323,0.89292
2.1114,0.91754
2.0456,0.92409
2.2068,0.90349
2.168,0.9066
2.0961,0.91472
2.1777,0.90474
2.1945,0.90006
2.125,0.90711
2.1376,0.90379
2.2013,0.896
2.2186,0.89536
2.2265,0.89429
2.3064,0.88485
2.9435,0.82723
2.156,0.8993
2.1777,0.8964
2.5812,0.85621
2.5958,0.85351
2.1971,0.89401
2.745,0.83522
2.347,0.87567
2.0937,0.90337
2.1741,0.89306
2.2287,0.88633
2.2908,0.8786
3.9434,0.75501
3.1281,0.80616
2.1864,0.89054
2.9933,0.81793
2.1659,0.89183
2.0556,0.90553
2.1516,0.89302
2.3099,0.8764
2.2051,0.88604
2.1039,0.89942
2.04,0.90413
2.6803,0.84758
2.0569,0.90119
2.2123,0.8843
1.9313,0.91633
1.8295,0.92893
2.3327,0.86895
2.0909,0.89516
2.2393,0.8781
2.2001,0.8828
2.2776,0.87241
2.1665,0.88322
2.542,0.84524
3.4306,0.78115
3.3818,0.78294
3.8313,0.75316
3.9653,0.7447
2.9656,0.81051
3.2332,0.7874
3.6089,0.7653
3.4244,0.77794
3.0117,0.80659
2.7063,0.83215
2.6484,0.83714
2.839,0.82103
2.2569,0.87098
2.2588,0.86898
2.5705,0.84102
2.1331,0.88407
2.4495,0.85313
2.4366,0.85181
3.3666,0.78015
2.2025,0.87251
2.1242,0.87705
3.2049,0.78987
2.5179,0.84433
3.7964,0.74747
2.5177,0.83992
2.4703,0.84428
3.8805,0.74193
3.3344,0.7741
3.2826,0.78656
2.8554,0.81081
2.6381,0.82622
3.9222,0.73841
4.0188,0.73137
3.2775,0.78378
3.5064,0.76534
2.5958,0.82779
3.2292,0.78312
3.129,0.79004
2.196,0.86948
3.2761,0.78199
2.9919,0.80224
3.0047,0.80171
2.9351,0.80603
2.0903,0.88234
2.169,0.87143
3.0749,0.79287
3.1193,0.79018
2.94,0.80523
2.4199,0.84767
2.5418,0.83247
2.2697,0.86332
2.3095,0.8565
2.1868,0.87056
2.9812,0.80066
2.2492,0.86268
3.4005,0.7664
3.1828,0.78409
2.2498,0.86383
2.9405,0.80162
2.0898,0.88094
3.3889,0.77271
2.2473,0.86252
2.7493,0.8125
3.1798,0.78021
4.0877,0.72326
3.4689,0.76312
3.3777,0.76827
2.285,0.85868
3.3164,0.77346
3.5299,0.76017
3.1433,0.78647
3.1849,0.78625
3.0061,0.79887
3.2885,0.77574
3.2842,0.77607
2.0886,0.87909
3.3675,0.76987
3.99,0.7285
3.2787,0.77556
2.6708,0.82335
2.4004,0.84452
2.5547,0.83512
2.9264,0.80052
3.3135,0.77397
2.8981,0.8107
2.4298,0.84159
2.3035,0.85575
3.4072,0.76564
3.5794,0.75448
2.9623,0.80225
3.1327,0.7891
3.0859,0.79246
2.9205,0.80578
3.0072,0.79987
3.0234,0.79804
3.0315,0.79734
3.2175,0.78074
2.4592,0.83804
2.2582,0.86026
2.8258,0.80735
2.6432,0.81682
2.3225,0.84902
2.1909,0.86434
2.4652,0.8358
2.7915,0.8113
2.6555,0.81979
2.7409,0.8151
3.3346,0.77248
3.8517,0.73845
3.3039,0.77363
3.0242,0.79748
2.1279,0.87614
3.3211,0.77363
3.1215,0.78913
3.8267,0.73725
2.3014,0.85432
3.2177,0.78075
3.3009,0.7754
3.415,0.76552
2.9453,0.80016
2.1063,0.87879
2.3005,0.85265
2.2519,0.85951
2.2296,0.86269
2.1692,0.86821
2.07,0.88318
2.1084,0.87864
2.2529,0.8616
2.0829,0.88174
2.4345,0.84211
2.3441,0.85289
3.0652,0.79518
3.2463,0.77828
3.1442,0.78632
3.165,0.78443
3.3542,0.76996
2.1267,0.87297
2.1675,0.86763
2.2526,0.85815
2.9963,0.79821
3.1504,0.78558
3.5864,0.75216
2.4146,0.84298
3.1416,0.78602
3.4826,0.7582
3.3508,0.76777
2.4148,0.83645
2.1815,0.86661
3.4364,0.76092
3.1123,0.78856
2.078,0.87858
2.0449,0.88104
2.9621,0.79845
2.1641,0.87091
2.1958,0.8668
2.1241,0.87263
2.8192,0.81303
2.9365,0.79395
2.3989,0.84172
2.0904,0.87591
2.2891,0.85241
2.1749,0.86712
2.471,0.83859
2.0977,0.87555
2.5004,0.83525
2.1429,0.86896
2.1204,0.87257
3.0669,0.79138
3.1525,0.78378
3.2859,0.77481
3.0558,0.79227
2.836,0.8113
3.3913,0.76557
2.8906,0.80634
3.0298,0.79451
2.9414,0.8014
2.887,0.80659
3.1445,0.78451
3.2647,0.77515
3.3067,0.77116
2.9882,0.79366
2.2007,0.86078
2.6867,0.81785
2.8048,0.8079
2.9498,0.79435
3.1682,0.77603
3.0343,0.7864
3.1367,0.77803
3.6796,0.74017
0.097281,1.5157
0.076464,1.566
2.955,0.7921
2.7075,0.81362
2.5524,0.82958
2.4135,0.84145
2.3564,0.84816
2.7562,0.81068
2.213,0.85986
2.5636,0.82535
2.6279,0.81935
3.1527,0.78394
3.0411,0.78829
2.9761,0.79376
2.8629,0.80351
2.5015,0.83274
2.594,0.8157
2.6605,0.80987
4.1752,0.70709
2.4963,0.82574
2.9063,0.78998
2.5906,0.81919
3.1055,0.78066
3.1392,0.77748
3.3021,0.76884
3.4173,0.75862
3.0053,0.78772
3.9547,0.72101
2.6757,0.81139
3.516,0.74878
3.3571,0.76206
3.5439,0.74605
2.5541,0.82615
3.6762,0.7416
3.321,0.76694
2.9923,0.78579
2.8521,0.7979
3.7115,0.7383
3.0606,0.78065
2.8478,0.80779
3.0585,0.78688
2.2522,0.84964
2.049,0.87819
2.2613,0.85558
2.8128,0.80628
2.8313,0.80721
2.4758,0.83899
2.6794,0.82228
3.1666,0.77474
2.7051,0.81597
3.0808,0.78198
2.7693,0.81412
2.9818,0.79257
3.056,0.78648
2.7539,0.81192
2.8281,0.80352
2.148,0.86421
3.2487,0.76841
2.8152,0.80446
2.7,0.81679
2.0907,0.87551
2.8527,0.80295
2.1949,0.86306
3.3052,0.76948
2.9354,0.79652
3.3013,0.76916
2.5366,0.82856
2.6457,0.81839
3.3482,0.76756
2.5056,0.83191
3.2943,0.77083
2.9386,0.79439
3.09,0.78409
2.8914,0.80118
2.997,0.7918
2.94,0.79875
3.2049,0.77395
2.5427,0.82745
2.4331,0.84278
3.0944,0.78584
2.4999,0.83242
2.494,0.83445
2.5925,0.82543
2.4467,0.83758
2.3578,0.84615
3.2836,0.76974
2.0911,0.87429
3.0111,0.79398
2.2539,0.86079
2.3642,0.84913
2.3935,0.84656
2.5229,0.83288
2.5399,0.83057
2.2974,0.85616
2.4846,0.83245
2.7722,0.80088
3.1528,0.77825
3.0026,0.79336
2.5222,0.82378
3.3116,0.77147
2.3178,0.85255
2.318,0.85178
2.3125,0.85323
2.2232,0.86153
3.0727,0.78933
2.9275,0.7984
2.1497,0.86972
2.7487,0.80622
2.2138,0.85979
3.3406,0.76914
3.0727,0.78542
2.2729,0.85357
2.3984,0.83938
2.0965,0.8721
3.193,0.77687
2.4256,0.8365
2.3716,0.8421
2.4387,0.83611
2.2164,0.85751
2.1741,0.86271
2.4628,0.83496
2.4576,0.83448
2.329,0.84822
2.6237,0.82569
2.8696,0.79889
2.6613,0.81972
2.6918,0.81718
2.6365,0.81975
2.5716,0.82787
2.5718,0.82564
2.4422,0.83668
2.4779,0.83258
2.2067,0.86475
2.4323,0.83947
2.2967,0.85155
2.3871,0.84272
2.5631,0.82556
0.095692,1.5239
2.5804,0.82791
2.4363,0.84285
2.7951,0.81323
2.7277,0.81032
2.4099,0.84116
3.277,0.7655
2.9299,0.79227
2.8371,0.80322
3.2074,0.77298
1.8946,0.89441
3.7988,0.73814
3.0033,0.79312
2.77,0.8108
2.7202,0.81375
3.1393,0.78374
2.0817,0.87319
2.9976,0.79107
2.7044,0.8171
2.086,0.8744
2.4231,0.83162
2.1228,0.87121
2.5234,0.83282
2.7986,0.80666
2.1636,0.86285
2.3886,0.83818
2.4967,0.82976
2.1652,0.86416
2.2087,0.86136
2.2432,0.85875
2.2229,0.86026
2.9627,0.79405
2.2991,0.85067
3.1834,0.77772
2.3989,0.8427
2.4436,0.84076
2.435,0.8413
2.4224,0.83994
2.4019,0.84036
2.3087,0.85053
2.5671,0.82404
2.2585,0.85523
2.4632,0.83659
2.3467,0.84869
2.1808,0.86368
2.4657,0.83308
3.1657,0.77966
2.2148,0.86023
2.0308,0.87741
1.8157,0.90071
2.4788,0.83287
2.2504,0.85835
2.1235,0.86753
1.9766,0.88379
2.8239,0.79669
2.1848,0.86161
2.0463,0.87265
2.0983,0.86925
3.2032,0.77528
3.3007,0.76896
3.4686,0.75528
2.5034,0.82843
2.6171,0.81769
2.1313,0.86693
2.0374,0.87593
2.5224,0.82662
2.4266,0.83602
3.024,0.79178
2.5231,0.82623
2.4511,0.83399
3.1086,0.78063
3.2912,0.76712
3.0864,0.78159
2.2989,0.85012
2.4961,0.82671
2.1737,0.86733
2.3451,0.84429
2.4201,0.83591
2.2432,0.85871
2.0539,0.8771
1.9245,0.89436
2.0734,0.87611
2.9583,0.79585
2.0816,0.87483
2.1886,0.8607
2.7751,0.81361
2.0058,0.88379
3.0494,0.78692
2.6164,0.82414
2.0925,0.86942
2.3581,0.84547
2.1881,0.86325
2.099,0.8743
2.1281,0.86741
2.867,0.80029
2.9655,0.79207
2.4632,0.83325
2.9375,0.79449
3.1868,0.77395
2.7031,0.81544
2.3287,0.8458
2.3366,0.84588
2.7773,0.80404
2.2151,0.85281
2.9763,0.79133
2.8867,0.79873
2.3626,0.83864
2.7658,0.80115
2.1343,0.8644
2.4417,0.83495
2.0996,0.86668
2.1026,0.8652
2.3871,0.84002
3.5506,0.74469
2.2345,0.8542
2.3601,0.84404
2.1968,0.86066
2.1105,0.86783
2.6782,0.81654
2.4521,0.83743
2.5106,0.83133
2.3686,0.8472
2.0666,0.87676
2.2081,0.86219
2.4991,0.83272
2.0916,0.87293
1.988,0.88455
2.3696,0.84436
2.4109,0.84005
2.0351,0.87834
0.77611,1.0842
0.76379,1.0868
2.8908,0.79188
3.2866,0.765
3.3282,0.76187
2.6709,0.81221
2.6314,0.81626
2.8544,0.79177
3.0329,0.78599
2.5121,0.82143
2.397,0.83545
3.2837,0.76535
1.9894,0.88302
2.2822,0.85313
2.2553,0.8568
2.1695,0.8648
2.1255,0.8701
2.3967,0.83896
2.1365,0.86684
2.1706,0.86409
2.0505,0.87848
2.2295,0.85684
2.0899,0.87427
2.5796,0.81852
2.9356,0.7939
2.3245,0.84621
2.2148,0.85992
2.6853,0.81511
2.6519,0.81758
1.9736,0.88673
2.5567,0.82776
1.972,0.88792
2.4013,0.84432
2.4863,0.83568
2.5078,0.83767
2.0715,0.87934
2.0911,0.87333
2.1485,0.86586
2.3911,0.83771
2.9031,0.79739
2.9477,0.78954
2.8245,0.80281
3.06,0.78473
2.6053,0.82391
2.7832,0.80651
2.1316,0.86741
2.7718,0.80739
2.873,0.79893
3.223,0.77251
2.1371,0.86664
2.2708,0.85409
2.0768,0.87503
2.7743,0.80969
2.7863,0.80658
2.3711,0.84156
3.2144,0.77322
2.9627,0.79335
2.1637,0.863
2.5119,0.82773
2.2659,0.85186
3.2615,0.7748
2.3082,0.84607
1.9788,0.88465
2.3967,0.84008
2.3743,0.84468
3.0049,0.78185
2.3129,0.849
2.3627,0.84243
2.3622,0.8432
2.4882,0.82997
2.4125,0.83742
2.4171,0.83738
3.0277,0.78936
2.904,0.79505
2.1058,0.87153
2.3289,0.84746
2.8257,0.79494
2.4347,0.83419
2.225,0.85515
2.4877,0.82868
2.0665,0.87486
2.3498,0.84518
2.286,0.84975
2.0334,0.8771
3.2883,0.76789
2.1125,0.8691
2.3721,0.84258
2.3433,0.84536
2.6915,0.80831
2.8978,0.79599
2.793,0.8039
2.3941,0.84361
2.4128,0.83798
2.2769,0.85344
2.5622,0.82589
2.7365,0.80907
3.0569,0.78408
3.0177,0.78751
2.6033,0.81481
3.0912,0.78369
3.0401,0.78717
2.3402,0.84414
3.1368,0.78023
2.2807,0.85156
2.2627,0.85336
2.9972,0.79034
2.1717,0.86236
2.1668,0.86326
3.0157,0.78506
2.8842,0.79494
2.3266,0.84375
2.3247,0.84491
3.1978,0.77436
2.8281,0.79993
3.2048,0.77195
1.9405,0.88511
2.7689,0.80564
2.3577,0.84032
0.12895,1.4571
2.1661,0.86206
2.8374,0.80009
2.7827,0.80648
1.9903,0.88024
2.4777,0.83424
2.7664,0.80665
2.52,0.83001
2.7176,0.81104
2.6289,0.81944
2.6466,0.81835
2.7629,0.80682
2.692,0.81313
2.8785,0.79644
2.3864,0.84042
2.125,0.86219
2.3738,0.83703
2.2763,0.84814
2.3584,0.84686
2.7898,0.80453
3.0848,0.78355
2.7209,0.81324
3.0243,0.78443
3.1334,0.77756
2.9388,0.79372
2.8721,0.79934
0.10854,1.4922
2.6617,0.81239
2.7079,0.81002
2.775,0.80507
2.3868,0.84215
2.5307,0.82784
2.611,0.82047
2.3986,0.841
2.9723,0.78647
2.6178,0.81634
2.3285,0.8437
2.3652,0.8421
1.9877,0.88328
2.6375,0.81825
2.6582,0.81608
3.0663,0.77982
2.9464,0.79035
2.7377,0.80913
2.5872,0.82322
2.5383,0.82818
2.6222,0.8195
2.8251,0.80182
2.54,0.82809
2.5552,0.82596
2.0549,0.87432
2.6485,0.81539
2.5605,0.82583
2.9336,0.79201
2.3947,0.83866
2.3962,0.83736
2.4689,0.8331
2.1753,0.86144
2.157,0.86415
2.0552,0.87359
2.0977,0.87048
2.1714,0.86303
2.3663,0.84384
2.1424,0.86489
2.5066,0.83081
2.7967,0.80323
2.6002,0.82113
2.5845,0.82316
2.5994,0.82213
2.6256,0.81941
2.4725,0.83551
2.4288,0.83927
2.5739,0.82459
2.4854,0.83301
2.2303,0.85407
2.0123,0.87735
3.5309,0.74872
2.2746,0.84822
3.3067,0.76388
2.212,0.85607
2.7306,0.81143
2.9121,0.79595
2.6989,0.81391
2.7502,0.80635
2.7006,0.81113
2.6985,0.81243
3.0666,0.78297
3.2576,0.76678
2.191,0.85782
2.8488,0.79801
2.1918,0.85614
2.2007,0.85574
2.1905,0.85501
2.9426,0.78913
2.7516,0.80557
2.0556,0.87172
0.064762,1.6
2.1694,0.85711
2.2211,0.85502
1.8214,0.8983
2.0895,0.87129
2.1305,0.86612
2.7591,0.80385
1.9958,0.87924
2.9723,0.78815
3.1178,0.77704
2.2971,0.84486
2.3108,0.84526
2.0954,0.87087
2.7121,0.81051
2.2913,0.84943
1.8914,0.88978
2.7777,0.80342
2.2683,0.84746
2.176,0.85846
2.1841,0.85819
2.109,0.8699
2.984,0.78901
2.1118,0.86691
2.9428,0.79034
2.5755,0.8216
2.7651,0.80412
2.9297,0.79366
1.9411,0.88757
2.9982,0.78845
2.7157,0.81057
0.16218,1.4139
0.1666,1.4078
0.13025,1.4596
0.18466,1.3872
0.17348,1.4001
0.20177,1.3667
0.17172,1.4009
0.15024,1.4304
2.0528,0.87325
0.073016,1.5756
2.7019,0.81042
2.7581,0.80988
3.0417,0.78336
2.405,0.8386
3.1903,0.76951
2.4993,0.82986
2.4331,0.83654
2.8408,0.79763
2.6277,0.81647
2.1248,0.86462
2.4183,0.83246
2.1109,0.86687
2.3634,0.83777
2.7366,0.80816
2.265,0.84818
2.608,0.81378
3.0766,0.78005
2.3267,0.8429
2.5058,0.82533
2.3397,0.84301
2.2601,0.85091
2.2384,0.85191
3.2719,0.76584
1.9588,0.88541
3.0038,0.78776
3.0937,0.78121
2.2108,0.85675
2.1529,0.86326
2.939,0.7902
2.3915,0.83907
2.361,0.83918
2.1704,0.862
2.269,0.84816
2.1887,0.85527
2.1298,0.86175
1.822,0.90112
2.0416,0.87687
2.7219,0.80923
2.6736,0.81363
2.2764,0.85137
2.6242,0.81807
2.7704,0.80433
2.6811,0.8124
2.8358,0.80157
2.6864,0.81203
2.3618,0.83998
2.6561,0.81393
2.1971,0.85778
2.6592,0.81364
2.5771,0.81462
2.7026,0.81036
2.714,0.80883
2.1868,0.86055
2.1422,0.86384
2.3932,0.83378
2.1518,0.86631
2.1014,0.86768
2.5296,0.81973
3.3751,0.76062
2.009,0.87605
2.89,0.79295
2.0157,0.8718
1.9763,0.87781
2.8764,0.79453
2.7784,0.80297
2.7227,0.80825
2.4874,0.82684
2.8447,0.79728
2.6859,0.81236
2.8095,0.80027
2.4388,0.83417
2.3222,0.84355
2.3205,0.84332
2.0961,0.86723
2.5585,0.82509
2.473,0.83061
2.5665,0.82133
2.6038,0.81916
2.0659,0.8686
2.3463,0.83946
2.5928,0.81896
2.1706,0.8605
2.8636,0.79928
2.8094,0.80074
3.0044,0.78306
3.156,0.77121
3.0441,0.77928
2.823,0.79967
3.0904,0.77577
2.8076,0.80018
2.211,0.85532
3.1727,0.76817
2.8322,0.79978
2.119,0.86696
2.6935,0.81241
1.9639,0.88698
2.8794,0.79548
2.4799,0.83353
2.6376,0.81959
2.0528,0.87452
2.2828,0.84788
2.1126,0.86721
2.832,0.7981
2.0965,0.86897
1.9723,0.8853
2.0883,0.86917
3.1596,0.76937
2.0763,0.86736
2.8354,0.79718
1.895,0.88841
2.1125,0.86284
2.4839,0.83131
1.9727,0.88085
1.9739,0.8831
1.0983,1.0084
2.5068,0.82808
0.93385,1.0451
2.0944,0.86932
1.9113,0.88324
1.6193,0.92397
1.8983,0.88559
2.2981,0.84734
2.7879,0.80199
1.9896,0.87405
2.5964,0.82054
2.5881,0.82098
2.0593,0.8712
1.99,0.87956
2.1404,0.85643
2.1541,0.85886
1.9943,0.88094
2.2782,0.8457
2.2102,0.85108
2.3279,0.83778
2.0136,0.8776
2.1327,0.86462
2.1313,0.86495
2.42,0.83298
2.1614,0.862
2.187,0.85897
1.9443,0.88186
1.9619,0.87982
2.4188,0.83642
2.752,0.80573
2.7051,0.80913
3.1431,0.77073
2.5836,0.82073
2.576,0.81522
2.6159,0.81791
2.8353,0.7971
2.5878,0.81958
2.6684,0.81182
3.0767,0.77655
2.7991,0.79991
2.1566,0.85945
1.1798,0.9949
2.4389,0.82988
2.1016,0.86648
2.496,0.82587
2.1993,0.85364
1.9252,0.88507
2.3674,0.83876
2.3688,0.83928
1.9431,0.8842
2.4791,0.82803
2.0093,0.87522
2.7335,0.80594
2.0234,0.87139
2.3516,0.84036
2.3934,0.83719
2.165,0.85874
2.4452,0.83093
2.2987,0.84797
3.2018,0.76436
2.3406,0.84201
2.4558,0.83069
2.8878,0.79387
2.344,0.84128
1.9942,0.87846
1.9973,0.87128
2.3409,0.83266
2.8444,0.79682
1.8683,0.88918
1.8009,0.89783
2.375,0.83424
1.9423,0.87884
1.8838,0.88736
2.5244,0.82033
1.7808,0.90107
1.8668,0.8892
2.7953,0.79653
3.1305,0.76957
2.6237,0.81447
2.8774,0.79106
2.6959,0.80701
2.971,0.7832
3.3847,0.75055
2.6732,0.80968
2.8508,0.79326
2.856,0.79283
2.9171,0.78771
3.1054,0.77158
2.9746,0.7821
2.4062,0.82891
2.3335,0.83653
2.8538,0.79041
2.3256,0.83846
2.6399,0.80908
2.7958,0.7974
2.7951,0.79831
2.5279,0.81565
2.8148,0.79252
2.176,0.85099
2.7829,0.79626
3.4125,0.74879
3.5529,0.73874
2.6546,0.80766
1.8624,0.8882
3.3905,0.75057
2.2208,0.84621
2.9446,0.78002
2.0922,0.85853
2.8133,0.79175
3.0303,0.7725
2.7802,0.79404
3.0699,0.77284
2.9412,0.77964
1.9279,0.87602
1.9253,0.87528
2.5554,0.81241
1.8961,0.8788
1.8869,0.88084
1.9012,0.87834
2.5502,0.81219
1.9208,0.8739
2.1582,0.84901
2.0019,0.86308
1.9107,0.87756
1.7235,0.89756
1.9158,0.87395
2.5482,0.81078
1.7726,0.89356
2.7016,0.79602
2.5873,0.8064
2.4707,0.81754
2.5747,0.80757
2.0426,0.85831
2.9434,0.773
1.852,0.87828
2.8095,0.78162
2.5166,0.80973
3.2188,0.7488
2.2582,0.83168
2.5228,0.80254
2.3722,0.81859
2.4128,0.81788
2.506,0.80432
2.3525,0.82492
2.5162,0.80685
2.4888,0.80533
3.2558,0.74339
2.5951,0.79679
3.0088,0.76546
2.5124,0.80715
2.5544,0.79973
2.7724,0.78173
2.0992,0.843
2.0537,0.84813
2.016,0.85316
1.9802,0.86029
1.9903,0.85791
2.3942,0.81644
1.0618,0.99334
1.9253,0.86255
2.2704,0.82417
2.3503,0.8151
2.2336,0.82672
2.3293,0.81617
3.1209,0.74864
2.1901,0.82806
2.3187,0.8146
2.5881,0.7944
2.2942,0.82092
1.9172,0.86612
2.0954,0.83889
2.3782,0.80981
3.3582,0.73081
2.4493,0.80471
2.4954,0.7993
2.4189,0.80713
2.3454,0.81568
2.2747,0.82346
2.3654,0.81229
2.5962,0.78855
2.3132,0.81813
2.5036,0.79375
2.405,0.80353
2.6119,0.78424
3.3824,0.72259
2.071,0.8324
2.3337,0.81156
2.2277,0.81662
3.0536,0.74759
2.7625,0.77271
2.9669,0.75499
3.4628,0.71736
1.8908,0.8552
2.4098,0.80081
3.1543,0.7407
3.2698,0.73068
1.9713,0.8449
2.0569,0.83201
2.1764,0.81895
2.3299,0.79958
2.223,0.81476
2.3249,0.79964
2.0723,0.83206
2.0558,0.83269
2.4129,0.79634
2.4238,0.79367
2.4399,0.7922
2.0092,0.83663
2.3739,0.80595
2.807,0.76267
2.1982,0.8176
2.947,0.75377
3.7657,0.68689
3.3399,0.71701
2.6142,0.77041
4.0092,0.67256
3.1509,0.73266
2.7282,0.76019
3.0182,0.73501
2.6602,0.76343
1.8892,0.85033
1.9921,0.83422
1.9211,0.84246
2.0301,0.82889
1.9131,0.84501
2.0963,0.82241
1.997,0.83441
1.9748,0.83218
1.9343,0.83983
2.4144,0.78686
1.9878,0.83168
2.9156,0.74639
3.3887,0.71084
1.9708,0.83111
2.1708,0.80902
2.2913,0.79567
3.7278,0.68487
2.2946,0.79603
2.5436,0.76865
2.5405,0.77045
2.0225,0.82578
2.5259,0.77639
2.7118,0.75768
2.9646,0.73721
3.4413,0.69758
2.2442,0.79715
2.2763,0.79338
2.3362,0.78632
2.258,0.79391
1.9657,0.82746
2.4995,0.77106
2.1852,0.80151
2.106,0.81227
2.4253,0.77846
2.1308,0.80817
2.1795,0.80197
2.7196,0.75809
2.063,0.82061
1.9795,0.82659
2.0149,0.8203
2.307,0.78611
2.2843,0.78795
2.0923,0.8081
2.2152,0.79698
1.8338,0.83753
1.6502,0.86632
2.0189,0.81754
2.2718,0.78735
3.2935,0.70604
3.9747,0.66413
3.8686,0.66803
2.3158,0.78447
2.6807,0.74314
2.7147,0.7495
2.2233,0.78831
2.2019,0.79502
2.1012,0.80731
2.0541,0.81506
2.059,0.81129
2.3148,0.78385
1.8978,0.83141
2.6533,0.75079
2.0317,0.8155
2.0321,0.81145
1.9598,0.82141
2.2981,0.78349
2.2704,0.7855
2.6108,0.75073
2.6214,0.75054
2.7854,0.73299
2.6306,0.74998
2.6243,0.74921
2.305,0.78207
3.9604,0.64989
3.2284,0.70276
4.0016,0.64654
2.8269,0.72992
2.8272,0.72575
2.2027,0.78671
3.3435,0.69054
2.5724,0.74573
3.1277,0.7071
2.9762,0.71091
3.762,0.66269
2.947,0.724
2.6566,0.74142
2.7483,0.73228
3.9785,0.64729
4.5164,0.61456
2.8818,0.71957
2.3713,0.76743
2.9434,0.71065
3.0555,0.7012
2.7472,0.72407
3.0338,0.69935
2.809,0.71968
2.7281,0.72557
3.7376,0.65542
2.5917,0.73935
3.0665,0.69666
3.4261,0.67546
2.0958,0.79264
2.377,0.75784
1.8204,0.82267
2.5413,0.74124
2.3082,0.76282
2.3885,0.76017
2.5999,0.73898
3.466,0.67411
1.6722,0.8454
2.1191,0.78368
1.805,0.82731
2.1866,0.78067
2.3591,0.75793
2.4358,0.75164
2.2031,0.7782
2.4995,0.73711
2.0165,0.79424
2.3153,0.75836
1.9697,0.80133
3.1191,0.69366
2.7821,0.7187
2.6539,0.72926
4.0054,0.62994
3.1952,0.68451
4.0602,0.62436
2.8086,0.71868
2.8377,0.71678
3.1721,0.68767
2.9957,0.70003
2.6521,0.73179
2.704,0.72576
0.90217,0.97872
3.0145,0.69362
1.84,0.81426
2.5637,0.73421
2.4352,0.74698
2.1855,0.77448
50.346,-0.17623
2.2221,0.75948
3.6196,0.64578
3.0079,0.68481
2.1658,0.77818
3.0265,0.69066
3.6121,0.64978
2.5173,0.72883
2.4366,0.73225
3.9884,0.61957
2.5533,0.72054
3.4516,0.657
2.2426,0.75317
4.131,0.61026
2.7133,0.70536
3.3583,0.65569
2.4012,0.73658
2.4674,0.73007
2.4332,0.74824
1.6965,0.82972
1.6559,0.83448
2.0137,0.7911
1.4898,0.85792
2.1699,0.76792
1.6111,0.83471
1.6512,0.82958
1.8726,0.79726
1.4663,0.86299
1.5543,0.84157
1.4681,0.86225
2.5902,0.72495
1.97,0.78642
2.4561,0.73717
2.3736,0.74215
1.8943,0.78884
2.1754,0.7566
2.3647,0.74326
2.1062,0.76315
2.1034,0.76334
2.6085,0.7131
2.3719,0.73946
1.9599,0.78101
1.6924,0.82477
2.5164,0.73087
2.4914,0.73416
2.7451,0.70935
2.3558,0.74556
2.1663,0.76441
2.361,0.74032
2.7258,0.70964
2.2082,0.76453
1.4808,0.8572
1.9342,0.78522
1.89,0.79949
1.9162,0.79097
2.0242,0.78027
2.0408,0.77745
2.215,0.75104
2.6131,0.71517
2.3391,0.74265
3.2634,0.65697
2.0289,0.78133
2.2207,0.75716
1.9896,0.78427
1.9872,0.78381
1.9301,0.79248
1.9673,0.78232
2.2273,0.75291
2.3288,0.7451
2.2959,0.74711
3.4971,0.63951
2.8588,0.69089
2.7603,0.70185
2.2331,0.75378
2.9918,0.68036
2.395,0.74106
1.84,0.80934
2.4306,0.73075
2.4681,0.72995
1.9839,0.78126
2.0242,0.77715
2.9725,0.68236
1.9337,0.78164
2.084,0.77084
2.3978,0.73733
2.0402,0.7755
2.1212,0.76457
2.052,0.77407
2.688,0.70726
1.9531,0.78584
2.0206,0.77302
2.3235,0.74746
3.6558,0.63341
1.4635,0.85661
2.0769,0.77729
2.2185,0.75254
2.1253,0.76852
2.9831,0.67863
1.7811,0.79929
3.3215,0.65791
2.7567,0.70413
2.8169,0.6992
2.4867,0.7315
2.4539,0.73077
2.0176,0.77185
1.9534,0.79393
2.7,0.70196
2.0347,0.77481
2.2375,0.7562
1.5291,0.84564
1.77,0.8106
2.5583,0.7117
2.7293,0.69924
1.8811,0.79331
2.3129,0.74321
2.4643,0.7276
1.9597,0.78625
2.2435,0.75232
1.7821,0.80693
1.8778,0.79847
2.3136,0.74098
1.8883,0.79555
1.8314,0.8023
1.8159,0.80529
1.753,0.80669
3.0877,0.67972
1.905,0.79333
1.4396,0.85884
1.4856,0.85196
1.6939,0.81574
1.4047,0.86482
1.5013,0.85394
1.6454,0.83504
1.7927,0.80795
1.5836,0.8344
2.5829,0.71698
1.7301,0.81068
1.7379,0.81345
2.7124,0.71051
2.2993,0.74307
2.45,0.72744
2.9381,0.68709
2.0814,0.76375
1.8044,0.80126
2.1519,0.75281
2.5755,0.70793
2.1032,0.76211
2.1406,0.75737
3.2604,0.65881
1.8963,0.78419
3.7008,0.63088
1.7426,0.80277
1.6843,0.81528
1.6611,0.81862
1.5521,0.83746
1.8551,0.79979
1.4382,0.85701
1.4285,0.85914
2.7746,0.70031
3.4822,0.64501
1.501,0.8433
2.7455,0.70282
1.8016,0.80339
2.3687,0.73273
2.4825,0.71794
2.7042,0.69612
2.3922,0.72885
2.3941,0.72836
2.1848,0.75151
2.2116,0.74924
1.8953,0.78501
1.9191,0.78685
1.8121,0.79951
4.2739,0.59457
1.5733,0.83365
1.4643,0.85531
1.682,0.81605
1.5695,0.83606
3.2,0.66613
1.2942,0.87963
3.2698,0.66107
2.348,0.74294
3.3857,0.65133
2.949,0.68614
1.5704,0.83243
1.545,0.84069
1.9782,0.77036
2.909,0.67789
2.7875,0.6899
2.955,0.67722
1.7632,0.79924
2.6151,0.71065
1.6063,0.82721
1.8042,0.79861
1.9326,0.78085
2.0179,0.76852
1.8514,0.79288
1.7584,0.80587
2.7992,0.69389
2.9314,0.68494
1.8999,0.78732
2.014,0.7658
1.7454,0.80124
1.7863,0.79622
1.7761,0.79762
1.7612,0.80035
1.749,0.80357
1.6905,0.81364
1.5155,0.83921
1.7735,0.79913
1.2798,0.88111
1.6308,0.81575
1.4978,0.83747
1.776,0.80525
1.2971,0.8792
1.2675,0.8817
1.3719,0.86157
1.3131,0.87359
1.7244,0.80095
1.7222,0.81005
1.9152,0.7759
2.0409,0.76305
1.4964,0.84105
1.4982,0.84288
2.0301,0.76047
1.9501,0.77233
3.2531,0.65524
1.3083,0.8749
1.6992,0.80753
1.6147,0.82345
1.6816,0.81251
1.4868,0.84462
1.8306,0.78961
1.7493,0.79909
1.9002,0.78519
1.8123,0.79884
1.9703,0.77096
1.9232,0.77773
2.4975,0.71582
2.2382,0.73796
2.4635,0.72043
1.5345,0.84154
1.6715,0.8194
1.7585,0.80313
1.6942,0.81168
1.5197,0.84384
2.244,0.74044
1.9198,0.78949
1.5119,0.84289
2.0695,0.76006
3.2182,0.65839
2.5413,0.71145
1.8678,0.78543
2.4322,0.72175
2.8162,0.68381
2.2409,0.7454
2.1147,0.76262
2.9014,0.6847
2.1698,0.75389
2.2671,0.74209
1.6593,0.8172
1.6484,0.81588
1.9312,0.77599
1.9884,0.769
2.1152,0.75969
1.7143,0.81242
2.0547,0.76652
2.0572,0.7641
2.3955,0.72609
1.352,0.87505
2.1233,0.75836
1.7944,0.79791
2.0137,0.77359
1.9696,0.77896
1.9644,0.78279
1.567,0.84011
1.8363,0.79568
1.8335,0.79625
1.5732,0.82902
1.6414,0.82565
1.8193,0.79561
1.9575,0.77688
3.399,0.64446
2.2706,0.73985
2.8927,0.68145
2.9321,0.67991
1.9918,0.77174
1.9984,0.76548
2.0647,0.76226
1.7136,0.80506
2.1486,0.7519
2.9985,0.67837
2.4039,0.72381
2.02,0.7693
3.4634,0.64036
1.9902,0.77414
1.5493,0.84105
1.5707,0.83382
2.1043,0.75766
2.7281,0.69468
2.3807,0.72296
2.1515,0.75596
3.3537,0.64501
2.0617,0.76078
0.33315,1.1707
2.251,0.73759
1.4332,0.84742
2.2878,0.73651
2.0045,0.77151
2.0409,0.76882
1.977,0.77569
1.6511,0.82344
1.7661,0.80493
2.4111,0.73361
2.3362,0.73224
1.9659,0.77629
2.059,0.76226
1.8919,0.78374
2.2136,0.74555
2.2333,0.73877
1.5372,0.83608
1.5999,0.8266
1.8069,0.79186
1.5653,0.82906
2.5557,0.71525
1.4938,0.84343
2.5806,0.70973
1.5931,0.82683
1.9548,0.77779
1.5846,0.82797
1.7164,0.80464
2.253,0.73381
3.0114,0.66136
2.4864,0.70918
2.335,0.72999
2.0226,0.76797
2.2541,0.73855
1.925,0.77721
1.7395,0.80239
2.1921,0.74644
1.9035,0.78446
2.2926,0.73613
1.8999,0.77821
1.6262,0.81687
1.6643,0.80502
1.688,0.814
1.5572,0.83303
1.785,0.79879
2.1327,0.75138
1.6495,0.81945
1.8297,0.79343
1.592,0.8298
1.3947,0.85781
1.668,0.81672
2.6199,0.70371
1.981,0.76127
2.813,0.68593
1.8321,0.78173
2.4736,0.71526
2.8101,0.68866
2.0414,0.76348
2.0574,0.75415
2.3891,0.72376
2.7898,0.6908
2.4205,0.72795
2.3471,0.72822
2.3021,0.73693
1.9058,0.7891
1.5834,0.82238
1.5829,0.82223
1.9085,0.77425
1.6538,0.81136
1.4192,0.8573
1.6847,0.80729
1.6069,0.82103
1.8977,0.77731
1.8802,0.7794
1.5702,0.82421
1.97,0.7681
2.5411,0.71737
1.7604,0.80541
1.4764,0.85188
1.4722,0.84489
2.4935,0.72255
1.4775,0.84931
2.1169,0.76013
2.3679,0.7351
3.8312,0.6142
2.2006,0.74819
1.2599,0.88871
1.5169,0.84031
2.132,0.7517
1.6922,0.81117
1.634,0.82136
2.0685,0.75966
2.5613,0.71207
1.5425,0.82982
2.3354,0.73643
2.5581,0.71195
2.5829,0.71133
2.333,0.73668
2.9757,0.6738
2.3339,0.74614
1.9104,0.77701
1.7185,0.81341
1.5617,0.83042
1.8352,0.78684
1.4179,0.85463
1.325,0.87101
1.9996,0.76864
1.291,0.8846
1.6967,0.81207
2.3668,0.73125
1.8398,0.79311
2.5943,0.70296
2.9096,0.67327
1.6589,0.80806
2.34,0.72886
2.1187,0.7542
3.4145,0.63193
1.7014,0.80967
1.7041,0.80944
1.8291,0.79
1.9871,0.7691
1.8103,0.78527
1.6456,0.80947
1.4545,0.8376
1.6756,0.80211
3.2804,0.64762
3.5419,0.62575
1.7233,0.79685
1.9449,0.77455
1.2835,0.87722
1.721,0.8126
1.8618,0.78693
1.3878,0.85652
3.1832,0.64984
1.461,0.84686
1.6412,0.82616
1.4272,0.86209
1.2465,0.89128
2.0313,0.76779
2.0725,0.75912
2.5973,0.70421
1.4679,0.84491
1.9951,0.76915
1.8703,0.78748
1.9844,0.77015
2.0102,0.76052
2.1378,0.75375
2.9228,0.68065
2.217,0.74093
2.223,0.7419
1.9898,0.76895
2.0087,0.76887
1.7455,0.79353
2.4596,0.71354
1.8023,0.78652
1.9545,0.77379
2.2759,0.73358
2.2175,0.74344
2.8803,0.67791
2.8442,0.67867
1.7748,0.78858
1.7303,0.79771
2.149,0.73941
1.5444,0.82502
1.4965,0.84178
1.5246,0.834
1.4955,0.83754
2.4342,0.72688
1.8832,0.78567
1.548,0.82468
2.0666,0.76087
1.6499,0.81843
2.5221,0.71102
2.2244,0.74119
2.0578,0.75224
1.4824,0.83999
2.0521,0.76851
2.9422,0.67418
2.3976,0.73358
2.3295,0.73934
1.8794,0.78577
2.6782,0.7054
1.9766,0.77815
2.413,0.73173
1.3398,0.86578
2.6391,0.70268
1.5037,0.83312
2.6957,0.69427
1.9944,0.76036
1.3585,0.86509
1.386,0.8547
2.3031,0.72982
1.739,0.79489
1.6632,0.80662
1.7239,0.79722
1.6531,0.81089
1.5851,0.82358
3.1006,0.66322
2.9729,0.67313
1.8559,0.77766
2.6195,0.70231
2.1784,0.74422
2.9254,0.67576
1.3336,0.86391
2.4493,0.71523
2.2467,0.74153
1.8834,0.78423
2.6011,0.70512
3.3274,0.63925
2.2347,0.73749
3.127,0.66375
2.5246,0.71314
2.1868,0.73899
2.2654,0.73758
2.2656,0.72564
3.1245,0.66443
3.4133,0.638
2.994,0.66516
2.8602,0.68361
3.2963,0.65315
2.5587,0.7083
3.5979,0.62116
3.4441,0.63827
3.0512,0.67223
3.8102,0.60821
3.774,0.6149
2.6946,0.69099
2.4943,0.71143
1.8041,0.78796
3.2914,0.6395
2.7621,0.68233
1.3458,0.85819
1.2254,0.8907
2.7852,0.6947
1.6362,0.8249
1.8098,0.79575
2.324,0.7374
3.1968,0.6574
2.0782,0.76285
1.949,0.77852
3.6735,0.6226
2.2903,0.7445
2.8202,0.69017
2.9099,0.6727
2.1742,0.73631
4.02,0.59398
4.1968,0.5822
1.2917,0.87562
3.0475,0.66525
2.9039,0.68423
2.5394,0.71837
1.8323,0.79113
2.196,0.7473
2.7502,0.68723
3.3855,0.64265
1.9186,0.77595
2.022,0.76736
1.8276,0.78827
2.2844,0.73463
2.9644,0.666
1.7144,0.80931
2.2986,0.74051
2.2742,0.73697
2.9315,0.67608
2.8263,0.69127
2.6395,0.69764
1.6988,0.80882
2.0284,0.77306
2.1657,0.75356
1.2955,0.87209
1.2899,0.87411
2.0943,0.7658
1.3374,0.86352
2.3282,0.73841
1.5099,0.83762
1.4904,0.84353
1.9672,0.78113
2.0741,0.76206
2.4015,0.72708
2.4963,0.71222
2.3928,0.72228
3.256,0.6483
2.8474,0.67911
3.1199,0.65949
2.4184,0.7183
2.2183,0.74892
2.5044,0.71557
4.1183,0.5853
3.1228,0.65518
2.1154,0.74773
3.1724,0.65546
4.1489,0.58163
4.6678,0.55245
4.1643,0.57897
3.749,0.60803
4.0791,0.58483
3.5243,0.62294
3.0513,0.66148
3.7233,0.61693
3.4981,0.63043
4.095,0.5847
4.365,0.5695
4.1248,0.58072
1.9989,0.76476
1.7168,0.80409
3.0826,0.65687
2.5318,0.7082
2.5742,0.70347
1.9082,0.7815
2.8031,0.68313
3.12,0.65702
2.4764,0.71547
2.4754,0.71197
3.8695,0.59983
1.8523,0.77767
2.322,0.73096
1.6632,0.8089
2.061,0.76262
1.6287,0.82399
2.6087,0.70209
2.0732,0.75911
3.7223,0.60662
3.7518,0.60695
2.2795,0.73154
2.3286,0.72564
3.3015,0.64318
3.9529,0.59674
2.3823,0.71792
2.8683,0.67717
2.6273,0.70196
4.0385,0.58333
0.17034,1.3008
1.4852,0.838
2.9274,0.66613
1.4407,0.84044
3.6138,0.618
4.0052,0.59336
3.217,0.64483
3.142,0.66127
2.6296,0.70217
2.2776,0.73964
2.3419,0.72441
3.5113,0.62168
2.9595,0.66639
4.0254,0.58689
3.501,0.62264
4.1272,0.58209
4.8657,0.5396
4.2427,0.57225
3.3359,0.6363
4.1526,0.57566
3.8588,0.60087
3.2343,0.64462
3.244,0.64918
3.2382,0.64769
3.379,0.63466
3.1977,0.64623
3.1824,0.64842
2.3064,0.73059
2.3354,0.72897
3.2011,0.64818
2.04,0.75181
1.3789,0.85301
3.0544,0.66277
4.9509,0.53792
2.4047,0.72434
3.0362,0.66032
1.6488,0.81929
2.2515,0.73689
3.0904,0.657
1.5448,0.81074
3.9857,0.58862
3.421,0.63072
3.6532,0.61404
2.8386,0.68025
3.8649,0.60344
1.7327,0.807
1.9574,0.78028
3.5912,0.61466
3.0745,0.65705
3.75,0.60644
4.3427,0.56892
4.3189,0.5705
3.3501,0.63646
3.6308,0.61619
3.5031,0.62629
3.1796,0.65208
4.4472,0.56192
3.7233,0.60725
0.32886,1.1695
2.2309,0.73525
0.58354,1.0318
3.3454,0.63721
3.8167,0.60157
1.8984,0.77581
3.5525,0.6228
3.7624,0.60752
4.446,0.57331
3.9259,0.60319
5.383,0.51512
4.311,0.56925
5.1824,0.52539
4.884,0.53182
3.14,0.65098
2.6046,0.69509
4.5152,0.55915
3.5393,0.621
3.4198,0.62624
3.9351,0.59186
3.66,0.60962
3.4281,0.62585
2.7862,0.68202
2.9894,0.67597
3.3251,0.64387
4.0851,0.58323
3.944,0.58709
3.257,0.64427
1.77,0.78703
1.4777,0.83834
2.7021,0.68242
2.415,0.71193
1.8525,0.77926
2.0208,0.75947
3.41,0.62422
3.126,0.64777
2.6164,0.70042
2.7342,0.68713
2.9955,0.65857
3.1562,0.65542
1.564,0.82459
3.0299,0.65498
0.24557,1.2119
0.080108,1.4636
0.24539,1.2177
0.17445,1.2953
3.443,0.62937
2.6622,0.69343
2.9802,0.66492
4.2009,0.5694
2.2763,0.73241
3.3978,0.62896
4.0061,0.58585
2.4049,0.71899
2.6876,0.69171
2.9786,0.6638
3.191,0.64833
3.1265,0.65012
1.8269,0.78699
2.5886,0.70387
2.4321,0.72047
3.0708,0.65919
4.2758,0.56741
2.1943,0.74695
2.4966,0.71382
1.9469,0.77531
1.867,0.77744
3.6033,0.62058
3.4545,0.62483
2.5464,0.71256
2.1625,0.74523
1.5872,0.82131
2.4619,0.71651
3.1669,0.65235
1.387,0.85728
2.9159,0.67806
1.464,0.84299
2.2892,0.73456
4.0902,0.57876
1.7716,0.78578
4.0786,0.58413
3.1478,0.65706
4.6425,0.55545
3.619,0.60992
3.5328,0.62476
3.5991,0.61086
2.872,0.68059
3.3229,0.64259
3.1759,0.64998
3.5569,0.62094
1.5083,0.83414
3.5117,0.62023
3.7448,0.60377
3.4825,0.62056
1.6248,0.82006
1.2362,0.88822
1.3157,0.87066
3.3455,0.62705
3.3548,0.63803
2.5882,0.70759
2.7272,0.69178
2.607,0.70097
2.5768,0.70936
2.8873,0.67478
3.8473,0.59492
1.5682,0.82262
3.8876,0.59717
3.1078,0.6605
2.9839,0.66851
2.9323,0.67084
2.7736,0.69021
3.9741,0.59752
1.5187,0.8307
4.373,0.56566
2.6996,0.69673
2.1063,0.75784
2.7563,0.67666
2.0634,0.76386
2.2467,0.74719
2.0701,0.76002
3.5963,0.61039
2.458,0.72228
3.3842,0.63082
3.2596,0.64135
2.9901,0.66585
2.6701,0.69518
3.1063,0.65297
3.6441,0.60417
3.3221,0.64062
4.2856,0.56771
2.7568,0.6872
1.4758,0.84351
1.9051,0.77006
2.4781,0.71235
3.8985,0.58361
4.1277,0.574
3.9459,0.58674
3.5769,0.62249
2.8985,0.67451
3.9954,0.58915
3.1174,0.65315
3.9444,0.5821
2.7639,0.68566
4.3573,0.55987
3.2768,0.64028
5.6122,0.49907
3.7382,0.60037
4.3849,0.55384
3.9199,0.58509
3.6038,0.60554
1.7007,0.79748
4.3459,0.56091
0.2164,1.2156
3.5661,0.61308
3.1991,0.6493
3.4909,0.61935
2.9105,0.66488
3.3835,0.62607
2.51,0.7003
2.7918,0.6771
3.6203,0.61286
2.3875,0.72141
4.0786,0.58042
4.0365,0.58612
3.3775,0.62972
2.4405,0.71146
3.8947,0.59504
4.6253,0.55194
2.0715,0.75028
1.5159,0.82863
3.0161,0.65995
3.5724,0.61965
3.8301,0.59951
3.7862,0.60241
3.437,0.63013
2.8748,0.67919
3.2906,0.63752
3.342,0.63777
4.2251,0.57547
3.9299,0.5992
4.7008,0.54491
3.9044,0.5934
3.4444,0.63171
3.5932,0.61845
1.8149,0.78847
1.6822,0.81026
3.8656,0.59819
3.757,0.60616
3.7356,0.60224
2.1833,0.73737
1.3807,0.85346
1.9018,0.77285
3.9173,0.59403
2.8761,0.68075
1.6391,0.80884
2.8214,0.68083
3.0418,0.66177
3.1323,0.65015
2.4151,0.71943
3.4772,0.61797
2.971,0.66764
2.2938,0.73805
1.6518,0.81391
3.1223,0.66354
3.6747,0.60841
3.2532,0.63931
3.5539,0.61633
4.0728,0.58395
4.3233,0.56709
3.6351,0.61571
1.9925,0.75921
2.3498,0.71912
3.1045,0.65154
1.6228,0.81237
1.8858,0.78342
4.3804,0.56921
3.5962,0.61926
3.6998,0.60835
3.0066,0.67548
2.0822,0.75173
3.1502,0.64959
3.0438,0.65862
1.688,0.80633
1.5115,0.83225
3.0921,0.65322
1.7446,0.79952
1.6779,0.80885
2.96,0.67193
2.8035,0.67528
2.8549,0.67908
3.5338,0.61482
4.9732,0.52612
3.0947,0.65877
1.5454,0.83069
3.6782,0.61265
1.6299,0.81861
3.7593,0.61243
0.94994,0.93202
1.4104,0.8579
2.0053,0.76049
4.4558,0.55351
1.3874,0.85915
3.7499,0.60622
1.3089,0.87149
2.1504,0.74158
3.3418,0.63724
3.6914,0.61504
1.9386,0.76831
1.6199,0.81783
4.1684,0.57569
3.7805,0.60855
3.8105,0.60697
1.571,0.82422
1.4032,0.85666
1.7018,0.81306
3.4694,0.63221
2.7624,0.69079
1.9117,0.78169
3.6158,0.62072
1.7077,0.80665
3.0143,0.66995
3.0048,0.67172
2.1618,0.75936
3.5123,0.62257
1.6888,0.80925
1.1566,0.90508
2.3815,0.73054
1.5946,0.82513
3.164,0.64946
3.5843,0.62117
2.84,0.68751
3.4706,0.63166
3.0924,0.66125
3.6243,0.61807
3.3354,0.64206
2.8912,0.67491
1.5881,0.82878
3.1424,0.65809
1.5364,0.83366
3.2339,0.64896
1.4912,0.84138
3.7896,0.60696
3.0519,0.66025
2.9902,0.67582
0.65371,1.0108
2.8539,0.67824
2.0587,0.76428
3.6544,0.61318
2.6557,0.69909
1.2924,0.87904
2.8412,0.68343
3.0265,0.66651
2.8571,0.67854
2.9376,0.67113
3.4243,0.63195
3.1856,0.65093
3.1178,0.66191
2.2244,0.74881
3.0074,0.67101
3.2841,0.64466
3.4592,0.63659
2.9964,0.66995
3.3142,0.64315
3.7193,0.61356
3.9767,0.5947
3.3287,0.64069
2.7495,0.69157
3.0367,0.66767
3.0757,0.66028
3.4303,0.6389
2.9567,0.67942
3.4426,0.63285
3.9525,0.59436
2.2765,0.74397
1.5049,0.84933
3.4177,0.63428
3.7911,0.60579
3.4088,0.63581
3.3718,0.63897
2.7838,0.69017
3.5173,0.6254
4.3592,0.56843
2.3915,0.72768
2.4652,0.7262
2.3238,0.73788
1.476,0.85201
2.5263,0.72022
2.3782,0.73632
2.7924,0.69322
2.5691,0.71474
2.8479,0.68557
3.7024,0.61658
2.9727,0.67602
2.846,0.68865
2.9851,0.67638
3.9601,0.60253
3.4658,0.64125
3.5401,0.63792
3.7316,0.6193
3.0299,0.68266
4.024,0.59971
3.1054,0.66862
2.8138,0.69605
3.2186,0.65999
3.5892,0.62542
3.4729,0.64059
4.3823,0.58149
3.913,0.61091
4.2472,0.58661
3.8773,0.61572
4.4298,0.5764
4.3207,0.57982
4.254,0.583
3.9025,0.6103
4.3203,0.57947
3.9637,0.60535
3.9933,0.59675
4.2246,0.58358
3.0167,0.67997
2.9415,0.68439
3.0472,0.67099
3.5821,0.62946
3.3937,0.6474
3.5106,0.63205
3.2593,0.65384
3.9749,0.60092
3.6385,0.62821
3.2907,0.6535
3.6293,0.6382
4.1154,0.59609
3.2514,0.66265
3.4086,0.64966
3.6197,0.63505
3.4469,0.64937
4.1478,0.59817
3.4919,0.64494
3.3959,0.64786
3.6678,0.62759
3.5096,0.64121
3.5283,0.64452
3.4163,0.65009
3.5276,0.64081
2.8299,0.70529
2.548,0.73015
2.5195,0.73406
3.3666,0.65855
3.4157,0.65163
3.5135,0.6411
2.6689,0.71611
3.1658,0.67121
3.1039,0.67295
3.008,0.68129
3.0781,0.67599
3.0967,0.67596
4.0579,0.60937
4.6058,0.57826
3.68,0.6326
3.6321,0.63773
3.739,0.62799
3.1701,0.67125
4.4133,0.58835
3.6099,0.63722
3.5411,0.64219
3.8423,0.61917
3.9665,0.61299
3.8651,0.61863
4.5927,0.57863
4.6687,0.57379
4.0329,0.61321
3.747,0.63185
2.4486,0.73607
2.6224,0.71876
4.7422,0.57205
1.7955,0.82392
2.3456,0.75113
2.6524,0.72829
3.376,0.65911
4.8104,0.56536
3.8191,0.63187
4.2691,0.60793
3.529,0.65095
4.5098,0.5871
3.8251,0.63
4.5848,0.58187
4.2837,0.59831
3.6887,0.64013
4.102,0.61484
3.6579,0.6379
3.6143,0.6427
3.6021,0.64475
2.9981,0.69405
3.495,0.64916
52.077,-0.14802
3.9019,0.62504
3.7348,0.63562
3.9118,0.62359
3.8535,0.63049
3.6827,0.63968
3.8937,0.62732
0.13714,1.3578
3.4344,0.66199
3.2674,0.67802
3.6502,0.64713
3.7303,0.63764
3.6206,0.64595
4.3015,0.6027
4.0213,0.61875
3.4967,0.6557
3.7362,0.6363
3.0767,0.68749
3.5568,0.64776
3.7239,0.63651
3.6048,0.64749
4.0096,0.62435
3.0022,0.70818
3.0605,0.70173
3.886,0.63572
3.0011,0.70325
2.9046,0.70791
2.613,0.7369
3.2846,0.67536
3.1307,0.68767
3.8024,0.63957
3.7978,0.63912
3.9807,0.62723
4.0039,0.62324
4.6201,0.58977
4.1754,0.61634
4.0484,0.62298
2.6283,0.72113
3.5851,0.65438
2.7722,0.71468
4.4917,0.59477
4.4946,0.59501
4.1332,0.61802
3.9318,0.63035
4.1181,0.61715
3.558,0.65685
2.8456,0.71904
2.7575,0.7255
2.4762,0.74967
3.7351,0.64315
3.167,0.68457
4.1834,0.61408
3.2232,0.68208
3.4579,0.66138
3.6142,0.65143
3.9332,0.63202
4.4948,0.59823
4.4546,0.6002
3.5557,0.66427
3.5571,0.66023
3.5177,0.66482
4.2326,0.61488
3.313,0.67926
4.0173,0.63345
3.4528,0.67062
3.4134,0.67324
2.7394,0.72768
3.4756,0.66836
3.3438,0.67967
3.6975,0.64821
3.7563,0.65046
3.7608,0.64533
3.3953,0.67512
3.6931,0.65589
3.5546,0.66329
4.3411,0.60943
3.4155,0.66986
4.2566,0.61794
4.087,0.62924
4.0659,0.62977
3.7954,0.64691
3.6334,0.65954
4.3415,0.61088
3.8553,0.64425
3.8031,0.64815
3.1173,0.70013
3.2968,0.68422
3.6796,0.65737
2.7584,0.7344
3.6865,0.65806
4.0927,0.63008
4.1578,0.61886
3.6135,0.66392
3.7915,0.65085
2.9762,0.71561
3.9241,0.63701
4.3232,0.61487
3.8275,0.64702
3.2291,0.69149
3.1208,0.70242
3.3041,0.68644
3.7521,0.65109
3.4842,0.67315
3.5431,0.67076
3.4852,0.67529
3.855,0.64817
3.5395,0.6747
3.7634,0.65445
3.7291,0.65655
4.0071,0.63765
3.408,0.68129
3.8041,0.6524
3.5316,0.67178
3.5708,0.67174
2.7679,0.73543
3.2284,0.69521
3.3647,0.68232
3.2648,0.6913
0.99318,0.95956
3.1296,0.70869
3.5476,0.66948
3.7718,0.65254
3.8931,0.64311
3.5295,0.66912
3.499,0.67185
3.8977,0.6434
3.4447,0.67731
3.5928,0.66766
3.5497,0.67183
3.436,0.68115
3.073,0.70974
4.0919,0.63437
3.2046,0.69953
3.3182,0.68977
3.1263,0.70468
3.1384,0.70739
3.2204,0.70162
3.0812,0.70891
3.1902,0.69807
3.4981,0.67732
2.0018,0.81873
3.7816,0.65611
4.2759,0.62788
3.3543,0.69351
3.6878,0.66532
3.1796,0.70577
3.8932,0.65369
2.9256,0.72793
3.2012,0.69972
2.7085,0.74204
3.2784,0.69649
2.996,0.72058
3.7034,0.66665
3.9396,0.65181
3.316,0.69698
2.7942,0.73905
2.2244,0.78929
3.2594,0.69948
2.5958,0.75487
2.0142,0.81752
2.7478,0.74371
3.5934,0.67401
2.9618,0.72443
2.9681,0.7253
2.7246,0.74667
1.8587,0.83739
1.8782,0.84364
2.9031,0.73305
2.7701,0.74372
2.7056,0.75317
2.6454,0.75793
1.7277,0.86245
2.9343,0.73384
2.6602,0.75758
2.7132,0.75535
3.0054,0.72838
2.5317,0.774
2.9259,0.73368
3.2823,0.70294
3.4734,0.69077
3.2582,0.70846
3.2523,0.70712
2.5354,0.77227
2.5578,0.77117
1.3942,0.90188
3.2697,0.70356
2.9181,0.73288
2.5233,0.77117
3.1417,0.71492
2.1318,0.80805
2.8701,0.74179
2.543,0.7704
2.8894,0.73755
2.756,0.74952
3.1478,0.71891
2.527,0.77297
2.5348,0.76908
2.6578,0.76045
2.6555,0.76114
2.6473,0.76264
2.9104,0.73831
2.9509,0.73674
2.7005,0.75729
2.5585,0.77191
2.7957,0.75139
2.1797,0.8155
2.441,0.787
2.9369,0.73771
2.9213,0.74061
2.8373,0.74588
2.3408,0.79771
2.3493,0.79802
2.4824,0.78059
3.0426,0.72696
1.2218,0.93937
1.1239,0.96088
1.4973,0.89701
1.5334,0.88563
2.305,0.80305
1.3763,0.91336
1.617,0.87496
2.7208,0.76216
2.8378,0.751
1.579,0.8809
2.4821,0.78489
1.3766,0.91392
2.9395,0.74252
3.0431,0.72989
3.1095,0.72405
2.5929,0.77153
3.3126,0.71043
3.0391,0.73618
2.6709,0.77063
3.3055,0.71552
2.5609,0.77571
2.6998,0.76306
3.2677,0.71638
2.626,0.77419
2.6067,0.77156
2.6335,0.7705
2.4016,0.79442
2.7492,0.75842
2.852,0.74904
2.3122,0.80404
2.7123,0.76314
2.4899,0.78378
2.293,0.80653
2.6042,0.77285
3.7926,0.67752
2.6011,0.77478
2.2152,0.81823
0.11744,1.4418
2.6407,0.77332
2.8107,0.75395
2.2864,0.80487
2.018,0.84409
2.3544,0.80382
2.4645,0.79139
2.513,0.78636
2.886,0.7502
2.7381,0.76364
2.3297,0.8061
2.5686,0.78079
2.8201,0.75613
2.9522,0.74529
3.3059,0.71753
2.4901,0.78949
2.424,0.79798
2.3758,0.80384
2.7758,0.76441
2.5349,0.78696
3.0928,0.7351
2.4364,0.79941
2.4486,0.79743
2.1867,0.82568
2.1489,0.8303
2.4891,0.79165
2.7555,0.76689
3.0622,0.73857
2.5709,0.78313
2.6612,0.77409
2.7838,0.7626
2.5734,0.78302
2.6169,0.77949
3.1009,0.73586
2.7663,0.76501
3.1526,0.73818
2.8312,0.75884
2.6273,0.7776
2.451,0.79587
2.3718,0.80493
2.3163,0.81267
2.4836,0.79578
2.483,0.79603
2.5981,0.78399
2.1658,0.82903
2.1273,0.83553
2.5192,0.79124
0.11368,1.4479
2.2964,0.81686
2.1752,0.82678
2.6011,0.7837
2.3117,0.81417
2.0202,0.85001
1.8828,0.86837
2.0707,0.8413
2.4387,0.80068
2.2919,0.81696
2.1839,0.83117
2.427,0.80271
2.5289,0.79841
2.1953,0.82898
2.6345,0.78148
2.4126,0.80634
2.3626,0.81149
2.6215,0.78517
1.898,0.86995
1.9768,0.85972
2.4269,0.80641
2.2545,0.82452
1.9505,0.86098
2.1645,0.83494
1.5643,0.91395
1.7771,0.87866
1.6147,0.9062
2.3113,0.81969
2.7555,0.77451
2.1372,0.8384
2.2388,0.82565
2.1787,0.83266
2.064,0.84547
2.1852,0.8309
2.0446,0.84832
2.1636,0.83725
1.6129,0.90344
2.2754,0.82314
1.9883,0.85904
2.108,0.84474
2.0284,0.8538
2.1837,0.83417
1.4974,0.92425
2.3695,0.81582
2.2998,0.82115
2.2537,0.82664
2.5447,0.79844
2.0309,0.85319
2.5073,0.79816
2.5508,0.79508
2.2712,0.82419
2.0942,0.84614
2.1114,0.84469
2.1526,0.83863
2.25,0.8288
2.15,0.84053
1.9424,0.85879
2.7509,0.77633
2.4571,0.80528
2.5935,0.7885
1.835,0.88187
1.7826,0.88699
2.1304,0.84078
1.9802,0.86203
1.9792,0.86189
2.8615,0.76752
2.7169,0.78265
2.632,0.79192
2.7862,0.77464
3.0458,0.75417
3.0044,0.75498
2.5796,0.79276
2.7136,0.77907
1.9946,0.85746
2.1874,0.83459
2.199,0.83357
2.4135,0.81452
1.7526,0.88392
2.6281,0.7893
2.385,0.81669
1.2783,0.95557
2.3688,0.81795
1.9645,0.86449
2.3427,0.81856
2.9073,0.7657
2.6553,0.78362
2.9956,0.76003
2.4873,0.80427
1.947,0.85799
2.3469,0.81661
2.093,0.846
1.8376,0.8727
2.4305,0.80735
2.8428,0.77017
2.1612,0.83337
2.1291,0.83727
2.7809,0.7745
2.4121,0.81449
3.1854,0.74497
2.703,0.78293
3.0862,0.75294
2.6607,0.78767
2.4036,0.81406
2.65,0.78902
2.5081,0.80279
2.2851,0.82579
2.6202,0.79275
2.9382,0.76332
2.5066,0.80419
2.5111,0.80301
3.0268,0.75431
2.2257,0.83414
3.0127,0.7565
2.4946,0.80174
2.0664,0.84589
2.665,0.78737
2.4931,0.80605
2.572,0.79574
2.2463,0.82439
2.5928,0.7951
2.2357,0.83277
2.2005,0.8354
2.2881,0.82845
2.843,0.77099
2.6354,0.78795
2.5121,0.79934
2.8479,0.77102
2.6355,0.78954
2.5127,0.80182
2.3184,0.82327
2.2126,0.8324
2.7028,0.78324
2.4708,0.81391
2.4298,0.81381
2.248,0.83273
2.1764,0.84168
2.0488,0.85712
1.871,0.87905
2.4592,0.80997
2.3675,0.81999
1.9719,0.86689
2.2702,0.83154
2.2412,0.83521
2.5043,0.80435
1.8003,0.89075
2.1305,0.84757
2.1087,0.8513
1.9691,0.86421
2.013,0.85931
1.9019,0.87353
1.9643,0.86466
1.7867,0.88962
1.8624,0.88491
1.9516,0.86713
2.1255,0.84399
2.001,0.86407
1.5557,0.91985
2.1956,0.83749
2.0121,0.85348
1.5363,0.92561
2.1262,0.84854
2.4344,0.81292
2.6152,0.79412
2.9607,0.76227
2.6762,0.7886
2.074,0.8566
2.2692,0.83543
2.5585,0.80534
2.4759,0.81517
2.2454,0.83798
2.2917,0.83121
2.5158,0.81135
2.1472,0.84737
2.29,0.83533
2.4904,0.80752
2.3824,0.81804
2.8583,0.77164
2.8581,0.77279
2.3075,0.82981
2.4167,0.81644
2.4746,0.81185
2.5823,0.80198
2.29,0.83165
2.401,0.82053
2.2328,0.84017
2.222,0.83941
2.1112,0.85387
2.0972,0.85405
2.2347,0.83614
2.2414,0.83381
1.9256,0.86781
1.9199,0.86757
2.3004,0.82924
2.4181,0.81215
2.7326,0.78132
2.4829,0.80505
2.5634,0.80023
2.6153,0.79213
2.6502,0.78979
2.2363,0.83604
2.6754,0.79183
2.5715,0.79639
2.6195,0.79505
2.687,0.7877
3.1115,0.75675
2.1083,0.85153
2.457,0.81098
2.3889,0.81769
3.2639,0.74222
2.7149,0.79057
2.7456,0.79143
2.6454,0.80214
2.1423,0.85154
2.3061,0.83
1.81,0.89305
2.4709,0.81767
2.1755,0.84151
1.7878,0.89429
1.9744,0.86156
2.1997,0.83889
1.33,0.95443
1.7644,0.88746
2.3776,0.82125
1.6315,0.91235
2.3365,0.82705
1.9107,0.87318
2.0984,0.8504
2.1212,0.84713
3.6887,0.70922
1.7248,0.89977
1.9713,0.87411
1.9834,0.87296
1.8916,0.88482
2.1459,0.85384
2.7399,0.79378
2.609,0.79373
2.5537,0.80054
2.0194,0.86689
2.3681,0.82406
2.6112,0.7977
2.2841,0.83295
2.1293,0.85003
2.3347,0.82762
2.23,0.84139
2.1887,0.84374
1.602,0.91588
2.2267,0.84126
2.4695,0.81522
2.5782,0.8069
2.1819,0.84425
2.5257,0.80938
2.1666,0.84858
2.4352,0.81582
2.6032,0.80095
2.395,0.82305
2.9163,0.77331
2.0556,0.86402
2.1943,0.84557
2.2125,0.84619
2.1784,0.84695
2.4004,0.8222
2.2798,0.83446
2.9776,0.77136
2.6471,0.7972
1.6935,0.90306
2.3806,0.82407
2.2707,0.83588
