71.289,-0.15092
70.869,-0.15741
70.022,-0.15764
71.391,-0.15437
70.24,-0.15923
71.059,-0.15704
71.064,-0.15514
71.153,-0.15297
71.789,-0.15245
72.002,-0.15571
71.166,-0.15819
71.275,-0.15562
71.177,-0.15962
70.508,-0.1604
71.013,-0.16241
70.704,-0.16433
70.231,-0.16157
71.007,-0.15937
69.604,-0.15859
71.089,-0.15784
70.199,-0.16273
69.955,-0.15508
71.548,-0.1579
68.356,-0.15949
71.215,-0.15765
70.369,-0.15466
71.119,-0.15662
70.509,-0.1566
71.071,-0.15869
68.374,-0.16176
68.277,-0.15944
68.456,-0.1579
68.728,-0.1587
71.05,-0.15399
73.106,-0.1523
71.49,-0.15611
71.65,-0.15247
71.817,-0.14971
67.421,-0.15779
71.261,-0.15255
72.361,-0.15216
72.351,-0.14958
70.561,-0.15229
71.981,-0.15196
71.081,-0.15639
71.705,-0.14824
67.87,-0.1614
72.169,-0.14668
72.01,-0.15578
72.123,-0.15103
72.361,-0.15276
72.028,-0.15543
71.172,-0.16072
72.544,-0.15414
72.817,-0.14681
70.52,-0.15742
73.151,-0.15725
71.992,-0.15336
70.565,-0.15945
71.803,-0.16242
70.553,-0.15292
72.215,-0.15349
70.867,-0.15396
73.608,-0.14863
71.626,-0.15274
72.328,-0.15513
72.959,-0.14964
71.091,-0.15546
73.712,-0.14764
70.723,-0.15684
72.58,-0.14818
70.693,-0.15588
70.716,-0.16079
67.785,-0.16038
72.157,-0.15334
67.776,-0.1596
72.998,-0.15088
72.641,-0.15575
71.002,-0.15569
69.167,-0.1589
71.057,-0.14963
72.03,-0.15029
71.436,-0.14999
68.307,-0.15639
71.889,-0.15156
72.38,-0.15861
71.318,-0.16123
72.009,-0.15882
72.154,-0.15449
72.016,-0.15476
71.537,-0.15859
71.877,-0.15703
71.252,-0.15717
72.193,-0.15578
72.08,-0.15453
72.805,-0.15823
71.574,-0.15407
72.486,-0.15457
72.403,-0.15671
72.437,-0.15955
72.32,-0.15625
72.319,-0.1625
71.863,-0.15867
72.223,-0.15532
71.807,-0.15901
71.966,-0.15593
71.85,-0.15926
71.182,-0.15493
71.745,-0.15858
71.781,-0.15299
71.775,-0.15477
71.651,-0.15659
71.461,-0.15424
71.504,-0.15875
71.434,-0.16285
71.562,-0.16031
71.784,-0.15591
72.539,-0.15473
71.985,-0.15399
71.549,-0.15394
71.44,-0.1562
71.489,-0.15288
71.073,-0.15511
71.174,-0.16061
70.451,-0.16118
71.194,-0.16315
71.099,-0.15561
70.608,-0.1547
70.934,-0.15604
70.766,-0.15641
70.676,-0.15935
70.96,-0.15725
71.146,-0.15227
70.744,-0.15525
70.339,-0.15321
71.663,-0.15499
72.182,-0.1546
71.589,-0.1526
72.334,-0.1541
70.848,-0.15647
71.983,-0.151
71.267,-0.15563
71.029,-0.15684
71.392,-0.15893
71.387,-0.15211
71.608,-0.1569
70.787,-0.15373
71.118,-0.15074
70.967,-0.15463
71.092,-0.15314
69.638,-0.1501
69.277,-0.15306
70.461,-0.15219
69.794,-0.14973
70.091,-0.15235
69.834,-0.15481
70.362,-0.1504
70.796,-0.14999
69.772,-0.15375
69.962,-0.14849
69.756,-0.14827
69.414,-0.1515
69.704,-0.15565
69.286,-0.15047
69.3,-0.14805
70.535,-0.14877
69.873,-0.14836
69.531,-0.14777
70.895,-0.14689
71.465,-0.14422
69.819,-0.14969
70.046,-0.14262
69.635,-0.1438
69.925,-0.14637
69.571,-0.14495
71.229,-0.14263
69.236,-0.15273
70.182,-0.14876
71.728,-0.1481
69.945,-0.14421
70.211,-0.14698
67.64,-0.15054
69.731,-0.14547
69.839,-0.15221
66.681,-0.15564
70.634,-0.14533
69.92,-0.15174
70.093,-0.15365
69.935,-0.1524
69.148,-0.14854
69.442,-0.15018
70.266,-0.15501
70.293,-0.1588
67.899,-0.16097
68.239,-0.16255
66.267,-0.16582
68.289,-0.1539
68.019,-0.15531
71.384,-0.15328
71.275,-0.1544
70.462,-0.16396
71.757,-0.15579
71.804,-0.15477
71.901,-0.15431
68.745,-0.1542
67.183,-0.16299
69.353,-0.1606
71.506,-0.15389
72.547,-0.1577
72.08,-0.15985
73.132,-0.15914
67.945,-0.16631
67.21,-0.16688
67.327,-0.16486
67.58,-0.15959
68.64,-0.15694
71.216,-0.16116
69.025,-0.16273
69.403,-0.16237
69.471,-0.16374
73.816,-0.16154
74.285,-0.15877
69.913,-0.17082
75.913,-0.17336
74.224,-0.17814
76.069,-0.18973
76.877,-0.19347
72.347,-0.185
78.368,-0.18542
73.734,-0.19481
74.535,-0.20132
78.411,-0.19821
78.291,-0.20608
80.512,-0.21744
79.592,-0.2133
81.649,-0.21462
83.343,-0.22026
81.613,-0.22724
81.701,-0.22559
78.979,-0.21326
83.146,-0.22433
80.472,-0.20935
80.491,-0.21109
80.977,-0.22071
80.871,-0.21988
83.369,-0.23085
83.441,-0.22755
88.49,-0.2573
87.172,-0.25895
82.246,-0.22568
88.064,-0.27073
87.943,-0.27102
83.917,-0.24292
83.93,-0.22917
82.283,-0.23709
80.71,-0.22297
83.462,-0.23502
82.918,-0.24191
81.701,-0.22705
84.28,-0.25072
80.747,-0.21149
83.4,-0.23267
82.903,-0.24192
84.396,-0.2481
86.632,-0.25974
86.388,-0.25967
88.811,-0.27507
85.424,-0.25792
80.741,-0.22959
81.835,-0.24492
86.216,-0.26247
84.429,-0.25527
86.364,-0.26596
92.431,-0.30151
113,-0.36236
104.4,-0.32273
86.717,-0.27992
87.333,-0.28516
84.365,-0.27716
86.56,-0.28578
87.319,-0.2885
84.384,-0.27929
86.494,-0.28743
86.064,-0.29759
105.29,-0.32232
110.86,-0.33675
108.21,-0.32192
107.16,-0.32197
103.49,-0.31002
108.29,-0.33189
102.24,-0.29811
101.58,-0.29902
103.48,-0.30913
101.45,-0.30545
101.01,-0.30252
96.134,-0.27884
96.14,-0.28098
97.423,-0.28496
99.65,-0.29585
96.553,-0.28039
98.446,-0.27518
97.663,-0.27733
98.026,-0.28633
95.063,-0.27354
99.461,-0.2913
95.434,-0.28329
96.662,-0.27834
96.587,-0.29076
96.689,-0.2807
93.328,-0.27492
87.966,-0.24237
90.394,-0.2581
87.672,-0.24922
93.077,-0.28335
87.23,-0.25098
94.064,-0.27898
90.732,-0.25628
85.719,-0.2397
87.749,-0.24599
85.087,-0.23155
88.85,-0.25049
97.007,-0.28366
90.703,-0.25939
93.993,-0.27184
92.644,-0.27192
97.99,-0.28646
100.39,-0.28977
91.101,-0.25739
92.136,-0.25827
103.26,-0.30244
94.763,-0.27329
101.26,-0.31572
91.381,-0.26168
103.55,-0.31436
101.28,-0.316
100.91,-0.29275
98.826,-0.2977
91.659,-0.26277
95.247,-0.27727
93.824,-0.26918
98.739,-0.29983
97.959,-0.29319
92.035,-0.26481
97.67,-0.29145
95.843,-0.28909
99.229,-0.30775
99.311,-0.30287
96.376,-0.29497
92.955,-0.28203
97.861,-0.30286
93.239,-0.27195
91.223,-0.26524
88.936,-0.25584
96.769,-0.28841
96.301,-0.29463
98.92,-0.29211
88.168,-0.24814
92.895,-0.28223
103.45,-0.3198
85.533,-0.24295
86.969,-0.25182
85.912,-0.24463
90.238,-0.27548
89.529,-0.27227
86.7,-0.2636
82.688,-0.24633
87.768,-0.28873
85.871,-0.27269
81.066,-0.23932
89.716,-0.28464
93.236,-0.30163
88.815,-0.2792
87.685,-0.26187
95.931,-0.29215
85.57,-0.26586
82.595,-0.24483
85.303,-0.25638
78.429,-0.22701
81.951,-0.25033
78.162,-0.22713
84.537,-0.26782
85.699,-0.27621
81.088,-0.25119
84.968,-0.28513
83.451,-0.27304
78.222,-0.24529
77.664,-0.23817
80.381,-0.24685
83.808,-0.27476
79.508,-0.26364
81.275,-0.2628
77.422,-0.24744
83.441,-0.283
85.118,-0.28736
81.049,-0.24973
75.707,-0.22823
77.552,-0.25071
77.783,-0.25213
87.442,-0.2969
83.444,-0.2826
77.982,-0.26888
75.632,-0.23875
78.699,-0.26178
71.987,-0.23484
73.059,-0.22908
69.192,-0.2015
69.558,-0.20871
72.993,-0.21571
75.197,-0.22373
77.712,-0.25614
78.28,-0.2446
73.639,-0.23611
74.433,-0.23808
75.785,-0.25479
74.095,-0.23649
70.681,-0.21385
69.165,-0.20735
70.103,-0.21384
74.003,-0.22162
64.039,-0.16169
67.116,-0.18455
67.655,-0.18053
65.774,-0.1456
64.309,-0.16453
64.605,-0.15492
62.547,-0.12575
63.499,-0.1519
59.221,-0.077114
61.374,-0.1194
58.004,-0.06904
55.036,-0.023731
55.626,-0.027502
51.595,0.033821
51.481,0.033726
49.356,0.079269
49.181,0.08583
50.668,0.056651
50.148,0.063027
43.905,0.17229
46.185,0.14016
48.204,0.11303
46.022,0.16241
40.927,0.24305
38.742,0.2928
44.895,0.18938
47.981,0.15459
47.409,0.14155
41.913,0.23215
44.445,0.18151
42.734,0.20917
43.839,0.20499
44.496,0.22105
44.245,0.22212
37.96,0.32745
37.79,0.34594
38.116,0.31885
38.912,0.2948
37.54,0.33527
37.537,0.32909
37.276,0.3298
37.99,0.32023
39.181,0.28728
38.332,0.29699
37.904,0.31907
36.314,0.34552
37.449,0.31579
36.211,0.33798
36.123,0.35017
33.655,0.40941
33.003,0.42063
32.993,0.4268
32.83,0.42631
31.137,0.46426
32.252,0.41761
31.131,0.44218
30.748,0.45978
31.748,0.42229
32.3,0.43402
33.252,0.40358
32.435,0.41233
30.417,0.4624
30.806,0.43999
30.207,0.46644
30.438,0.46947
31.082,0.45008
30.21,0.46629
28.954,0.46926
29.768,0.45209
28.771,0.47577
28.27,0.48771
28.552,0.47884
28.134,0.47882
30.974,0.41971
29.144,0.45095
29.022,0.44604
29.097,0.46563
28.464,0.4767
28.443,0.46138
28.021,0.47751
29.407,0.43685
30.535,0.40657
29.323,0.43592
30.213,0.41373
28.533,0.4495
27.632,0.47281
28.229,0.46366
26.926,0.47861
28.664,0.43591
29.811,0.39529
27.312,0.45574
26.132,0.49875
27.572,0.47449
27.605,0.46698
25.939,0.50129
24.437,0.54662
25.6,0.51628
27.687,0.46463
29.888,0.42969
30.84,0.40363
29.267,0.4306
29.231,0.44226
29.139,0.44031
32.504,0.35141
29.472,0.41893
29.596,0.41658
26.958,0.46426
30.2,0.41532
25.151,0.51678
29.04,0.43806
30.883,0.4034
32.052,0.37457
29.103,0.43372
29.472,0.41493
28.532,0.42807
29.204,0.42287
30.585,0.39547
28.724,0.43288
32.619,0.34962
30.053,0.41017
27.072,0.46538
31.412,0.37423
32.601,0.34695
28.238,0.46124
32.584,0.35903
30.933,0.38777
30.267,0.41633
26.708,0.48299
28.752,0.42568
27.653,0.45987
28.981,0.42951
25.875,0.49683
26.021,0.4945
24.712,0.53311
25.351,0.51868
25.598,0.52156
27.35,0.46419
26.645,0.49737
25.946,0.49905
27.813,0.47817
26.354,0.49258
25.827,0.50285
28.136,0.45453
23.735,0.54047
24.685,0.52917
25.687,0.50221
24.738,0.52356
24.827,0.52044
25.158,0.51207
25.156,0.49832
25.904,0.491
23.986,0.52194
23.527,0.53
27.468,0.46645
26.272,0.4848
24.326,0.52684
24.157,0.54205
25.625,0.49784
25.853,0.49125
25.394,0.50292
26.7,0.46897
25.558,0.49162
25.356,0.51153
25.321,0.51253
24.83,0.52817
24.934,0.52292
25.561,0.50519
25.566,0.50688
24.709,0.51857
23.112,0.55076
24.147,0.52111
22.814,0.5619
23.201,0.53651
23.221,0.55027
22.924,0.54921
21.615,0.58302
22.574,0.56068
23.284,0.53711
22.804,0.55047
23.766,0.54236
22.736,0.5532
23.655,0.54662
23.612,0.53909
24.112,0.52238
23.217,0.54123
24.735,0.50628
22.918,0.54846
22.236,0.5583
22.541,0.54921
22.707,0.54384
21.37,0.57113
22.941,0.54886
23.442,0.533
24.273,0.52159
24.837,0.51234
24.578,0.50837
24.171,0.52679
23.551,0.52633
23.341,0.53996
25.044,0.50938
23.708,0.53118
23.82,0.52836
23.881,0.53067
22.728,0.5459
24.136,0.52166
23.664,0.54322
23.481,0.53955
24,0.52952
22.976,0.54526
23.647,0.52847
23.992,0.52853
23.521,0.52732
23.548,0.53087
22.279,0.54541
22.741,0.53508
23.687,0.52764
22.954,0.53751
25.834,0.48793
23.73,0.51523
23.676,0.5121
24.875,0.50071
23.927,0.53077
24.282,0.51595
22.581,0.54369
25.614,0.47791
25.784,0.48175
23.42,0.52447
24.284,0.49686
23.815,0.52423
22.636,0.54747
24.134,0.51776
22.483,0.54776
24.252,0.50963
24.594,0.50899
24.669,0.50103
23.423,0.5213
23.687,0.52008
24.23,0.50195
23.56,0.5258
25.191,0.48941
23.496,0.52996
23.609,0.50061
24.023,0.50175
21.744,0.54454
22.108,0.54656
22.389,0.53445
22.031,0.54861
22.825,0.52847
23.255,0.51645
22.438,0.53958
21.738,0.55495
21.24,0.56854
21.426,0.55961
21.684,0.5542
20.861,0.56839
22.271,0.54156
21.807,0.55253
20.553,0.57631
21.291,0.55795
20.283,0.5842
21.018,0.57196
21.383,0.56431
20.284,0.58361
21.622,0.55679
20.901,0.57699
22.161,0.53463
20.36,0.56873
22.223,0.54204
22.833,0.54203
24.305,0.50889
21.664,0.55431
22.929,0.53269
22.777,0.53256
22.863,0.53939
25.024,0.48388
24.01,0.50931
23.665,0.5173
27.486,0.41867
26.709,0.45686
22.963,0.5266
24.386,0.49883
26.934,0.44587
24.238,0.5031
23.63,0.50611
22.565,0.52407
22.147,0.53913
22.514,0.53199
22.579,0.54186
23.255,0.5274
21.272,0.55969
23.299,0.5255
22.116,0.53794
22.548,0.53241
22.966,0.52876
24.203,0.5024
24.446,0.49685
24.242,0.5
23.575,0.51328
20.093,0.58576
22.586,0.52294
24.034,0.49979
22.42,0.52711
23.977,0.49252
24.847,0.47355
24.897,0.47047
23.631,0.50607
26.02,0.45432
23.577,0.50092
24.552,0.47745
22.685,0.52007
23.779,0.50509
23.552,0.49889
21.766,0.54907
20.352,0.57264
21.41,0.55965
21.668,0.55083
22.598,0.50892
22.255,0.5227
21.312,0.55626
21.428,0.56088
20.045,0.57457
21.017,0.56704
20.883,0.55958
22.984,0.50892
21.073,0.55594
23.266,0.51267
21.11,0.55529
22.466,0.53761
20.951,0.56463
21.788,0.54899
20.895,0.56523
21.563,0.5509
22.23,0.5367
23.109,0.51565
21.649,0.5461
22.804,0.51857
21.222,0.55393
21.495,0.54364
20.934,0.5545
21.252,0.55052
21.936,0.53548
20.601,0.56306
22.067,0.53704
21.766,0.54167
21.674,0.54436
20.894,0.55832
22.026,0.53399
20.851,0.55593
21.204,0.55147
21.465,0.5565
22.046,0.53782
21.648,0.54599
22.097,0.54858
21.262,0.55252
22.033,0.54437
21.986,0.54674
21.325,0.56048
22.685,0.52133
21.702,0.5493
21.111,0.56399
21.269,0.56023
20.177,0.58392
21.057,0.5686
21.69,0.55078
21.576,0.54597
19.449,0.60101
19.219,0.60614
21.155,0.56128
20.387,0.57259
19.905,0.5891
19.883,0.58903
19.012,0.60991
19.407,0.59849
21.178,0.55246
20,0.57518
20.435,0.56879
20.209,0.57748
19.351,0.59184
20.652,0.5716
20.706,0.56474
22.167,0.53655
22.96,0.51497
20.558,0.56806
20.488,0.57609
21.255,0.55733
18.963,0.60659
18.519,0.61375
19.088,0.6068
20.948,0.56371
19.196,0.60095
19.549,0.58692
19.32,0.59155
18.842,0.60869
21.075,0.56112
19.529,0.59386
19.228,0.5974
20.307,0.57201
19.993,0.57571
20.07,0.57744
19.541,0.59263
20.7,0.56265
20.23,0.5724
21.414,0.55193
20.907,0.56112
20.453,0.56413
19.723,0.57308
20.267,0.56838
20.099,0.57151
18.983,0.59314
19.713,0.58186
19.577,0.58443
20.094,0.57441
19.75,0.56972
19.43,0.58588
19.654,0.5837
18.146,0.60759
19.929,0.57433
18.968,0.59192
19.673,0.57144
20.015,0.56491
19.098,0.58904
20.843,0.55572
20.282,0.56474
19.953,0.57119
20.324,0.56673
19.928,0.57367
20.789,0.55907
19.638,0.57524
19.613,0.57657
19.283,0.58573
19.197,0.58422
18.71,0.5926
18.213,0.60309
18.343,0.60832
18.312,0.60417
19.435,0.57526
19.045,0.58502
18.789,0.59126
18.781,0.59659
3.1347,1.1228
19.08,0.58672
18.225,0.61429
18.607,0.5974
18.695,0.59566
18.162,0.61524
19.273,0.5822
20.695,0.56298
19.049,0.57986
20.743,0.55393
20.599,0.55543
20.887,0.55794
21.367,0.54025
20.772,0.55366
22.605,0.51291
21.445,0.54683
21.587,0.53353
20.187,0.56961
19.257,0.58738
21.166,0.54553
20.997,0.54197
20.62,0.55682
21.544,0.52563
19.144,0.57998
19.343,0.57331
19.65,0.56736
18.265,0.60454
19.246,0.57848
24.045,0.46674
19.625,0.56939
24.096,0.45669
22.157,0.49352
22.213,0.50229
22.276,0.5065
21.429,0.52663
22.523,0.49191
22.181,0.50105
20.246,0.55804
20.691,0.54712
21.504,0.53904
21.009,0.52962
21.6,0.53266
19.579,0.55455
20.949,0.51831
20.308,0.54771
18.895,0.58908
20.221,0.53762
20.275,0.54983
20.785,0.53448
19.725,0.55704
19.158,0.58282
20.693,0.53718
18.206,0.60178
20.24,0.56567
20.423,0.55863
19.039,0.58126
20.505,0.54561
19.038,0.58842
18.592,0.60323
19.311,0.57422
18.794,0.5823
18.344,0.60538
19.295,0.5915
19.348,0.57268
17.601,0.62754
18.146,0.60794
19.585,0.57827
19.565,0.57268
17.867,0.61275
18.329,0.59533
18.835,0.60131
18.203,0.60905
18.681,0.59344
17.967,0.61041
18.818,0.59178
17.77,0.61549
19.274,0.58183
18.636,0.59333
18.238,0.61585
17.349,0.63276
17.691,0.63008
18.021,0.61746
17.269,0.6364
17.87,0.60964
16.84,0.64255
18.885,0.58935
18.589,0.59671
17.564,0.62826
18.949,0.59297
17.784,0.62403
19.578,0.57253
20.751,0.54923
19.727,0.56608
19.178,0.58744
19,0.59152
19.638,0.58236
17.509,0.62345
19.252,0.58433
17.637,0.62063
17.953,0.61853
18.812,0.59682
19.469,0.57544
17.858,0.61346
17.954,0.60863
17.589,0.62438
19.15,0.57781
18.78,0.58921
17.312,0.63738
18.798,0.58727
18.526,0.60143
17.749,0.61895
16.934,0.64123
18.449,0.59948
17.715,0.61918
19.188,0.57372
20.124,0.56417
18.531,0.59703
20.249,0.56904
18.526,0.59998
19.241,0.58849
19.142,0.59118
20.479,0.56175
20.421,0.56744
18.055,0.60454
17.8,0.61386
20.197,0.56632
18.525,0.59509
18.468,0.59207
18.805,0.58658
18.83,0.59241
18.335,0.6014
18.53,0.59078
17.715,0.61224
18.52,0.59216
16.897,0.6424
17.492,0.62379
18.239,0.60565
17.551,0.61969
18.781,0.60169
18.81,0.59666
19.274,0.5985
18.944,0.59819
19.758,0.57014
17.686,0.62615
19.168,0.59019
18.038,0.60864
19.399,0.58149
18.513,0.59855
19.653,0.57381
19.87,0.57378
18.93,0.59835
18.647,0.60543
17.165,0.6336
19.268,0.59184
15.982,0.65649
18.719,0.58252
19.316,0.58089
19.504,0.57438
19.813,0.56357
18.843,0.58445
18.616,0.59369
18.26,0.60256
18.642,0.59187
17.607,0.61682
18.007,0.60453
18.182,0.60779
18.822,0.58391
18.805,0.58614
18.193,0.60093
17.629,0.61872
18.915,0.58824
18.997,0.59454
17.972,0.60882
18.067,0.61158
19.084,0.58603
18.891,0.58066
18.957,0.58066
18.014,0.60644
19.309,0.57777
19.425,0.57558
18.996,0.58611
18.41,0.59352
18.722,0.5937
18.29,0.60425
18.667,0.59664
17.467,0.61901
4.0676,1.0096
19.736,0.57556
3.5194,1.0684
17.485,0.62843
19.355,0.57611
19.295,0.57208
18.653,0.59023
20.002,0.56538
18.897,0.59341
15.966,0.65755
18.222,0.6059
17.132,0.62307
19.007,0.58974
20.816,0.53952
19.452,0.57812
21.993,0.52766
20.661,0.55793
20.976,0.55531
20.345,0.56369
19.97,0.56411
20.579,0.55789
20.504,0.5579
18.678,0.59601
20.224,0.55204
21.085,0.53447
19.849,0.5508
20.467,0.55395
18.74,0.5855
18.487,0.61222
20.439,0.5552
18.399,0.59769
18.618,0.594
19.716,0.57744
18.591,0.59129
19.276,0.57348
18.936,0.58386
20.127,0.56205
18.175,0.61177
19.168,0.58328
21.037,0.5218
20.659,0.53874
19.879,0.5617
16.76,0.64123
18.435,0.59776
17.704,0.61578
19.032,0.57455
18.219,0.60582
19.353,0.57647
21.201,0.51993
19.059,0.587
18.934,0.58921
19.191,0.57973
18.462,0.594
18.358,0.59307
19.066,0.57515
19.072,0.57142
19.389,0.5742
17.591,0.61545
18.062,0.59818
19.603,0.56388
18.205,0.59731
3.2025,1.0928
19.695,0.55489
18.083,0.60578
17.704,0.61035
16.489,0.64611
18.179,0.60394
18.677,0.5917
17.888,0.612
18.202,0.60155
18.312,0.59962
18.449,0.58531
19.252,0.5802
19.884,0.56593
17.45,0.62539
18.652,0.59524
18.919,0.57731
19.173,0.58533
17.763,0.6175
16.889,0.63598
19.616,0.56405
18.96,0.583
19.071,0.58176
18.149,0.60675
17.665,0.61539
18.826,0.58964
16.814,0.6332
18.473,0.5961
16.871,0.63228
16.881,0.63461
17.701,0.61469
16.385,0.64904
17.937,0.60207
18.409,0.60022
17.16,0.6286
18.527,0.59046
18.614,0.58367
20.477,0.55283
19.534,0.57132
18.769,0.59185
19.141,0.58208
18.893,0.5838
18.114,0.61536
18.722,0.58852
19.577,0.56232
17.939,0.60859
18.996,0.58228
18.922,0.57585
18.611,0.60194
19.941,0.57235
19.075,0.58287
19.195,0.5875
18.47,0.60925
18.472,0.59752
20.241,0.55038
19.685,0.57245
17.289,0.62747
19.253,0.58435
3.5539,1.0665
19.372,0.58471
16.532,0.64313
18.725,0.5816
18.958,0.57947
17.056,0.62625
18.052,0.59572
17.828,0.60921
17.029,0.62282
17.19,0.61661
16.875,0.62763
16.824,0.62875
16.35,0.65028
17.224,0.61973
17.255,0.62028
16.374,0.64369
18.905,0.571
18.066,0.59312
16.978,0.62279
16.774,0.62628
16.808,0.6282
17.645,0.60209
16.831,0.62641
17.442,0.61164
18.096,0.59758
17.9,0.59854
16.269,0.63601
15.73,0.65599
15.851,0.65797
16.043,0.65559
16.262,0.6497
17.588,0.60886
17.49,0.61136
16.453,0.64073
16.982,0.62918
16.457,0.63371
17.228,0.61619
16.601,0.62672
17.137,0.63122
17.634,0.61626
16.743,0.62944
16.925,0.6357
18.143,0.60609
18.708,0.60526
18.839,0.58073
17.855,0.61391
17.287,0.63104
18.953,0.58856
18.266,0.59482
18.16,0.59946
18.427,0.60836
18.616,0.60925
17.857,0.61629
19.565,0.56584
19.219,0.57267
19.859,0.56841
18.974,0.58243
18.974,0.58033
18.481,0.58567
17.869,0.60431
19.84,0.56729
18.816,0.58314
20.785,0.53234
19.227,0.58562
18.811,0.58913
19.248,0.57405
17.973,0.60295
18.4,0.5983
19.695,0.56502
4.0289,1.0186
18.331,0.59484
19.329,0.5715
18.438,0.59288
18.492,0.59326
19.978,0.56459
19.688,0.56885
18.322,0.59812
20.805,0.52472
19.564,0.55906
20.256,0.54004
17.367,0.62183
18.011,0.6051
19.706,0.55984
17.691,0.60954
18.63,0.58577
19.603,0.55747
22.243,0.5041
20.376,0.55333
21.232,0.53239
20.936,0.51611
18.79,0.57389
20.119,0.55993
19.654,0.57342
19.887,0.54749
21.06,0.53874
22.064,0.51429
20.481,0.52867
19.771,0.55375
20.896,0.53795
19.733,0.55488
19.09,0.57085
19.329,0.54572
17.683,0.60753
18.195,0.59096
18.478,0.58355
19.006,0.56878
18.585,0.58616
19.953,0.54797
17.861,0.58922
17.55,0.61617
2.8071,1.1387
21.327,0.51921
17.581,0.60627
19.243,0.56069
17.392,0.61254
16.826,0.62944
19.265,0.55714
17.664,0.6051
18.324,0.58607
17.735,0.60121
17.838,0.59949
17.91,0.58966
20.271,0.5266
19.977,0.55013
18.872,0.56842
18.49,0.57998
18.48,0.58283
19.257,0.57214
18.808,0.57812
18.126,0.59444
17.357,0.60937
17.803,0.6047
18.427,0.58234
18.434,0.58112
17.507,0.59575
17.237,0.59753
17.131,0.60855
16.568,0.61985
17.949,0.5833
17.328,0.59484
17.232,0.60087
15.812,0.63995
16.541,0.61315
16.461,0.61862
16.094,0.62487
17.306,0.58884
16.301,0.60444
18.281,0.57056
17.894,0.58594
16.795,0.60154
16.309,0.62056
16.667,0.60891
15.2,0.64799
17.62,0.58078
15.625,0.63637
15.603,0.63461
16.425,0.60767
16.031,0.60899
16.086,0.60209
16.44,0.59966
17.151,0.58712
16.676,0.59349
15.957,0.61491
14.573,0.65819
16.206,0.60107
14.506,0.64857
13.752,0.67832
16.148,0.59505
14.77,0.64574
13.725,0.6763
15.794,0.59697
15.405,0.61038
14.932,0.63478
15.984,0.59975
15.869,0.59833
16.526,0.59326
17.374,0.56981
14.906,0.61726
14.084,0.65526
15.063,0.62098
16.101,0.59032
14.425,0.63362
15.996,0.594
16.653,0.58279
15.986,0.59303
14.525,0.63128
15.067,0.61323
15.063,0.60965
15.085,0.60924
13.568,0.64136
14.269,0.62387
14.195,0.62454
13.549,0.64381
14.86,0.61011
13.935,0.62971
14.391,0.61784
13.96,0.62813
13.638,0.63356
13.69,0.63041
13.64,0.63348
14.262,0.61988
13.091,0.64741
12.264,0.66515
12.257,0.66356
12.156,0.66551
12.665,0.64528
14.718,0.6062
14.312,0.61239
13.442,0.63549
13.057,0.64566
13.531,0.63278
13.027,0.64894
13.313,0.63595
12.543,0.65401
12.724,0.65069
12.48,0.65694
12.521,0.64861
12.666,0.64643
12.283,0.65793
12.972,0.63743
12.088,0.65675
11.068,0.68176
10.868,0.6846
10.924,0.67881
11.808,0.65268
11.255,0.66498
11.293,0.65314
10.183,0.68494
9.5094,0.70826
9.285,0.71642
11.237,0.65623
10.081,0.69376
10.811,0.67313
8.5006,0.74043
10.512,0.67392
9.9314,0.69108
11.021,0.66154
9.0441,0.71528
11.021,0.65796
11.139,0.65401
10.95,0.65239
8.847,0.7185
10.981,0.64373
9.9497,0.68005
9.6522,0.68989
10.072,0.66788
9.7686,0.68089
10.203,0.66221
10.106,0.66092
9.3482,0.68846
10.481,0.64672
9.7451,0.67058
10.033,0.6581
10.779,0.64309
9.4137,0.68426
9.0126,0.69337
9.4108,0.67652
9.6988,0.67075
9.2831,0.68376
9.3055,0.68076
9.5706,0.66984
9.148,0.67862
8.6286,0.68957
9.9117,0.65382
8.0628,0.71009
8.7458,0.68442
8.4858,0.69944
8.8535,0.68801
9.7322,0.65778
9.2336,0.67138
8.7841,0.6798
8.9695,0.67596
9.0509,0.67043
8.9297,0.66948
8.55,0.68657
8.3829,0.68542
8.5529,0.6798
8.5311,0.67546
8.5072,0.67733
8.1416,0.6879
8.0708,0.69352
8.2217,0.69037
8.296,0.68311
8.3304,0.67958
7.9862,0.69116
8.1037,0.68946
7.7102,0.70223
7.5624,0.70586
8.0105,0.68731
7.8596,0.69116
7.5078,0.70281
7.6423,0.6983
7.0624,0.71751
7.093,0.71582
7.5945,0.69856
6.6411,0.72901
7.2569,0.70147
7.156,0.70287
7.1671,0.7052
6.6126,0.7239
7.211,0.70035
6.5974,0.7251
5.4643,0.77099
6.4514,0.72574
7.1162,0.70252
6.6457,0.71899
6.5614,0.71852
7.3869,0.68947
6.9341,0.7035
6.75,0.70899
6.4887,0.7204
6.5385,0.7167
6.2021,0.72934
6.1786,0.72881
5.3992,0.76295
5.5082,0.75545
6.9926,0.69442
5.2647,0.76627
6.2793,0.7194
6.2608,0.71977
6.9668,0.69276
6.1635,0.72256
6.1048,0.72412
6.1927,0.7189
5.1319,0.76581
5.7854,0.73463
5.2581,0.75263
5.5524,0.74048
5.6225,0.73506
5.5025,0.74029
5.4164,0.74573
6.6563,0.69581
6.4642,0.70434
5.5711,0.74369
5.6632,0.73382
5.7361,0.73129
5.6063,0.73495
5.8485,0.72399
7.115,0.67178
5.5829,0.7322
5.4641,0.7412
7.0596,0.67112
5.5028,0.73534
5.4303,0.7401
7.1673,0.66327
7.1372,0.66491
5.6239,0.72348
5.6235,0.71996
5.7123,0.71127
5.4716,0.71815
5.7177,0.70645
5.7771,0.70502
6.1942,0.68388
5.6458,0.7041
6.0959,0.68618
6.0364,0.69014
5.0943,0.73308
5.8248,0.70039
5.8099,0.6964
4.8336,0.74291
5.7688,0.69637
6.295,0.67437
5.778,0.69396
5.7127,0.69621
5.5859,0.70182
6.2424,0.67283
5.6066,0.69667
1.0208,1.0821
5.542,0.69977
5.5754,0.69748
5.591,0.69603
4.2787,0.75825
5.3865,0.70382
4.8335,0.73012
5.0973,0.71394
5.13,0.71041
5.4524,0.69227
5.3035,0.69816
5.0744,0.70857
4.9815,0.71338
4.9563,0.71503
4.98,0.71282
4.701,0.72805
4.8605,0.71712
4.8261,0.71714
4.6737,0.72715
4.4796,0.73694
4.4795,0.73493
0.74126,1.1406
4.4514,0.73527
4.2739,0.74614
4.2496,0.7463
3.1401,0.81718
3.0252,0.82752
3.2275,0.80443
3.1355,0.812
4.1476,0.74738
4.082,0.75093
4.1177,0.74274
4.0422,0.74591
3.8545,0.7604
4.1156,0.74282
4.0483,0.74591
3.7255,0.76417
3.5408,0.77483
3.5638,0.77261
3.6131,0.76828
3.596,0.77027
3.5792,0.76892
3.5601,0.76477
3.6105,0.76424
3.5832,0.76428
3.3703,0.77608
2.5306,0.84678
3.2099,0.78268
3.3594,0.77333
2.708,0.82492
3.8086,0.74393
3.4425,0.76587
0.49668,1.1998
3.5236,0.76001
3.4656,0.7602
3.4934,0.7598
3.329,0.76706
2.9042,0.80329
3.1961,0.77514
2.6985,0.81708
3.324,0.76303
3.3213,0.76381
3.1395,0.77806
3.3454,0.76615
3.307,0.76634
2.95,0.79316
3.0336,0.78557
0.3704,1.2508
2.3528,0.84351
2.8134,0.79859
2.164,0.86185
3.6681,0.7371
2.1275,0.86649
3.2278,0.76909
0.30934,1.2908
0.31246,1.2886
2.371,0.83525
2.1431,0.85983
2.3113,0.83925
2.1824,0.8521
2.1192,0.86154
1.9614,0.88157
2.1567,0.85519
1.8867,0.89
3.1241,0.76691
1.8265,0.89481
2.0076,0.87162
1.6088,0.92383
1.6847,0.91005
1.9511,0.87663
2.2795,0.84014
1.8792,0.88403
2.1852,0.85082
2.9237,0.78172
1.9894,0.87113
2.1072,0.85475
1.3019,0.96728
2.9698,0.7769
2.3605,0.82877
1.5535,0.92993
1.9198,0.87579
3.1662,0.75789
1.9114,0.87933
1.3345,0.96251
2.9979,0.77322
2.9409,0.77947
1.3138,0.96663
1.744,0.89406
1.6651,0.90294
2.0228,0.85633
1.5719,0.9203
1.6659,0.9076
0.1671,1.4129
2.5322,0.81231
2.8833,0.77517
1.4936,0.92692
3.2465,0.74262
1.4214,0.94502
3.3576,0.73893
1.9927,0.86226
1.5197,0.92183
2.1348,0.84553
1.3592,0.95146
1.8791,0.87475
1.5219,0.92389
1.3296,0.95477
1.2711,0.96584
1.4948,0.92804
2.9667,0.76452
1.618,0.91142
2.5651,0.80057
1.1055,0.99926
3.4695,0.72864
4.1457,0.68353
1.7851,0.89028
2.1117,0.85348
2.1886,0.83855
1.7856,0.88432
2.1806,0.8339
1.5731,0.91294
1.368,0.94682
2.3182,0.81942
2.3781,0.81242
1.5856,0.90908
1.3652,0.94316
1.1184,0.99011
1.7439,0.88357
2.1661,0.83583
1.7843,0.8775
1.7387,0.88215
1.7772,0.87596
1.4662,0.92952
1.5167,0.91764
1.9156,0.86261
1.8679,0.8677
2.0348,0.84453
2.2988,0.81499
2.1294,0.83034
2.0416,0.84269
2.3305,0.81159
2.2556,0.8181
2.4609,0.797
2.4534,0.79689
1.463,0.92271
1.4781,0.91883
1.6196,0.89355
1.9333,0.85254
2.2112,0.8221
2.3869,0.80384
1.6535,0.88849
1.4692,0.91681
1.494,0.91089
1.7352,0.87872
1.6039,0.89584
1.7956,0.8713
1.5224,0.91065
1.949,0.85284
1.8267,0.86262
1.7952,0.86971
1.5497,0.90564
1.8277,0.86947
1.6629,0.88869
1.7029,0.88244
1.853,0.85974
1.8817,0.85763
1.9052,0.85447
1.953,0.847
2.7515,0.76069
1.8793,0.85482
1.7711,0.86796
1.7898,0.86856
2.0308,0.83577
2.0087,0.83983
1.9653,0.84824
1.9017,0.85416
1.9965,0.83996
1.9467,0.842
2.0648,0.83045
1.911,0.84885
1.9687,0.84222
1.8777,0.85371
2.346,0.79991
1.8848,0.85418
1.8935,0.85456
1.9482,0.84452
2.0759,0.83201
2.1655,0.81639
2.129,0.81976
2.1806,0.81475
1.8806,0.85113
2.1027,0.82632
2.0475,0.8366
2.2217,0.81644
2.2166,0.81191
1.9984,0.83933
2.1089,0.82315
2.1422,0.81966
2.2284,0.80944
2.0321,0.83182
2.3656,0.79604
2.6321,0.76883
2.392,0.79412
2.4698,0.78326
1.9788,0.84059
2.1757,0.81795
2.1976,0.81539
2.1432,0.8193
1.9861,0.83572
2.0185,0.83365
1.9837,0.83968
1.9531,0.84118
1.9642,0.83624
2.1163,0.81824
2.0859,0.82362
1.9688,0.83866
2.2091,0.81038
2.8296,0.75462
2.1235,0.81821
2.2997,0.80244
2.0209,0.83143
2.1353,0.81913
2.7471,0.75679
2.1313,0.81868
1.9054,0.84475
1.9577,0.83781
2.0147,0.83436
2.6534,0.76688
2.1739,0.81614
2.1399,0.81991
1.9602,0.84039
2.8985,0.74924
1.9969,0.83742
2.1294,0.81982
2.0426,0.83102
1.7215,0.87283
2.5042,0.78055
0.15697,1.3962
1.7636,0.86289
1.9401,0.84043
2.729,0.75542
2.3493,0.79804
2.824,0.74997
1.5985,0.88693
2.6947,0.76242
2.4366,0.78851
1.6658,0.87382
1.2913,0.9366
1.6124,0.88202
1.3564,0.92877
1.2933,0.937
1.2598,0.94203
1.6451,0.88158
4.0698,0.66218
2.8343,0.7523
3.0071,0.73874
1.7496,0.86998
3.9552,0.66866
1.7321,0.87173
1.7032,0.87423
2.5773,0.7777
0.83354,1.0408
2.8842,0.74642
1.7814,0.86435
2.0938,0.8219
2.5085,0.77868
2.3055,0.80013
2.0195,0.83393
1.8489,0.85522
2.4151,0.78837
2.0391,0.83012
2.3311,0.79943
1.9905,0.83919
2.1659,0.81941
2.0612,0.82792
2.2817,0.80168
2.1387,0.82639
2.928,0.747
2.0557,0.83396
3.3814,0.71015
1.742,0.86907
2.847,0.75324
2.6764,0.76901
1.7499,0.87315
1.7123,0.87792
3.5429,0.69955
1.1236,0.97618
1.3309,0.93152
1.8453,0.85667
2.4475,0.79037
2.1747,0.81125
1.9856,0.83542
1.7625,0.86705
1.9617,0.83972
2.4335,0.78833
2.0547,0.82728
1.9211,0.84605
2.2343,0.80585
2.1143,0.82003
2.0303,0.82878
1.3385,0.92975
2.4932,0.77852
1.4145,0.91389
1.8701,0.84668
1.7811,0.85738
1.9489,0.83718
1.7852,0.85735
2.0158,0.82635
2.0119,0.82999
1.8856,0.84462
1.8817,0.84636
1.9308,0.83977
1.4692,0.9072
1.5798,0.8899
1.4194,0.91388
1.7032,0.86957
1.6582,0.87678
1.7984,0.85439
1.7374,0.86289
1.7966,0.85533
1.8829,0.84182
1.8463,0.84474
2.4477,0.77834
0.61234,1.0964
1.5272,0.89381
1.9111,0.83851
2.4153,0.7841
2.4869,0.77952
1.7891,0.85436
1.7202,0.86524
1.763,0.86186
2.7159,0.75553
2.5575,0.77079
1.8979,0.83664
1.8345,0.84557
1.7716,0.85758
1.9988,0.82867
2.0414,0.82262
2.1428,0.80935
2.0909,0.81393
2.6797,0.75358
2.0213,0.82384
2.5523,0.76659
2.1291,0.81085
2.1872,0.80002
1.9843,0.82648
2.0911,0.8161
1.8321,0.84245
1.8606,0.84312
2.0854,0.81428
2.5636,0.76661
2.5809,0.76533
1.6946,0.86893
1.7108,0.86569
2.0835,0.81828
2.2471,0.80056
2.0916,0.81228
1.9732,0.82804
2.0968,0.80997
2.0828,0.81203
1.7563,0.85633
2.4576,0.7751
2.5081,0.77016
2.4993,0.76876
2.6226,0.7569
2.392,0.78093
2.591,0.76281
2.6928,0.75125
2.7772,0.7468
2.3611,0.78492
2.0902,0.81011
2.0726,0.8143
1.8239,0.8494
1.811,0.85026
1.7863,0.8537
2.0254,0.82391
1.9123,0.83664
1.7846,0.85086
1.9202,0.83175
3.0188,0.72353
2.1134,0.81004
2.1618,0.80454
2.1309,0.8079
2.036,0.8195
2.1873,0.80407
1.963,0.82676
2.0181,0.82039
2.2431,0.79604
2.1536,0.80482
2.2297,0.79855
2.0477,0.81745
2.8943,0.7328
2.1687,0.80416
2.1275,0.80584
2.5395,0.76618
2.5603,0.76251
2.4022,0.78025
2.8378,0.73921
2.7342,0.74675
1.988,0.82307
2.4962,0.76901
1.9976,0.82089
1.8745,0.84186
2.4953,0.77034
2.4393,0.777
2.4044,0.78153
2.6543,0.75657
2.7897,0.74151
2.5333,0.76831
2.6193,0.75963
2.6741,0.75686
2.2318,0.80018
2.7136,0.75125
2.7522,0.74736
2.5369,0.76616
2.0904,0.81069
2.8346,0.73916
2.7502,0.74871
2.3614,0.78665
2.7741,0.74408
1.7764,0.85855
1.8521,0.84648
1.9639,0.83598
1.6982,0.86902
2.6294,0.76178
1.8566,0.8468
2.4983,0.77537
1.5973,0.87961
2.5017,0.77554
2.504,0.77319
1.8691,0.84519
2.0136,0.83088
1.8935,0.84259
2.1907,0.8103
2.1943,0.8058
2.1735,0.81095
1.7573,0.85824
1.979,0.82998
1.7039,0.86651
1.988,0.82707
1.5787,0.88412
2.5545,0.76862
2.2989,0.79726
2.6881,0.75587
1.6216,0.87953
2.9295,0.74111
2.5169,0.77292
1.4137,0.91254
1.363,0.92265
1.4025,0.91826
1.8239,0.85162
0.13453,1.4218
0.12201,1.4433
1.8755,0.84422
1.4568,0.89897
1.8072,0.85221
1.8533,0.84971
1.9409,0.83786
1.668,0.87527
1.5368,0.89605
1.3511,0.92023
0.12009,1.4487
1.3421,0.92391
1.4828,0.8986
1.6018,0.87821
1.9596,0.82577
1.7278,0.85569
1.5962,0.88095
1.2324,0.94457
1.7615,0.86232
1.9188,0.83882
1.8632,0.84172
1.57,0.87799
1.4809,0.89691
1.5908,0.87631
2.1404,0.80559
2.1046,0.80849
1.4191,0.90257
1.9896,0.82153
2.2834,0.78984
1.903,0.83255
1.8671,0.83817
1.803,0.8445
1.9623,0.82306
1.8059,0.84351
1.974,0.82057
2.3307,0.7861
1.9067,0.8296
2.1108,0.8047
2.1299,0.80311
1.9299,0.82688
1.8836,0.8333
1.7675,0.84916
1.9494,0.82385
2.4264,0.77226
2.0291,0.8186
2.0005,0.82271
1.9346,0.83076
2.1161,0.80763
2.0298,0.81567
2.272,0.7869
2.2658,0.78601
2.1738,0.79682
2.261,0.78873
1.9954,0.82229
1.9004,0.83653
2.0874,0.8138
1.8584,0.84081
1.9299,0.83121
1.863,0.83592
1.901,0.83057
2.2002,0.79562
2.0326,0.81441
1.8406,0.83744
1.9128,0.82883
1.9482,0.82247
1.8778,0.83412
1.8477,0.8351
2.4962,0.76472
2.2807,0.7866
1.9377,0.82378
2.0626,0.80834
2.0131,0.81852
1.9297,0.82465
0.21403,1.3121
2.0368,0.81828
1.9518,0.82524
1.807,0.84543
2.6174,0.75526
2.7214,0.74455
2.6106,0.75277
2.7459,0.74101
3.0568,0.71174
2.9448,0.72307
2.3872,0.77465
2.3912,0.77369
2.5975,0.75481
2.6149,0.75494
2.6346,0.75303
2.8075,0.73885
2.7,0.74606
2.5442,0.7604
2.6892,0.74401
2.6005,0.75549
2.4729,0.76546
2.4121,0.77281
2.6488,0.7498
2.4127,0.77135
2.5436,0.75756
2.6165,0.75454
0.1776,1.3509
2.5071,0.76203
2.3855,0.77755
2.6342,0.75331
2.8557,0.72989
2.5313,0.75857
2.5438,0.75796
2.1872,0.79781
2.6283,0.75086
2.4115,0.77144
2.4992,0.76561
2.4006,0.77119
2.3813,0.77442
2.3348,0.77577
2.071,0.81341
2.3012,0.7847
2.134,0.79941
2.6412,0.74961
1.7699,0.84908
2.3565,0.77961
2.36,0.77859
2.4172,0.77262
2.5972,0.75619
2.4184,0.77547
2.1866,0.79822
2.3155,0.78276
1.7859,0.84885
1.8034,0.84525
1.9003,0.8316
1.8986,0.83123
1.7027,0.85873
1.7901,0.84615
1.7374,0.8555
1.4977,0.89308
1.7496,0.85482
1.649,0.86741
1.8127,0.8434
1.6097,0.87039
1.7335,0.8539
1.7458,0.84874
1.583,0.87733
1.9249,0.82948
1.9386,0.82803
1.846,0.84064
1.6762,0.86441
1.8231,0.84502
1.7515,0.85184
1.695,0.86127
1.8803,0.83323
1.8614,0.83635
1.5657,0.87861
1.8474,0.84173
1.415,0.90242
2.5194,0.76309
1.4111,0.9051
2.6107,0.75741
2.3183,0.78358
2.5079,0.76516
2.7592,0.74265
2.8103,0.73868
2.2984,0.7856
2.2983,0.78859
2.4308,0.77125
0.11873,1.4409
0.12962,1.4235
2.3426,0.7791
2.1739,0.79666
2.2601,0.78519
2.1661,0.79638
2.3651,0.7776
2.1625,0.79954
2.2375,0.79307
2.2772,0.78627
2.4942,0.76258
1.605,0.87141
1.8967,0.83059
2.4267,0.77196
2.1186,0.80202
2.4841,0.76517
1.874,0.82906
2.1262,0.79967
2.2059,0.79037
2.1477,0.79659
2.0734,0.80652
2.0075,0.81663
2.8563,0.73056
2.3513,0.77696
1.8323,0.83749
2.4292,0.76449
1.6416,0.86271
2.5226,0.75769
1.7816,0.84162
1.9743,0.81601
1.7774,0.84437
1.889,0.82714
1.8472,0.83465
1.9185,0.82581
1.8373,0.83432
1.6392,0.86192
2.0898,0.80353
1.9613,0.81794
2.9412,0.71944
2.7666,0.73609
2.6273,0.75072
2.1701,0.7968
2.2924,0.78421
2.2002,0.79196
2.2824,0.78138
2.7305,0.73811
2.0505,0.80683
1.9533,0.81928
2.716,0.73984
2.2148,0.79266
2.2218,0.78916
2.4299,0.77005
2.2313,0.78555
2.0855,0.80362
2.1294,0.79883
2.6675,0.7432
1.9108,0.82582
2.9451,0.7187
2.27,0.78145
2.6504,0.74692
2.7064,0.74234
2.2552,0.78471
1.4298,0.89164
2.7321,0.73307
1.4396,0.88727
2.8969,0.71935
2.7523,0.73437
2.849,0.7285
2.6986,0.74224
2.5582,0.75612
2.7647,0.73652
2.4415,0.76331
1.9437,0.81771
2.666,0.74638
1.9594,0.82045
1.9825,0.81522
2.0813,0.80297
0.16297,1.3715
2.0517,0.80405
0.17135,1.3581
0.16894,1.3583
1.9328,0.82004
1.8733,0.82596
2.598,0.74829
2.5247,0.75475
2.8369,0.7271
2.7541,0.7332
2.8212,0.72789
2.4726,0.75739
2.9238,0.71775
2.7917,0.72848
2.6768,0.74053
2.8272,0.72956
2.6713,0.74308
2.5846,0.75198
2.8236,0.73064
2.1855,0.79203
2.9902,0.71589
2.9648,0.71462
2.5717,0.75052
2.5067,0.75632
2.1387,0.7982
2.9409,0.71873
2.1154,0.80361
2.5604,0.75444
2.6771,0.74406
2.6722,0.74506
1.5188,0.88163
2.8453,0.72609
2.0805,0.80302
2.2344,0.7879
2.1675,0.79893
2.3663,0.77561
2.2473,0.78718
1.966,0.81979
1.944,0.82338
2.3341,0.77745
1.4283,0.89526
2.3038,0.78174
2.0162,0.81341
1.3989,0.9039
1.6669,0.85947
1.7953,0.84443
1.704,0.85618
2.0291,0.81595
1.3508,0.91216
1.5919,0.87015
1.5513,0.87724
1.4838,0.88696
1.6839,0.85459
1.4632,0.89145
1.9619,0.82052
1.6591,0.8629
1.6939,0.85932
2.0864,0.80512
1.8961,0.82854
2.3716,0.77157
1.5478,0.87793
2.6315,0.75035
2.3229,0.77594
1.5112,0.88427
2.306,0.77983
2.2404,0.78595
2.7514,0.73593
2.5743,0.75285
2.7619,0.73031
2.5115,0.75863
2.6337,0.74189
1.8739,0.82519
2.5174,0.75312
2.462,0.76125
2.5665,0.74869
2.2765,0.78213
2.6189,0.74438
2.5414,0.75131
1.8987,0.82379
1.989,0.81211
1.8092,0.8386
2.1192,0.79988
1.9965,0.81046
1.7674,0.84275
1.8749,0.82734
1.8478,0.83146
1.8079,0.83738
1.8385,0.83349
1.9217,0.82208
1.9508,0.81898
2.6787,0.74105
2.5207,0.7554
2.7245,0.73993
1.8584,0.82847
2.233,0.78241
2.0922,0.79804
2.0081,0.80508
2.5066,0.75304
2.2869,0.7777
2.2255,0.78701
2.0557,0.8064
2.541,0.75792
1.7167,0.85207
1.8293,0.83276
2.0724,0.80329
2.0442,0.80397
2.0908,0.79548
2.6705,0.73734
2.5825,0.74719
2.8758,0.72161
1.9419,0.81564
1.9588,0.81435
2.1351,0.79164
2.0259,0.8044
1.9892,0.81443
1.9856,0.81104
2.1149,0.79389
1.9511,0.81742
1.9635,0.81518
1.9619,0.81614
1.9152,0.82083
1.9403,0.81835
2.1162,0.7966
1.9223,0.82025
2.1084,0.79843
2.3312,0.77485
2.8872,0.72629
2.6498,0.74655
2.1271,0.79756
2.7151,0.73676
3.139,0.70412
2.0597,0.80416
2.1301,0.79119
1.6852,0.85169
1.8033,0.82895
1.7289,0.84412
2.2166,0.78145
2.1355,0.7951
2.0889,0.80082
2.059,0.80275
3.0183,0.70972
1.9182,0.81911
2.5819,0.74654
2.1836,0.78678
2.0278,0.80124
1.9159,0.81504
2.0006,0.80589
1.821,0.83287
2.0539,0.80214
1.8917,0.82271
3.0562,0.70362
2.0278,0.80491
1.8049,0.83194
2.8924,0.71727
1.888,0.82042
1.6436,0.85874
1.6445,0.85529
1.7532,0.83891
1.8368,0.82548
1.7069,0.84875
3.0283,0.70395
1.7344,0.8425
3.1491,0.69679
3.1665,0.69537
3.0124,0.70798
2.7443,0.73287
3.2205,0.6962
2.8081,0.73098
1.7777,0.83663
1.566,0.86566
3.0116,0.70693
1.7947,0.82993
3.6923,0.65485
3.2639,0.68895
1.8898,0.83136
1.7927,0.84182
2.6088,0.7483
2.275,0.77912
2.1304,0.79377
1.4971,0.87962
1.5736,0.86601
1.3385,0.9058
1.3815,0.90057
1.337,0.9018
1.7154,0.84634
1.5359,0.87162
2.3287,0.77519
2.122,0.7936
2.2405,0.78124
2.2852,0.77611
1.4348,0.88938
1.3323,0.90871
1.3533,0.90592
1.4467,0.8871
1.4219,0.89384
1.673,0.8528
1.6261,0.86178
1.5709,0.86972
2.0056,0.81342
2.2788,0.77937
2.3854,0.76966
2.0608,0.80341
2.4703,0.75294
1.6195,0.86002
2.2869,0.77439
1.5134,0.87431
1.6868,0.84709
2.5643,0.74706
1.7347,0.841
1.7966,0.83288
1.5345,0.8742
1.8611,0.8251
1.7537,0.83884
1.7175,0.84647
1.8884,0.8189
1.4235,0.89016
1.8837,0.81946
1.7463,0.84343
1.8159,0.83169
1.9855,0.80741
1.9977,0.80708
1.9155,0.81653
2.0526,0.79932
1.765,0.83472
1.9208,0.81603
1.8753,0.82229
1.9512,0.8105
1.9666,0.80881
1.9696,0.8091
2.01,0.8053
1.9959,0.80426
2.0208,0.8048
2.0778,0.79672
1.9745,0.80686
1.9548,0.81326
1.4473,0.88517
2.7322,0.73128
2.424,0.76103
2.463,0.75593
2.4374,0.75781
2.196,0.78036
2.1421,0.78678
2.0181,0.80355
2.1328,0.78829
2.2169,0.77559
2.2207,0.78161
2.824,0.7248
2.2569,0.77893
2.5478,0.74824
2.3418,0.76793
0.14342,1.3941
2.8194,0.72122
0.1431,1.3953
0.15457,1.3747
0.14869,1.3823
0.15333,1.3772
0.14303,1.3932
2.1396,0.78678
1.8947,0.81748
2.1973,0.78087
2.4487,0.75498
2.8363,0.72231
1.9985,0.80512
1.9462,0.8125
1.9091,0.81709
1.9509,0.80819
1.8849,0.81857
2.1142,0.78677
2.1236,0.78737
1.9384,0.80962
2.8562,0.71302
2.897,0.70685
2.7835,0.71954
2.1459,0.78213
2.3304,0.76129
2.6282,0.73359
2.6295,0.73277
3.0618,0.69329
3.098,0.69146
3.1505,0.68456
2.9659,0.70207
2.0305,0.79693
3.4367,0.66576
2.5541,0.73712
2.6768,0.72866
2.7984,0.71825
2.764,0.71905
2.7768,0.71859
2.6768,0.72865
2.8285,0.71157
2.7993,0.71407
2.7283,0.72126
3.0137,0.69702
2.4719,0.7454
3.1266,0.69038
3.0425,0.69481
2.8604,0.71001
3.1042,0.6957
2.7752,0.72083
2.2198,0.77383
2.6271,0.73272
2.4815,0.74446
3.1194,0.6836
2.7134,0.72058
3.0776,0.68598
0.12689,1.41
2.1303,0.78227
2.2869,0.76164
1.8781,0.80946
2.2076,0.7738
2.7556,0.71458
1.6973,0.83258
2.7339,0.71753
1.8542,0.81214
2.6638,0.71878
1.5862,0.85018
2.1705,0.77407
2.5073,0.738
2.1522,0.77599
3.0814,0.68012
2.0848,0.78281
1.9499,0.79757
1.9288,0.79913
2.0903,0.77866
2.097,0.78006
2.1377,0.77579
2.184,0.76631
2.3259,0.74981
2.2751,0.76063
2.2052,0.75879
2.7887,0.7087
2.7206,0.71334
2.8068,0.70913
2.3668,0.74858
2.6659,0.72212
2.6614,0.71091
1.8359,0.81327
1.8825,0.80586
1.7565,0.82222
2.0939,0.77344
1.9127,0.79341
1.8891,0.79775
1.993,0.79241
2.9549,0.69686
2.0913,0.77969
2.0723,0.77768
2.1958,0.76654
2.1184,0.77493
2.1793,0.76612
1.9311,0.79609
2.0818,0.77428
2.5819,0.72344
2.1569,0.76305
2.1948,0.75986
1.8546,0.79906
1.5402,0.84635
2.0339,0.78015
2.3909,0.74156
1.9817,0.78559
2.4209,0.73695
1.9206,0.79146
2.0566,0.77464
2.0179,0.77923
1.9276,0.79154
1.9593,0.78939
2.0443,0.77822
2.0702,0.7685
2.1466,0.76223
2.06,0.77109
1.9346,0.78669
2.0059,0.78159
2.128,0.76524
2.1416,0.76357
2.4684,0.72687
2.5165,0.72149
1.9835,0.77965
2.4524,0.73097
2.3781,0.73805
1.9643,0.783
2.4268,0.73238
2.4512,0.73024
2.4657,0.72861
2.4949,0.72641
2.1072,0.76773
2.5416,0.72075
2.5936,0.71667
3.0776,0.67225
2.4237,0.73159
2.5205,0.72106
2.4623,0.72669
2.4336,0.72819
2.4017,0.73155
2.3406,0.73462
2.3635,0.73414
2.421,0.73014
2.2897,0.74418
2.3875,0.73303
2.3813,0.73345
2.2637,0.74475
2.1965,0.75113
2.3199,0.74057
2.3295,0.73865
2.151,0.75704
2.3842,0.73253
2.3904,0.72887
2.3935,0.7287
2.3844,0.72591
2.4716,0.71828
2.5808,0.70837
2.5419,0.71738
2.3623,0.733
2.4037,0.72906
2.5838,0.70975
2.5587,0.71056
2.2351,0.74536
2.0588,0.76566
2.2269,0.74631
2.1606,0.75505
2.4174,0.72686
2.306,0.7375
2.3927,0.72806
2.4508,0.72405
2.1662,0.74983
2.3278,0.73374
2.1866,0.74681
2.748,0.69354
3.0528,0.66399
3.3354,0.64194
2.428,0.72382
2.0837,0.76174
2.1488,0.74967
1.9838,0.76947
2.0635,0.76202
2.0878,0.75643
2.7666,0.68728
2.2733,0.73526
2.2974,0.72972
2.2438,0.73906
2.7669,0.68309
2.6047,0.70026
2.6158,0.7014
2.162,0.74868
2.1086,0.75348
2.4083,0.71992
2.4849,0.71061
2.702,0.69196
2.6034,0.70098
2.3781,0.72494
2.5121,0.70999
2.4871,0.71076
2.4151,0.71856
2.4224,0.71683
2.6749,0.69844
3.269,0.64847
2.5837,0.70457
2.0997,0.74803
2.5666,0.70459
2.6223,0.69209
2.464,0.71449
2.4895,0.71106
1.7888,0.78736
2.3835,0.71725
3.2391,0.63718
3.6519,0.61128
3.0429,0.65813
3.7282,0.60272
2.0803,0.75031
2.3089,0.72687
2.1338,0.74102
2.0644,0.75601
2.2298,0.73565
2.3312,0.72657
2.3051,0.72897
2.1761,0.74091
2.2267,0.73487
2.4279,0.71247
3.4084,0.62843
2.2459,0.72922
1.7201,0.7956
2.3112,0.72697
2.1852,0.73847
2.1717,0.74414
2.208,0.73821
1.7931,0.78805
2.4641,0.70693
2.3889,0.71412
1.8427,0.78045
1.7478,0.79575
1.7506,0.79136
1.7403,0.79447
1.771,0.79096
1.7668,0.79037
1.8292,0.7801
2.2088,0.73229
1.8335,0.77568
1.8698,0.77043
2.5183,0.6995
1.8505,0.77564
1.6856,0.80275
2.2186,0.73804
2.2628,0.73062
1.7152,0.80061
1.7871,0.78795
1.8359,0.77918
1.9459,0.76525
1.799,0.7834
1.9689,0.7607
1.8664,0.77399
1.8365,0.77832
1.7247,0.79539
1.637,0.8076
2.381,0.71626
1.8064,0.78275
1.9006,0.77037
1.8836,0.77237
2.0348,0.75125
2.1604,0.73518
1.7263,0.78929
1.7607,0.78291
2.1326,0.74075
2.1548,0.73945
1.8292,0.77907
1.6342,0.80593
1.8834,0.76859
1.7056,0.79019
1.8555,0.76781
1.8589,0.76823
1.7499,0.78776
1.8368,0.77605
1.9979,0.75575
1.7597,0.78579
1.8613,0.7672
1.931,0.75838
1.8431,0.76889
1.9624,0.7576
2.1148,0.7392
2.0201,0.74734
2.0536,0.74012
2.1088,0.73283
2.1357,0.72994
2.0231,0.7448
2.1238,0.73464
1.8196,0.77703
1.9912,0.75456
2.0856,0.73891
2.1217,0.73321
1.4327,0.82694
2.0959,0.7345
2.0601,0.73809
2.1098,0.73349
2.5679,0.68572
2.059,0.7407
1.9131,0.75973
2.116,0.73284
2.0014,0.74663
2.2049,0.72236
2.2303,0.71915
1.3592,0.8363
2.2417,0.71855
2.1807,0.72667
2.3172,0.7102
2.3754,0.70373
2.4319,0.69946
2.2771,0.71374
2.2977,0.71265
2.2257,0.71924
2.2033,0.72082
1.902,0.75858
2.3616,0.70509
2.2722,0.71725
2.111,0.73492
2.2733,0.71583
2.1549,0.72813
2.1151,0.73296
2.2621,0.71502
2.1073,0.73518
2.0707,0.74213
2.0228,0.74612
2.1017,0.73624
2.1878,0.72538
2.2551,0.71409
2.1068,0.73367
2.4651,0.69562
1.9991,0.74611
2.5162,0.69181
2.1187,0.73461
2.1933,0.72453
2.2882,0.71475
2.1594,0.72915
2.0652,0.73763
2.1599,0.72716
1.8916,0.75674
2.3636,0.70671
2.0682,0.73773
2.0258,0.74123
1.7966,0.77197
1.8532,0.76652
2.4608,0.69544
1.9378,0.75497
2.2537,0.71849
2.3807,0.70283
2.072,0.73537
2.0541,0.73696
2.3586,0.70548
2.4275,0.69952
2.23,0.72312
1.9872,0.7506
2.3315,0.71183
2.5153,0.68794
2.3484,0.7067
1.8429,0.768
1.9388,0.75453
2.0732,0.73289
2.238,0.71891
2.1852,0.72467
2.2689,0.71332
2.5387,0.68556
2.895,0.65455
2.0428,0.74119
2.4293,0.69683
2.2267,0.71734
2.2357,0.7177
2.3778,0.70302
2.7565,0.66411
2.2714,0.71039
2.5514,0.68341
2.1561,0.72119
2.3133,0.71098
2.2187,0.7152
2.3834,0.70415
2.0493,0.73219
2.9498,0.64811
3.1047,0.63765
3.0549,0.64061
2.2361,0.7191
2.2362,0.7179
2.1601,0.72487
3.7266,0.58784
1.7382,0.78255
2.1739,0.72557
1.8986,0.75883
1.7965,0.77394
2.1112,0.72914
1.5726,0.80575
1.6515,0.79379
1.7172,0.78491
1.6362,0.79498
1.4702,0.81831
1.9216,0.756
1.7699,0.77099
2.1043,0.73349
1.6624,0.79356
1.6847,0.79016
1.7787,0.77539
1.9143,0.75376
2.3894,0.6981
2.2427,0.71583
2.2395,0.71495
1.7949,0.7711
1.6823,0.78632
2.2063,0.72272
1.6424,0.79419
1.5513,0.81067
2.2117,0.72319
1.7587,0.77553
2.0765,0.73719
1.7633,0.77592
1.7511,0.77806
2.284,0.71318
2.4869,0.69013
2.2112,0.72159
2.0451,0.74155
2.1715,0.72685
1.7764,0.77666
1.7898,0.76998
2.1727,0.72171
2.2027,0.72033
2.0906,0.7338
2.1921,0.72431
2.3186,0.7101
1.9194,0.75766
2.0208,0.74362
1.8587,0.76644
1.7843,0.77735
1.7579,0.78005
1.8544,0.76463
1.987,0.74594
1.8538,0.7663
1.926,0.75736
1.8651,0.76402
1.8736,0.76131
2.5966,0.68284
1.8158,0.76728
1.7716,0.77814
1.797,0.77424
1.8468,0.76521
1.8688,0.761
2.1732,0.72536
1.9844,0.74677
1.8056,0.77119
1.8527,0.7638
2.2322,0.71811
1.777,0.7747
1.8521,0.76499
2.0334,0.74133
1.9206,0.75721
1.8206,0.76784
1.8342,0.76791
1.8653,0.76053
2.0748,0.73496
1.9477,0.75072
2.1941,0.72269
2.0865,0.73316
1.9525,0.74961
1.7547,0.77754
2.1715,0.72646
2.2066,0.72221
1.7707,0.7742
2.1383,0.7268
1.9177,0.7531
2.3475,0.70581
1.7939,0.76974
1.8534,0.76225
1.8994,0.75763
1.7645,0.77463
1.8852,0.76004
1.8372,0.7677
2.1328,0.73107
2.0519,0.73995
1.9168,0.75761
2.0597,0.73724
1.8582,0.76241
1.9108,0.75734
1.9619,0.7499
2.2132,0.72431
1.8366,0.76641
2.2911,0.71435
2.2901,0.71349
1.8968,0.75559
1.9778,0.7496
2.2113,0.71987
1.8822,0.75631
1.9071,0.75788
1.9828,0.74691
2.2791,0.71377
2.0392,0.74005
1.9174,0.75453
2.1562,0.72586
1.9489,0.75054
2.0503,0.73746
1.8435,0.76448
2.3001,0.71168
1.8844,0.76028
2.5072,0.69218
2.3641,0.70602
1.8697,0.76058
1.8282,0.76555
1.9307,0.75502
1.7031,0.78224
1.778,0.77149
1.9713,0.74636
1.7884,0.77365
2.3067,0.71035
2.3046,0.71301
2.3888,0.70291
2.3897,0.70257
2.3156,0.70876
2.3576,0.70503
2.4221,0.69777
1.7992,0.77052
2.3057,0.70902
2.3688,0.70509
1.7375,0.77933
2.1342,0.73185
1.4465,0.8208
2.2517,0.71875
2.1237,0.72979
2.0992,0.7301
2.3556,0.70686
2.1805,0.7234
2.5175,0.68888
1.6378,0.79617
1.7205,0.78296
1.6379,0.79539
1.709,0.78198
1.6689,0.78867
1.5724,0.80108
2.2146,0.72077
1.9922,0.74995
2.1455,0.73013
2.3018,0.71335
2.4402,0.6977
1.9336,0.75449
1.6897,0.78752
1.6527,0.79016
2.1483,0.73074
2.4538,0.69723
2.4107,0.70028
1.6173,0.79603
1.5777,0.80301
1.4651,0.81519
1.6954,0.78674
1.3872,0.8331
1.7766,0.77493
1.4842,0.81937
1.9751,0.7503
1.5876,0.80067
1.8504,0.76007
1.8466,0.76566
1.7368,0.77983
1.4238,0.82404
1.6533,0.79468
1.3769,0.83643
1.698,0.78621
2.4771,0.69535
1.7699,0.77452
1.7,0.78342
1.7381,0.77687
1.7869,0.76935
1.7593,0.77685
1.7993,0.77154
1.6655,0.79228
1.4546,0.82659
1.612,0.80047
1.6882,0.7861
1.6166,0.79887
1.9443,0.75321
1.69,0.78512
1.6158,0.7929
1.6241,0.79383
1.1333,0.88013
2.0301,0.74365
1.1013,0.8893
1.2285,0.86448
1.2867,0.84857
1.8438,0.76601
1.8618,0.76333
1.8786,0.76166
1.935,0.75329
1.9311,0.75377
1.9848,0.74728
1.8604,0.76341
1.7044,0.78641
1.8569,0.76695
1.8197,0.76929
1.7669,0.77698
1.7112,0.78489
1.6313,0.79547
1.678,0.78827
1.6266,0.79619
1.7818,0.77227
1.7111,0.78228
1.692,0.78549
2.3273,0.70875
2.14,0.73157
1.9014,0.75895
2.2635,0.71792
2.2917,0.71347
1.8405,0.76653
1.9481,0.75008
2.4009,0.70018
2.1573,0.72609
2.3551,0.70523
2.1068,0.73327
2.4437,0.69641
1.8106,0.76892
1.9268,0.75454
1.8404,0.76533
1.837,0.76613
2.282,0.71303
1.3,0.84544
2.4019,0.69936
2.3897,0.70175
2.3993,0.70137
2.3911,0.70093
2.3337,0.70767
2.0872,0.73608
2.0584,0.74048
2.4751,0.69397
2.0457,0.73909
2.0418,0.73943
2.1821,0.72304
2.6504,0.67626
2.3968,0.70198
2.6568,0.67668
2.468,0.69158
1.8743,0.76002
2.0398,0.74121
2.104,0.73463
2.4817,0.69443
2.2776,0.71243
2.0604,0.73839
2.0363,0.74217
2.1478,0.72796
1.8009,0.77057
1.9989,0.74459
2.0364,0.73802
1.9873,0.74579
2.016,0.74112
2.1167,0.72955
2.0944,0.73384
2.0286,0.74235
2.1225,0.73217
2.0601,0.74036
1.9872,0.7486
2.0269,0.74051
2.1695,0.7259
2.2341,0.71728
2.2422,0.7198
2.1423,0.73243
2.1029,0.73676
2.3983,0.70138
2.248,0.71773
2.102,0.73356
2.1063,0.73335
2.2473,0.71622
2.2767,0.71381
2.2168,0.72091
2.2961,0.71671
2.2932,0.71487
2.2869,0.7149
2.2935,0.71256
1.8322,0.76575
2.1291,0.73058
2.1579,0.72761
2.2245,0.71639
2.2949,0.71179
2.5786,0.68555
2.3436,0.70973
2.2646,0.71877
2.3628,0.70608
1.8894,0.75924
1.9205,0.75431
2.2488,0.7183
2.0034,0.74517
2.0256,0.74157
2.1556,0.72662
2.1265,0.73055
1.921,0.75445
2.199,0.7224
2.0335,0.741
2.6414,0.67935
1.8243,0.77103
2.0994,0.73312
1.9649,0.75116
2.2896,0.70773
2.0129,0.74613
2.5499,0.68764
2.2642,0.71165
2.0694,0.73669
2.614,0.67803
2.4798,0.69079
2.0619,0.73853
2.5343,0.68869
1.1619,0.87285
1.5088,0.81519
1.6201,0.79698
1.5972,0.79764
1.8101,0.76818
1.7044,0.78338
1.8666,0.76025
1.8021,0.7662
1.7904,0.76919
1.8119,0.7696
1.8793,0.76272
2.4011,0.70047
1.6151,0.79405
1.5139,0.809
1.718,0.77664
1.9965,0.74347
2.3106,0.7091
1.6032,0.79508
1.6047,0.79584
1.6425,0.79226
2.3175,0.71065
1.5686,0.80454
1.544,0.80948
1.6502,0.7926
1.7849,0.77365
1.7551,0.77583
1.7145,0.78241
1.6758,0.78683
1.6924,0.78472
1.6856,0.78526
1.7009,0.78347
1.6826,0.78606
1.6928,0.7839
1.7289,0.78039
2.2749,0.71543
2.388,0.70311
2.0524,0.73905
2.378,0.70517
2.1769,0.72867
1.9723,0.74966
2.0902,0.73499
2.316,0.71092
2.0817,0.73579
1.8009,0.77214
1.8001,0.77339
2.0052,0.74449
1.8374,0.76493
1.7301,0.78231
1.9254,0.75479
1.7906,0.77329
1.7024,0.78702
1.816,0.76935
1.801,0.77164
1.7765,0.77477
2.0724,0.73647
1.7456,0.77937
1.8164,0.76803
1.8938,0.75985
1.7633,0.77772
1.7396,0.78218
2.0212,0.74556
2.1934,0.7274
2.3863,0.70198
2.2144,0.71784
2.2507,0.71412
2.315,0.70758
2.3365,0.70434
2.2942,0.70949
2.389,0.70073
2.4255,0.6994
2.2663,0.71797
2.3531,0.70591
2.4106,0.7005
2.4422,0.69536
2.3745,0.702
2.4488,0.69332
1.9515,0.74803
2.3891,0.70203
2.3655,0.70412
2.3773,0.70213
2.5,0.69091
2.0386,0.74131
2.0593,0.73875
2.39,0.70011
2.5257,0.68563
2.4712,0.69351
2.3839,0.70406
2.0671,0.74159
2.0939,0.73783
2.0309,0.74451
2.0467,0.73757
2.0126,0.74241
2.514,0.68608
2.38,0.70122
2.4818,0.69062
2.0307,0.74084
2.2964,0.71123
2.2981,0.71414
2.39,0.70324
2.3016,0.71115
2.0908,0.7318
2.0398,0.73912
2.446,0.69597
1.9694,0.75052
2.3542,0.7058
2.3187,0.70891
2.3235,0.70917
2.2615,0.71758
2.2144,0.72122
2.454,0.6936
2.3972,0.69961
2.2942,0.71213
2.5403,0.68949
2.1835,0.72687
2.2342,0.7183
2.4141,0.70036
2.3022,0.71111
2.4255,0.69761
2.2613,0.7143
2.505,0.69095
1.9142,0.75713
1.9278,0.75588
1.8528,0.7656
2.073,0.73506
2.2747,0.71304
2.381,0.70475
2.2763,0.71457
2.2147,0.71833
2.2899,0.71478
2.0331,0.73749
2.119,0.72947
2.3693,0.70464
2.2264,0.70885
2.6159,0.67868
1.9052,0.74879
2.4531,0.69125
2.2998,0.71066
2.6208,0.67846
2.0793,0.73297
2.2364,0.71947
2.7858,0.66107
2.2377,0.71577
1.9474,0.74845
2.3914,0.70448
2.4492,0.69806
2.392,0.69922
2.4603,0.69378
2.1388,0.72837
2.3713,0.70183
2.0871,0.73477
2.2327,0.71809
2.2664,0.71579
2.2661,0.71393
2.3707,0.70504
2.2666,0.71629
1.8232,0.76912
2.2877,0.71315
0.90902,0.92875
2.1988,0.72547
0.95906,0.91384
2.1215,0.72942
2.4405,0.6964
2.2727,0.70992
2.2067,0.72183
2.6924,0.67103
1.8606,0.75666
1.9234,0.75433
2.1672,0.72289
2.1119,0.73344
1.8607,0.76233
2.2361,0.71439
2.4018,0.70009
2.3123,0.71233
1.8439,0.76702
2.4331,0.6981
1.9541,0.74893
2.5205,0.68639
2.5763,0.68283
1.9326,0.75602
1.8658,0.76511
2.2632,0.71676
2.235,0.71764
2.1399,0.72886
2.2457,0.7178
2.2879,0.70895
1.9348,0.74934
2.1209,0.73072
2.225,0.72138
2.1642,0.72661
2.1792,0.72258
2.0745,0.73698
1.8772,0.75724
1.896,0.75745
1.8941,0.75468
1.9402,0.75056
1.7886,0.77081
1.9671,0.74848
2.336,0.70815
1.8001,0.77094
1.919,0.75524
2.0031,0.74384
2.1075,0.73044
2.059,0.73858
1.9827,0.74608
1.9472,0.75139
1.9847,0.74697
1.9887,0.74653
1.8795,0.76182
2.3032,0.71231
2.2461,0.71848
2.2142,0.72043
2.3852,0.70069
2.0356,0.74062
1.9232,0.75449
1.9682,0.7478
1.8986,0.75714
2.0313,0.74106
1.2272,0.86032
2.2077,0.72372
2.0784,0.73803
2.0063,0.74603
2.0482,0.73818
2.1086,0.72848
2.0255,0.74021
2.4528,0.69368
1.9959,0.74516
1.9787,0.74749
2.4586,0.69334
1.986,0.74549
2.0106,0.74385
1.8854,0.76226
1.9236,0.75576
2.2978,0.71073
2.2956,0.70817
2.1333,0.72762
2.2162,0.71993
2.1288,0.72965
2.2171,0.71914
1.9663,0.74948
2.1336,0.72942
1.7497,0.7779
2.3594,0.70527
2.3086,0.70987
1.8789,0.75768
2.2071,0.72067
1.8775,0.75844
1.8818,0.76013
2.2219,0.71839
2.2717,0.71402
1.9525,0.74944
2.0237,0.74383
2.2904,0.71256
1.9793,0.75152
1.9295,0.75756
1.8914,0.76291
1.9793,0.74999
1.989,0.748
2.0532,0.73793
2.0459,0.73889
1.9423,0.752
2.595,0.68065
2.5176,0.68868
1.9745,0.7504
2.0091,0.74601
2.1365,0.73089
2.3028,0.70936
2.2512,0.71673
2.1522,0.72595
2.333,0.70736
2.1602,0.72716
2.1295,0.72802
2.2113,0.72031
2.0726,0.73221
2.1143,0.72818
1.1096,0.88154
2.2707,0.71343
2.1548,0.72444
2.1683,0.72335
2.1853,0.72404
1.9822,0.74625
2.1142,0.73174
2.0027,0.74566
2.2052,0.71796
1.9169,0.74945
2.1356,0.7293
2.0245,0.74475
2.2821,0.71227
2.0883,0.73584
2.383,0.70435
2.5361,0.68996
2.354,0.70688
2.3106,0.71083
2.4646,0.69288
2.3861,0.70044
2.0161,0.74176
2.2861,0.71464
2.2022,0.72438
2.317,0.71034
2.2821,0.71289
2.36,0.7045
1.9938,0.74609
2.2216,0.71812
2.0094,0.74347
2.1226,0.73273
1.9099,0.75962
1.8797,0.76394
1.8543,0.76778
2.0851,0.73649
1.9755,0.74723
1.9011,0.75549
1.9141,0.75289
1.9481,0.74829
2.1292,0.72839
2.1608,0.72508
2.3569,0.70457
1.9372,0.75591
2.2689,0.71454
2.1742,0.72298
2.2741,0.71091
1.1614,0.86831
2.149,0.72279
2.303,0.71051
2.2005,0.72459
2.2626,0.71729
1.8462,0.76724
1.7629,0.77928
2.1737,0.72787
2.1439,0.72795
1.8082,0.76487
1.9709,0.74699
1.9688,0.74606
1.7252,0.77734
2.2303,0.71998
2.2791,0.71229
1.8074,0.77129
2.1601,0.72758
2.1602,0.72927
2.5944,0.68457
2.1759,0.72633
2.2694,0.71735
1.3474,0.84038
1.4157,0.82791
1.4038,0.82784
2.2031,0.72272
2.2013,0.72479
1.8677,0.76458
2.3341,0.71014
2.4354,0.69915
2.0244,0.74282
2.1447,0.72595
2.0702,0.73522
1.9699,0.74775
2.169,0.72441
2.063,0.73776
2.0196,0.74324
2.1493,0.72863
2.0305,0.74451
2.2572,0.71662
2.0444,0.73823
1.9727,0.74713
2.093,0.7315
2.0716,0.73508
2.1511,0.72841
2.2234,0.72044
2.2133,0.71965
2.3573,0.70509
2.1476,0.72976
2.3136,0.71098
2.3604,0.70481
2.2113,0.71802
2.3361,0.70472
2.0743,0.73421
1.9258,0.75403
2.4356,0.70035
2.01,0.74411
1.9846,0.74754
2.0074,0.74642
2.133,0.73059
2.4985,0.69028
1.924,0.75395
2.5042,0.68967
2.537,0.68702
1.879,0.76075
2.567,0.68435
2.2221,0.72167
2.2822,0.7157
2.2989,0.71333
2.2176,0.71977
2.2364,0.71567
2.1508,0.72509
2.2587,0.71054
2.3014,0.70704
2.2077,0.71929
2.2226,0.71686
2.2955,0.71306
2.0217,0.74523
1.7115,0.78419
2.1297,0.7307
2.2993,0.71111
2.0766,0.73754
2.3306,0.70634
2.1639,0.7283
2.2651,0.71606
2.1844,0.72612
2.1351,0.73235
2.25,0.7187
2.1195,0.73533
2.478,0.69312
1.8847,0.7594
2.4139,0.69819
1.9324,0.75274
2.3624,0.70588
2.4795,0.69549
1.9711,0.75174
2.4534,0.69661
2.138,0.72764
2.2888,0.71145
2.3382,0.70761
2.0659,0.73666
2.4255,0.69559
2.3118,0.70965
2.613,0.67623
2.3949,0.70016
2.4384,0.69655
2.4011,0.7023
2.0843,0.73509
2.4677,0.69254
2.4234,0.69927
1.755,0.77352
2.4221,0.69779
2.0911,0.73321
2.1829,0.72338
1.8156,0.77201
1.8714,0.76426
1.8785,0.76403
2.0402,0.74426
2.0378,0.74412
1.7942,0.77394
2.1839,0.7235
2.2453,0.71454
1.7619,0.77441
2.4392,0.69344
2.0517,0.73843
1.9357,0.75333
2.6151,0.68318
2.3143,0.71329
2.3607,0.70781
2.4294,0.69907
2.5102,0.68998
2.5434,0.68576
2.4068,0.69799
2.3713,0.70464
2.5323,0.68761
2.5147,0.69046
2.0843,0.73644
2.4615,0.69667
2.0422,0.74052
1.9901,0.74838
2.0959,0.73367
2.468,0.69491
1.9771,0.74925
2.1008,0.7352
2.0488,0.73987
1.9329,0.75708
2.2186,0.7193
2.025,0.74359
2.0808,0.73636
2.088,0.73485
2.3942,0.70125
2.2777,0.71229
2.3659,0.70484
2.1193,0.72953
2.2118,0.72241
2.3462,0.7066
2.1896,0.72347
1.8964,0.75773
1.956,0.74975
1.9207,0.75421
2.1888,0.72456
1.9268,0.75464
2.2096,0.72181
2.1834,0.72472
2.4109,0.6998
2.4227,0.69828
2.441,0.69601
2.0991,0.73422
1.9551,0.75315
2.1818,0.72471
2.3782,0.70579
1.9912,0.74675
1.9516,0.75302
1.9244,0.75616
2.2033,0.72109
2.2079,0.7204
2.3431,0.70847
2.2298,0.72222
2.3457,0.70888
2.3383,0.70932
2.0461,0.74023
2.032,0.74236
2.3401,0.71021
2.2406,0.72008
1.8374,0.7666
1.8894,0.75836
2.457,0.69243
2.0797,0.73581
2.2007,0.72197
2.3469,0.70628
2.147,0.73138
2.0036,0.74703
2.4449,0.69739
2.1275,0.73257
1.9741,0.75335
2.0585,0.74277
2.0988,0.73721
2.0948,0.73568
2.2318,0.71974
2.1121,0.73404
2.066,0.74012
2.0923,0.73777
2.1248,0.73472
2.0549,0.74126
1.9688,0.75396
2.0418,0.74589
1.9781,0.75445
1.9637,0.7545
1.918,0.76033
2.0258,0.74373
2.1452,0.72943
2.3272,0.71145
2.3407,0.71024
2.1451,0.73115
2.2623,0.7191
2.1371,0.7305
2.4095,0.70168
2.0431,0.74277
2.2809,0.71836
2.3326,0.71202
2.339,0.71163
2.281,0.71768
2.2059,0.72577
2.2092,0.72691
2.162,0.72938
2.1235,0.73398
2.1001,0.73752
2.1411,0.73283
2.1787,0.72894
2.1785,0.72823
2.1875,0.72743
2.2276,0.72473
2.1615,0.73013
2.2645,0.71854
2.3419,0.71166
2.3987,0.70589
2.3486,0.71189
2.3973,0.7085
2.421,0.70758
2.4088,0.70663
2.3206,0.71653
1.887,0.76835
2.2902,0.71956
2.2638,0.72277
2.1293,0.73847
2.1973,0.73164
1.8562,0.77216
2.4317,0.70577
2.4577,0.70044
2.2585,0.72179
2.5275,0.69497
2.3529,0.71185
1.9236,0.76383
2.1922,0.73093
2.1223,0.73814
2.1516,0.73597
2.2375,0.72607
2.115,0.73841
1.9542,0.75929
2.3303,0.71622
1.9719,0.7572
1.6788,0.79314
2.3018,0.71822
1.837,0.7736
2.3444,0.71562
2.477,0.70338
1.9143,0.76616
2.1695,0.73455
1.5815,0.80969
2.402,0.71064
1.4785,0.8247
2.3374,0.71618
2.4127,0.70998
2.4812,0.70555
1.3542,0.84936
2.232,0.72653
1.4097,0.83642
1.4564,0.82832
2.4039,0.71056
2.2476,0.72458
1.6429,0.80175
1.5146,0.81882
1.5517,0.81364
1.394,0.84223
1.4223,0.83949
1.372,0.84888
1.5024,0.83107
1.3775,0.84666
1.5995,0.80795
1.5924,0.80931
1.3784,0.84425
1.7788,0.78501
1.5408,0.81976
1.6218,0.80903
1.6439,0.80624
1.6714,0.80329
2.4401,0.71448
1.4987,0.83105
1.6142,0.81026
2.2076,0.73202
2.2516,0.72704
1.7517,0.7836
1.6033,0.80915
2.163,0.73888
1.5967,0.81388
1.7628,0.78883
1.6936,0.80551
2.1551,0.74501
1.7665,0.79623
2.2709,0.7336
2.155,0.74751
2.1205,0.74946
2.1227,0.74748
2.0425,0.75604
1.8482,0.78032
1.8425,0.78183
2.3492,0.72152
1.7507,0.79594
1.7427,0.79666
1.8397,0.78404
1.8864,0.77509
1.857,0.78063
1.8206,0.78439
1.7206,0.80018
1.6762,0.80402
1.7102,0.79951
1.5829,0.82073
1.7573,0.79192
1.8335,0.78332
1.763,0.79352
1.6431,0.80965
1.7771,0.7887
2.0166,0.7597
1.9931,0.76382
1.7586,0.79442
1.9552,0.77082
2.0333,0.76085
1.7729,0.79351
1.7428,0.79858
1.773,0.79389
1.8007,0.7901
1.7727,0.79474
1.7977,0.79302
1.685,0.80524
1.7525,0.79458
1.8916,0.77796
1.9408,0.77342
1.9285,0.77594
1.9414,0.77571
1.907,0.78101
1.9772,0.77127
2.0013,0.76765
1.9044,0.78001
2.0395,0.76047
1.6687,0.80769
1.6729,0.80743
1.7731,0.7952
1.6891,0.8091
2.0783,0.75997
1.689,0.80879
2.0651,0.7586
1.8776,0.78241
2.1072,0.75312
1.844,0.78457
1.8488,0.78593
2.0725,0.75721
1.8221,0.78733
2.0437,0.76063
1.8963,0.7777
2.0072,0.76691
2.0308,0.76513
2.0169,0.767
1.8336,0.78742
1.2547,0.87612
1.9281,0.77237
1.2668,0.8724
1.9623,0.76841
1.9744,0.76906
1.6677,0.81189
1.7345,0.80317
1.7038,0.80663
1.9011,0.7786
2.0377,0.76239
2.059,0.75994
1.7955,0.79469
1.8392,0.78913
1.9194,0.77985
1.8593,0.78797
2.0702,0.7605
1.9252,0.77855
2.0152,0.76759
2.0144,0.76538
2.0603,0.75904
2.032,0.76209
1.8438,0.78902
1.917,0.77904
2.0806,0.75977
1.9054,0.78089
2.0915,0.75754
1.779,0.79572
1.8721,0.7848
1.7983,0.79418
1.6934,0.81105
2.1222,0.75682
1.7961,0.79734
2.0658,0.7641
1.8463,0.78798
2.1158,0.75672
1.7751,0.7997
1.9741,0.77596
1.804,0.79598
1.737,0.80476
1.8857,0.78508
2.0746,0.76142
2.13,0.75174
2.1631,0.75015
2.117,0.75735
2.3882,0.72915
2.1981,0.75051
2.3717,0.73378
2.5395,0.71631
2.4121,0.72792
1.8373,0.79129
2.4427,0.72322
2.2823,0.738
1.8607,0.78559
2.3581,0.73192
1.8299,0.79246
1.8261,0.79501
1.8607,0.7911
1.8383,0.79097
2.4783,0.71879
1.9274,0.78146
1.7697,0.80078
1.8364,0.79267
1.7818,0.80339
1.9135,0.78507
1.8053,0.79992
0.98075,0.94504
1.0604,0.92715
2.1312,0.76145
1.5053,0.84343
1.6768,0.81777
1.7256,0.80904
1.6937,0.81418
1.687,0.81403
1.6225,0.82463
1.6585,0.82063
1.6891,0.8188
1.7312,0.81244
1.6876,0.81825
1.9209,0.78933
2.1833,0.75571
2.0614,0.76965
2.1651,0.76066
2.1019,0.77092
2.0399,0.77683
1.7411,0.81402
1.759,0.81238
1.5849,0.83835
1.5547,0.84186
1.7371,0.81239
1.4448,0.85616
1.4734,0.84859
1.5986,0.82974
1.5753,0.83149
1.6157,0.82848
1.6302,0.82865
1.6646,0.82619
1.6232,0.83346
1.4916,0.85185
1.6591,0.82479
1.699,0.81802
1.6319,0.82657
1.3514,0.87485
1.393,0.86838
3.6132,0.63224
1.4687,0.85571
1.4816,0.85264
2.7448,0.70078
1.3441,0.87429
1.4295,0.85687
1.8532,0.79429
2.131,0.76104
1.5176,0.84416
1.4754,0.85488
1.9303,0.79271
1.9072,0.79674
1.9749,0.78869
2.0519,0.77694
1.7414,0.81434
1.7265,0.81485
1.4126,0.86295
1.6555,0.8295
1.6905,0.82502
1.63,0.83318
1.6013,0.83783
1.7468,0.81719
1.7742,0.81088
1.7877,0.80528
1.6414,0.82831
1.7118,0.81388
1.655,0.82354
1.7123,0.81909
1.9057,0.79291
1.5436,0.84433
1.6893,0.82477
1.3918,0.87073
1.5167,0.84909
1.596,0.83833
1.9432,0.79085
1.6948,0.82255
1.6399,0.82871
1.6885,0.81862
1.9042,0.79091
1.8161,0.80456
2.1963,0.75975
1.864,0.79968
1.7974,0.80814
1.7444,0.81404
1.5859,0.83625
1.8348,0.80103
1.5933,0.83811
1.6628,0.82784
1.5859,0.84139
1.8113,0.80893
1.8319,0.80815
1.8202,0.80709
1.6923,0.82598
1.7211,0.82228
2.1587,0.76584
2.2368,0.75651
1.6776,0.82677
1.7685,0.81345
1.5008,0.85155
1.5197,0.84846
1.7597,0.81397
1.6924,0.82465
1.8326,0.8075
1.78,0.81472
1.6374,0.83561
1.7214,0.82009
1.8357,0.8026
1.6935,0.82471
1.7415,0.81717
1.7602,0.81643
1.5199,0.85535
1.664,0.83322
1.6142,0.8414
1.8776,0.80275
1.828,0.81024
1.7311,0.82161
1.9532,0.79286
1.6869,0.82654
1.6932,0.82555
1.5945,0.84181
1.8013,0.81283
1.8648,0.80553
1.9844,0.78983
1.9399,0.79244
1.7711,0.8135
1.725,0.81968
1.768,0.81506
1.7498,0.81804
1.6924,0.82724
1.732,0.82245
2.1399,0.77129
1.9434,0.7927
1.894,0.80086
2.0781,0.77517
2.0932,0.77559
1.9329,0.79675
1.8668,0.8034
1.9838,0.7881
1.8901,0.80036
1.8651,0.80445
1.9406,0.79474
1.894,0.80231
1.9008,0.80146
1.9025,0.8006
1.7796,0.81691
2.3339,0.75127
1.9061,0.80314
2.0199,0.78739
2.1146,0.77673
1.8111,0.81438
1.9983,0.79099
2.0658,0.78428
1.7916,0.81779
2.106,0.77812
1.8845,0.80516
2.0623,0.78465
2.1695,0.77342
2.0476,0.78679
1.4841,0.86376
1.6395,0.83688
2.2219,0.76541
2.2994,0.7577
2.1471,0.77488
2.126,0.77718
2.2858,0.76072
2.1701,0.77269
2.1681,0.77356
1.9452,0.80048
2.9617,0.6965
1.9752,0.79622
3.0902,0.68632
2.4655,0.74447
1.6653,0.84107
1.5916,0.84966
2.2137,0.76989
1.715,0.83204
1.6962,0.8355
1.701,0.83287
1.7164,0.83008
1.6039,0.84992
1.6025,0.84933
1.6662,0.83756
2.0025,0.79126
1.9816,0.79426
1.8388,0.81369
2.0553,0.78579
1.6447,0.8403
1.7144,0.83097
1.6375,0.84696
1.77,0.82604
1.6572,0.84128
1.6519,0.8422
1.9036,0.80842
1.9527,0.80112
1.6827,0.83883
1.5979,0.85247
1.6353,0.84524
1.6161,0.84801
1.5796,0.85478
1.9641,0.80018
1.679,0.83879
1.6288,0.84576
1.6269,0.84682
1.5778,0.85418
1.6181,0.84874
1.5329,0.86123
1.8769,0.81209
1.6703,0.84202
1.7523,0.83032
1.4493,0.87509
1.5945,0.85355
1.4729,0.87261
1.4233,0.88114
1.4795,0.87048
1.3805,0.88608
1.3639,0.88806
1.4814,0.8662
1.372,0.88847
1.3763,0.89003
1.3736,0.88818
1.3559,0.89193
1.5956,0.85494
1.9194,0.80784
1.5495,0.8612
1.5926,0.85513
1.7722,0.82752
1.7074,0.83726
1.9975,0.80095
1.7855,0.8265
1.4217,0.88085
1.7928,0.82376
1.7747,0.82499
1.8667,0.81213
1.3759,0.88667
2.1354,0.78237
1.6817,0.84244
1.7031,0.83814
1.7845,0.82795
1.5388,0.86272
1.5899,0.85486
1.5781,0.85287
1.8544,0.81501
1.7405,0.83361
1.7138,0.83541
2.0894,0.786
1.4011,0.88162
1.767,0.82791
1.6356,0.84819
1.4667,0.87423
1.5369,0.86363
2.1353,0.78486
1.5315,0.86466
1.562,0.85844
1.6172,0.84853
1.9603,0.80508
1.6962,0.8391
1.8012,0.82508
1.6395,0.84641
1.8795,0.8139
1.6484,0.84497
1.891,0.81014
1.806,0.8233
1.5254,0.86424
1.8132,0.82388
2.0838,0.788
1.8696,0.81314
1.7854,0.82513
1.9429,0.80556
1.9793,0.80021
2.124,0.78254
1.9921,0.79733
2.0961,0.78415
2.0655,0.78843
2.0525,0.79174
1.9544,0.80154
1.9526,0.80172
2.0144,0.79286
1.9549,0.80054
2.4773,0.74567
2.4132,0.75126
2.4744,0.74603
1.5932,0.85292
1.6244,0.84881
1.8888,0.81192
1.9933,0.79791
1.8952,0.81005
2.2761,0.76579
2.0254,0.79283
1.834,0.81834
2.0539,0.79082
1.784,0.82728
1.8714,0.81496
1.6862,0.83981
1.7272,0.8337
1.6952,0.83884
1.7202,0.83504
1.8068,0.82333
1.8854,0.81381
1.7751,0.82637
1.9309,0.80397
1.8988,0.8084
2.0376,0.78988
2.3331,0.75868
1.71,0.8363
1.7202,0.83555
1.7427,0.83174
1.8047,0.82249
1.819,0.82125
1.7454,0.83049
1.7907,0.82402
1.7328,0.8312
1.7464,0.82941
1.7798,0.8239
1.7854,0.82381
2.5074,0.74298
1.7669,0.82786
1.8797,0.81374
2.331,0.76184
2.0366,0.79325
1.7802,0.82842
1.8065,0.82448
1.7824,0.82741
1.8933,0.81316
1.5892,0.85407
2.0013,0.79641
1.6141,0.85064
1.8261,0.82062
1.6635,0.84328
1.5217,0.86564
1.5772,0.85708
1.5006,0.87183
1.7384,0.83751
1.6833,0.84136
1.7664,0.82901
1.5015,0.86847
1.498,0.86842
1.5711,0.85528
2.1782,0.77852
2.2781,0.77075
2.1936,0.7792
2.1323,0.78758
2.8183,0.71512
1.9764,0.80444
1.8331,0.8228
2.2776,0.76969
2.2032,0.77943
2.2186,0.77881
2.1329,0.78879
2.0546,0.79822
2.106,0.79223
1.6256,0.85746
1.7574,0.83641
1.904,0.81337
1.8411,0.82275
1.7799,0.83142
1.8639,0.81873
1.5567,0.86213
1.8318,0.82304
1.5039,0.87367
1.5141,0.86981
1.3903,0.8906
1.4917,0.87395
1.9816,0.80249
2.0287,0.79957
1.89,0.8196
1.4178,0.88532
1.9501,0.80954
1.4732,0.87837
1.8937,0.81387
1.7437,0.83622
2.0724,0.79391
2.0191,0.80329
1.7492,0.83897
1.8877,0.82043
1.6101,0.85743
1.8127,0.82838
2.1598,0.7822
1.9783,0.80599
1.9157,0.81382
2.1255,0.78505
1.7333,0.83769
2.1446,0.78477
1.6818,0.84541
1.6808,0.84886
2.152,0.78921
1.8515,0.8224
2.2004,0.7804
1.7103,0.83791
1.652,0.8453
1.6701,0.8423
2.2159,0.77697
2.1403,0.78694
1.6107,0.85706
1.6766,0.84674
2.1971,0.78439
1.7549,0.8386
1.7375,0.84211
1.5929,0.85885
2.0348,0.79983
1.8153,0.82737
1.7617,0.83324
1.5893,0.8575
1.8971,0.8116
1.869,0.81756
1.8351,0.8217
1.8008,0.82602
1.8383,0.8207
1.6896,0.84332
1.6987,0.8428
1.5119,0.86937
1.605,0.85799
1.1566,0.9355
1.9797,0.80761
1.2026,0.92519
1.7837,0.83193
1.6409,0.85127
1.5652,0.86138
1.7427,0.83541
1.7879,0.8279
1.8264,0.82182
1.8089,0.82581
1.8302,0.82395
1.69,0.84488
1.4677,0.88055
1.0587,0.95486
1.026,0.96252
1.5951,0.85764
1.0658,0.94932
2.206,0.77629
2.1501,0.78358
2.219,0.77454
1.8433,0.82029
1.7875,0.82894
2.2429,0.77237
1.842,0.82314
1.1903,0.9265
1.91,0.81341
1.8644,0.81709
1.9687,0.80473
1.9507,0.80467
1.877,0.81547
1.9672,0.80219
2.0634,0.79181
2.0203,0.79794
2.0459,0.79591
1.9735,0.80607
1.7371,0.83902
1.7345,0.83714
1.7448,0.83465
1.8361,0.82096
1.7465,0.83392
1.7034,0.83913
1.7333,0.83838
1.7691,0.83022
1.797,0.82493
1.8505,0.81668
1.8213,0.82035
1.8924,0.80959
2.0602,0.79631
2.07,0.79269
1.9758,0.80564
1.9804,0.80571
1.7687,0.83358
1.7949,0.82882
2.0404,0.79538
1.702,0.8398
1.7694,0.82971
2.03,0.79703
1.8093,0.82427
1.8579,0.81713
2.1346,0.78794
2.5088,0.75079
2.836,0.71753
2.9012,0.71166
2.2992,0.76975
2.5321,0.74924
2.3647,0.75965
2.2056,0.77784
1.8261,0.82361
1.8486,0.81949
2.0771,0.79179
2.11,0.78636
1.8148,0.82122
2.22,0.77488
1.8222,0.82451
1.8014,0.82942
1.9227,0.8126
1.9886,0.80671
2.3361,0.76865
2.2836,0.77368
