4.8878,1.0005
1.5469,1.4652
6.1363,0.8969
1.5044,1.5071
5.6953,0.94263
3.1961,1.1785
4.6471,1.0156
1.4815,1.4887
1.8879,1.3919
2.592,1.2674
1.7652,1.4305
1.7326,1.4406
3.603,1.1151
5.9215,0.92151
3.0848,1.1748
5.6452,0.9403
6.1605,0.89777
1.2484,1.5628
1.0648,1.6237
7.2198,0.83053
4.7379,1.0121
5.3868,0.95449
2.9389,1.2081
2.9562,1.206
1.8163,1.4097
1.0667,1.6332
1.3673,1.5268
1.2339,1.575
1.9701,1.3769
1.0272,1.6586
2.0905,1.3717
1.4557,1.5076
1.6102,1.4697
2.3323,1.3159
1.6439,1.461
1.8591,1.4036
1.3756,1.5433
1.6906,1.4425
1.2666,1.5748
2.1767,1.344
2.3689,1.3066
2.0044,1.3744
1.5462,1.4767
3.909,1.0981
1.3964,1.5399
2.5422,1.2727
1.1034,1.6084
1.7691,1.4306
1.3078,1.5504
8.1541,0.79687
1.1616,1.591
1.2202,1.5738
1.1823,1.5932
1.6236,1.445
1.0942,1.6082
8.3349,0.77762
9.4762,0.71706
7.9014,0.8038
1.375,1.5451
1.4209,1.5163
3.031,1.1911
2.5368,1.2667
2.0882,1.3368
1.5569,1.4358
2.6981,1.2278
2.0001,1.3692
1.6994,1.4326
1.825,1.4069
2.5769,1.2754
1.0521,1.6395
1.0852,1.6224
1.2032,1.5885
1.5306,1.4904
1.2743,1.5514
1.3206,1.5376
1.1143,1.6052
1.3892,1.5121
7.7439,0.8089
1.3366,1.537
1.18,1.5864
1.7672,1.4417
1.6417,1.4467
1.496,1.4881
1.5467,1.469
8.6171,0.77995
12.293,0.61322
1.6174,1.4658
1.4462,1.4988
2.7746,1.2444
1.8575,1.4181
1.4222,1.5157
1.3141,1.5424
1.4932,1.4965
1.6488,1.4632
7.6456,0.81359
1.8394,1.4157
1.1067,1.5877
1.0099,1.6155
1.0879,1.5934
1.6201,1.4308
1.1659,1.5717
1.1924,1.5557
1.4762,1.481
1.1712,1.5804
1.1644,1.5662
7.4879,0.80132
1.5624,1.4838
1.2041,1.564
1.1787,1.5929
1.7778,1.4136
4.8916,0.98307
1.7549,1.4347
1.4064,1.5063
1.7851,1.4372
1.5206,1.4846
1.6213,1.4544
1.1629,1.5969
3.1852,1.1842
1.7534,1.4284
1.4441,1.5057
2.9396,1.2367
1.8105,1.413
2.2927,1.3139
2.2253,1.3208
3.0395,1.2046
2.984,1.2155
2.3512,1.307
2.0875,1.3564
2.7454,1.2471
2.5631,1.2727
1.6183,1.4535
1.6501,1.4629
2.4101,1.3097
1.1408,1.5969
1.5248,1.5096
1.6441,1.4696
3.1325,1.2061
3.8589,1.1049
1.5309,1.5115
4.0827,1.0995
3.3479,1.1842
2.728,1.235
2.2078,1.353
3.2139,1.1953
8.4857,0.76887
8.0417,0.79823
1.4631,1.4977
1.2839,1.5438
0.73913,1.7153
2.4647,1.2745
2.3823,1.3092
1.0769,1.6224
0.91009,1.6894
1.3412,1.5265
1.2865,1.5711
1.3199,1.5616
8.504,0.78329
1.5712,1.4829
1.8664,1.3926
1.4962,1.4838
2.162,1.3466
1.1508,1.5899
4.6521,1.0176
1.8605,1.3806
1.9322,1.367
3.5726,1.135
1.7022,1.4196
1.3271,1.5386
1.5419,1.4634
1.6664,1.4336
1.2629,1.5432
1.4909,1.4899
1.4338,1.508
1.308,1.5277
1.3767,1.513
1.5722,1.4774
1.1124,1.5976
1.447,1.5054
1.657,1.4626
1.1197,1.5848
1.1469,1.5815
1.1508,1.5733
3.3323,1.1406
1.2604,1.5437
1.2102,1.5658
1.3116,1.5317
1.5172,1.4696
1.5281,1.4844
4.1021,1.0583
1.3632,1.532
1.5367,1.4825
1.188,1.567
2.6834,1.2624
1.6934,1.4481
2.4026,1.3022
1.2246,1.5601
2.1643,1.3426
3.7973,1.1162
2.7835,1.2556
2.1214,1.3638
1.5122,1.4928
1.5951,1.4692
1.8529,1.4085
1.7413,1.4349
7.5113,0.81362
7.7087,0.79971
1.7324,1.4204
2.0404,1.3502
1.0591,1.6224
2.2895,1.3066
1.2102,1.5757
1.9178,1.3759
2.037,1.3422
1.49,1.4763
1.106,1.5993
1.911,1.3744
6.7945,0.8515
1.2511,1.5318
1.549,1.4511
1.2835,1.5351
1.2184,1.5447
1.56,1.4506
1.2508,1.5399
1.2668,1.5128
1.1859,1.5364
1.2041,1.5425
1.1265,1.5729
1.02,1.5966
1.0979,1.5851
1.0957,1.5865
1.2581,1.5073
8.3264,0.78219
0.94621,1.6189
1.5614,1.4478
1.1707,1.5479
1.0111,1.6056
1.0232,1.6145
7.2855,0.82455
1.1329,1.5621
1.0741,1.588
1.4047,1.4775
1.6141,1.4315
1.3853,1.5061
1.2593,1.5359
1.2052,1.5548
1.2346,1.528
1.1807,1.548
1.3769,1.4843
1.2968,1.5251
0.84258,1.6618
1.5636,1.4484
1.1637,1.571
1.4558,1.4515
1.0788,1.571
1.2035,1.5341
1.0196,1.6064
1.3997,1.4695
1.0228,1.5955
0.88862,1.6538
0.91401,1.6391
0.93967,1.6223
0.94413,1.6201
1.0203,1.6117
1.0375,1.5913
0.99778,1.6041
1.0479,1.5906
0.95644,1.6199
1.0481,1.5886
0.90132,1.6352
1.3037,1.5239
1.0618,1.566
1.8121,1.3698
0.9833,1.5844
0.98375,1.5896
1.5079,1.4688
0.96024,1.6069
1.5211,1.4224
1.9427,1.3276
1.772,1.3588
0.87008,1.6475
0.92299,1.6253
2.2568,1.3111
2.7968,1.209
1.033,1.582
1.6374,1.403
1.4088,1.4573
1.432,1.4483
1.3185,1.4847
1.178,1.5083
0.91831,1.6084
0.89144,1.6151
1.328,1.479
1.0149,1.5581
1.0597,1.5504
1.0678,1.5471
1.0431,1.5537
0.97419,1.5959
1.4018,1.4393
1.2825,1.4838
1.2429,1.4892
1.0148,1.5752
0.97772,1.5787
1.0112,1.5753
0.88336,1.6158
1.4082,1.4491
1.5842,1.4033
0.92084,1.6181
1.274,1.4872
1.6992,1.3726
1.4429,1.4274
1.6008,1.4065
1.2165,1.5218
8.7596,0.73146
7.0767,0.84425
4.2689,1.0477
2.1023,1.3466
0.65614,1.698
1.0515,1.5161
4.7843,0.92414
0.82503,1.6089
3.5527,1.0349
1.0171,1.5066
1.0891,1.4787
0.62387,1.6924
6.2677,0.83127
5.5285,0.90356
6.7728,0.80701
1.0219,1.5552
0.95812,1.5507
0.87627,1.5548
0.86076,1.5909
1.1499,1.475
0.78989,1.6189
4.6199,0.95044
0.78908,1.6151
4.7161,0.9336
1.5031,1.3603
1.6046,1.3487
1.8215,1.2892
1.1172,1.4824
1.1531,1.452
4.471,0.94311
0.66328,1.6517
1.1346,1.4752
0.78961,1.5923
0.94873,1.5235
1.1307,1.4448
1.4391,1.3697
1.0994,1.4656
4.93,0.91872
0.92852,1.5223
0.86354,1.5444
1.2331,1.4353
0.93843,1.5171
1.1029,1.45
1.2289,1.425
1.0088,1.4849
0.91703,1.5142
0.99348,1.4944
1.1535,1.4355
4.5599,0.94711
4.1442,0.97816
5.3601,0.88336
1.3632,1.3875
1.3457,1.3899
4.3069,0.96093
1.4305,1.364
1.416,1.3647
4.4245,0.94386
1.7139,1.2904
1.7207,1.2866
1.583,1.3167
1.4619,1.3174
1.5492,1.3224
1.5378,1.3193
2.0848,1.2099
6.2641,0.80436
1.7235,1.2874
1.4658,1.3275
4.9547,0.88847
2.6709,1.1113
1.8458,1.2647
1.5532,1.3007
1.6369,1.2782
2.5675,1.1236
1.4954,1.3103
3.8212,0.97863
1.4327,1.3202
1.5533,1.2996
1.4453,1.3241
1.5336,1.3015
1.5123,1.3043
1.4086,1.3295
1.8107,1.2396
1.823,1.2371
1.6949,1.2569
2.98,1.0369
1.5741,1.2868
1.5454,1.2851
1.619,1.2722
1.6254,1.2746
1.7191,1.2534
1.7572,1.2414
1.5008,1.292
5.5674,0.82295
1.6238,1.2616
1.545,1.2787
1.5907,1.2652
4.9233,0.86094
1.9357,1.2085
1.7441,1.2312
1.7351,1.2368
1.8673,1.2138
1.8225,1.2199
1.7079,1.2384
1.9659,1.1987
1.7516,1.2229
1.605,1.2546
1.4625,1.2735
1.9965,1.1681
1.5585,1.254
1.5428,1.2554
1.6213,1.2454
1.4922,1.2705
1.5063,1.2651
1.4073,1.283
1.4524,1.2716
1.5392,1.2542
1.5936,1.2418
2.8807,1.0371
1.4715,1.2697
1.5155,1.2595
1.5232,1.2477
1.5551,1.2439
1.4557,1.2587
2.7342,1.0473
1.7152,1.209
1.5141,1.2522
1.4616,1.2604
1.5313,1.2491
1.5279,1.2459
1.4692,1.2571
1.5007,1.2499
1.5684,1.2365
3.4204,0.96356
2.8226,1.0275
1.9141,1.1774
1.6895,1.2126
1.6591,1.2148
1.5551,1.2323
1.6497,1.217
1.5867,1.229
1.6643,1.2135
1.6299,1.2174
1.6111,1.2211
1.567,1.2283
3.659,0.9373
1.6266,1.2174
1.5724,1.2246
1.8373,1.1826
1.5917,1.222
1.8141,1.1833
1.7653,1.1944
1.8269,1.1775
1.7996,1.1866
1.8463,1.1766
1.8588,1.1701
1.4688,1.2395
1.5931,1.2142
1.5561,1.2222
1.5573,1.2162
1.5783,1.2155
1.5529,1.2211
1.6972,1.1878
1.5116,1.229
1.5372,1.2196
1.5357,1.2215
1.5743,1.2113
2.6142,1.0426
2.5503,1.0512
1.7266,1.1833
1.6782,1.1925
1.6929,1.1879
3.3927,0.95504
2.5509,1.0466
4.2512,0.87171
1.7724,1.1752
1.559,1.2128
2.5885,1.0411
1.7049,1.1864
1.8685,1.1572
3.1819,0.9695
1.7092,1.1798
1.918,1.1501
1.9409,1.1475
1.7946,1.1684
2.7839,1.0218
1.8416,1.1595
1.8531,1.1582
1.8192,1.1677
2.5953,1.0489
1.5121,1.2117
2.7701,1.0198
2.8605,1.0213
1.8601,1.152
1.6495,1.1867
2.7436,1.0222
1.7072,1.1793
2.7273,1.0202
1.6929,1.1813
1.6231,1.1919
1.7249,1.1716
1.7496,1.169
1.6936,1.1782
2.6565,1.0303
1.6283,1.1874
1.6873,1.1707
1.5865,1.1933
1.6122,1.1851
1.64,1.183
1.6636,1.1794
1.7477,1.1682
1.6907,1.1733
1.635,1.1809
1.6036,1.1858
1.6354,1.18
1.5979,1.191
1.6643,1.177
1.778,1.1605
1.9024,1.1427
1.8709,1.1463
1.924,1.1387
1.824,1.155
1.85,1.1517
1.7802,1.1634
1.8596,1.152
1.9442,1.134
2.0503,1.1201
1.6214,1.1805
1.6916,1.1682
2.2131,1.0793
2.6083,1.028
1.6415,1.1762
1.6717,1.1733
1.6461,1.1772
1.5626,1.1925
1.7802,1.1533
1.737,1.1571
1.7243,1.1606
1.7047,1.1662
1.7062,1.1645
1.6848,1.1687
1.6964,1.1622
1.6438,1.1729
2.0027,1.1246
2.296,1.0651
1.8935,1.1424
1.655,1.1716
1.6136,1.1808
1.7581,1.1534
1.6437,1.1737
1.727,1.1562
1.5276,1.1943
1.8697,1.1348
1.6336,1.1713
1.7558,1.1529
1.731,1.1559
1.6859,1.1678
1.8277,1.1528
1.6013,1.1817
3.051,0.99192
1.9226,1.1366
2.3715,1.0516
2.0174,1.1156
2.3455,1.0541
2.5592,1.0353
2.0032,1.119
1.999,1.1207
1.9525,1.1293
2.0959,1.1053
2.0399,1.115
1.9241,1.1328
2.0532,1.112
1.9524,1.1263
1.9241,1.1305
1.6867,1.1666
1.9367,1.1298
1.6628,1.1674
1.9225,1.1317
3.2815,0.95505
2.1354,1.1045
1.7753,1.1507
1.9577,1.1191
1.9684,1.1173
1.8127,1.1374
1.8485,1.1364
1.8038,1.1411
1.7138,1.1567
1.8074,1.1424
1.7413,1.1564
1.9278,1.1309
1.9593,1.126
1.859,1.1402
2.6048,1.03
2.7516,1.0145
2.9531,0.98559
2.0514,1.1109
2.2124,1.0874
2.7165,1.0164
1.8874,1.1362
1.8965,1.1404
1.9796,1.1205
1.8775,1.1396
1.9624,1.128
1.8328,1.1424
1.8788,1.1365
2.6975,1.0167
1.7618,1.1554
1.815,1.1453
2.0604,1.1142
2.1886,1.0999
2.2622,1.0849
2.2205,1.0805
1.9457,1.1229
2.7107,1.0153
1.9593,1.1224
1.9362,1.1287
1.9506,1.1228
1.8963,1.1314
2.2703,1.0909
2.0258,1.1116
2.4661,1.0628
2.5537,1.0536
2.364,1.0691
1.9474,1.1202
2.4989,1.0625
2.0457,1.113
1.8192,1.1374
1.7982,1.1416
1.9706,1.1177
3.5078,0.93871
2.6478,1.0445
3.0928,0.97927
2.2276,1.089
3.6535,0.92072
1.9191,1.1284
1.8724,1.1331
2.2921,1.0842
2.3203,1.076
1.846,1.1347
2.5501,1.0499
1.9696,1.1184
1.8403,1.1361
2.6133,1.044
2.361,1.0699
2.2413,1.0909
1.9482,1.1278
1.8725,1.1373
1.9222,1.1273
1.9074,1.1299
2.2997,1.0791
2.4956,1.0577
3.2088,0.9578
2.4892,1.0599
2.5566,1.0521
2.9656,1.0039
3.3349,0.94469
2.3705,1.0776
1.793,1.1453
2.142,1.0975
2.3952,1.0664
2.3435,1.0745
2.9373,0.98652
4.2046,0.8878
2.0096,1.1168
3.3406,0.95555
2.7239,1.0349
2.2581,1.087
2.6997,1.0389
2.8097,1.0253
2.6642,1.0428
2.7505,1.034
2.3734,1.0747
2.4572,1.0616
2.5772,1.0502
2.1094,1.1058
2.7049,1.0354
2.4226,1.0666
2.1932,1.0888
2.2575,1.0788
1.9636,1.1199
2.1377,1.0984
2.6615,1.0449
2.2228,1.0896
1.9718,1.1183
2.6928,1.0422
2.6087,1.0392
2.5714,1.0489
2.376,1.0723
3.6618,0.93288
2.5373,1.0504
2.406,1.0658
3.3173,0.95792
2.9414,0.99426
2.3438,1.0746
2.1193,1.0988
2.5036,1.0545
2.3983,1.0731
2.3883,1.0633
2.5168,1.0552
2.7624,1.0352
2.1734,1.0936
3.8415,0.91036
2.2825,1.0811
2.2249,1.0892
2.6846,1.0406
2.7296,1.0352
2.7368,1.0322
2.2082,1.0882
2.833,1.0218
3.2143,0.95307
2.2911,1.0755
2.6748,1.038
2.2386,1.0821
2.9617,1.0103
2.9293,1.0201
3.0329,1.0066
2.4444,1.0569
2.0214,1.108
2.2048,1.0851
2.3912,1.0634
2.9352,1.0136
2.4396,1.0655
2.7511,1.0348
2.3557,1.0707
2.6019,1.0431
2.8762,1.0216
2.5311,1.055
2.8265,1.0226
2.4862,1.059
2.5923,1.0434
2.9438,1.014
2.6746,1.0404
2.8276,1.0251
2.5845,1.0464
2.3278,1.0716
3.0243,1.0028
2.5007,1.0562
2.515,1.0531
2.8516,1.0218
2.6422,1.0396
2.6116,1.0467
2.8468,1.0209
2.7923,1.0272
2.7848,1.0251
2.6843,1.0386
3.6207,0.93845
2.4565,1.0564
3.4772,0.95405
2.7839,1.0275
3.056,0.98119
2.4927,1.0531
2.557,1.0521
2.097,1.0999
2.4654,1.0574
2.8716,1.0231
2.9922,0.98837
2.7796,1.0313
2.2368,1.0842
2.7646,1.0296
3.0467,0.98343
2.6198,1.0367
2.51,1.0542
2.6144,1.0407
2.2781,1.0813
2.5342,1.0475
2.9966,1.0094
3.0353,1.0016
2.5239,1.0514
2.9201,1.0178
3.3725,0.95364
3.5376,0.94451
2.845,1.0204
2.5205,1.0511
2.6939,1.0304
2.7786,1.025
2.6598,1.0393
2.5082,1.0595
2.6311,1.0397
2.8068,1.0223
2.8159,1.0221
2.3525,1.0633
3.0888,0.99758
2.6096,1.0386
3.0842,0.99711
3.0279,1.0051
3.1597,0.98748
3.0082,1.0076
2.8129,1.0238
3.1259,0.99445
2.9567,1.0164
2.6653,1.0436
2.8518,1.0228
3.0765,1.0028
3.3551,0.95806
2.7048,1.0307
3.8142,0.92525
3.1484,0.98984
3.6643,0.93764
3.521,0.94743
3.5096,0.94849
2.9335,1.0117
2.7053,1.0356
2.9293,1.0157
2.9244,1.0155
2.9744,1.0103
2.8129,1.019
2.9261,1.0117
2.8974,1.0135
2.852,1.0183
2.899,1.0153
3.3474,0.97763
2.9711,1.0067
3.312,0.98237
3.1599,0.99359
3.581,0.94589
4.0203,0.91428
3.0123,1.0038
2.7897,1.0248
2.9151,1.0132
2.8696,1.018
2.9339,1.0115
4.3933,0.86843
2.8071,1.0249
2.7955,1.0247
2.7546,1.0299
3.0357,1.0001
2.8563,1.0195
3.0043,1.0015
2.7213,1.0318
2.8328,1.0163
2.5909,1.0419
2.9773,1.0074
2.5654,1.0482
3.0797,0.99858
2.7053,1.0273
3.2331,0.98449
2.5012,1.0514
2.5116,1.0495
3.0898,0.99905
2.5556,1.0484
2.8904,1.0157
3.2592,0.98284
3.1129,0.99979
3.1063,0.99862
3.2465,0.98242
3.1918,0.99012
3.2104,0.98868
3.2676,0.98202
3.1892,0.9895
3.0913,0.99879
3.0301,1.0068
3.2674,0.98792
3.3215,0.98388
3.2575,0.99343
3.0591,1.0076
3.3836,0.98078
2.9067,1.0193
3.3364,0.98741
3.4413,0.97603
3.438,0.97821
3.4381,0.97844
3.3847,0.98545
3.3706,0.98327
4.1213,0.9166
2.8649,1.0276
3.4563,0.97426
4.8234,0.85994
3.2809,0.99117
3.3662,0.98183
3.3295,0.98717
3.3936,0.98126
3.4034,0.97956
3.427,0.97766
3.3334,0.98653
3.3043,0.99001
2.946,1.0173
3.2858,0.99106
3.2781,0.99887
3.3259,0.98403
3.5315,0.96969
4.2347,0.90756
3.3606,0.98706
3.5136,0.97478
3.5274,0.96878
3.4607,0.97727
3.5639,0.96694
4.4286,0.89307
2.9295,1.0204
3.4054,0.98223
3.3328,0.98836
3.5219,0.97395
4.3585,0.91717
3.6946,0.95612
3.4965,0.97534
4.2701,0.91743
3.5366,0.97093
3.4258,0.98177
2.9379,1.0192
3.5344,0.96991
2.9902,1.0127
2.8137,1.0335
3.4161,0.98194
3.6425,0.96258
3.6422,0.96387
2.9383,1.0167
3.5686,0.97108
3.2602,0.99704
3.572,0.96424
3.366,0.9859
4.1718,0.91141
3.4266,0.98126
3.4566,0.97872
3.5003,0.974
2.9025,1.0217
3.2386,0.98556
3.0678,1.0073
3.0691,1.0078
3.0273,1.0128
3.4322,0.97782
3.1429,1.0001
3.2365,0.99004
3.186,0.99732
3.202,0.99413
2.9231,1.022
3.0117,1.0096
3.0084,1.0124
2.9922,1.0125
3.2152,0.99196
3.1189,1.0055
4.1636,0.93107
3.1476,1.0024
3.0019,1.0169
3.277,0.98784
3.1414,0.99854
3.1422,0.9996
3.2395,0.99311
3.0889,1.0063
3.3654,0.98319
3.2866,0.9924
3.4108,0.97769
4.5889,0.87413
3.3444,0.98571
2.8442,1.0267
2.738,1.0421
3.4565,0.9825
3.9184,0.92662
3.2882,0.98632
3.1214,1.006
4.1828,0.89868
3.6747,0.94364
3.3442,0.98666
3.354,0.98854
2.8638,1.0242
3.4474,0.97722
2.7365,1.0383
5.0238,0.84294
2.8512,1.0269
4.1762,0.91046
3.4125,0.98102
3.5867,0.96554
3.4621,0.97362
3.5155,0.97088
3.3676,0.98213
3.2817,0.98563
3.3895,0.97638
3.7109,0.95239
3.381,0.97987
5.4846,0.80493
3.3612,0.98374
3.4113,0.98016
3.605,0.96018
3.4984,0.97175
3.5588,0.9667
3.2966,0.99268
3.6961,0.96079
3.7379,0.95809
2.9218,1.019
3.3751,0.98277
2.7896,1.0325
3.1748,1.0019
3.2574,0.9918
2.7715,1.0355
3.229,0.99536
3.2543,0.99353
3.3056,0.98733
3.4682,0.97325
3.6348,0.96031
3.3863,0.97856
4.3413,0.89925
2.9956,1.0138
2.8791,1.0246
2.9528,1.0182
3.4375,0.98107
3.0436,1.0132
3.518,0.97531
3.4859,0.97155
3.6151,0.96239
3.472,0.97527
5.169,0.83693
2.8238,1.0285
3.5358,0.97086
4.757,0.86705
3.3805,0.98215
4.0688,0.91914
3.3031,0.99396
3.4395,0.97774
3.566,0.96932
3.338,0.98662
4.2846,0.90081
3.0795,1.0008
3.2114,0.991
3.6936,0.95063
3.0812,1.0021
3.599,0.96319
3.1565,0.99824
2.9576,1.015
3.0007,1.0116
3.0969,1.0011
3.3237,0.98909
2.8921,1.0239
2.9114,1.0229
3.2832,0.99247
3.5612,0.97128
3.3346,0.98586
2.8841,1.023
3.39,0.98057
4.1535,0.90964
3.6492,0.96125
3.6578,0.96239
3.5957,0.96382
3.2186,1.0005
3.4278,0.981
3.4581,0.97524
3.3235,0.98566
3.3568,0.98204
3.3383,0.98683
3.4342,0.97603
3.2824,0.98796
3.4875,0.97306
3.4729,0.97283
4.8026,0.86101
3.89,0.94279
3.2087,0.99591
3.4757,0.97391
3.3443,0.9869
4.345,0.90176
4.2541,0.90606
3.5902,0.94737
3.4365,0.97837
2.9294,1.02
4.2314,0.90675
4.1639,0.91139
3.445,0.97965
2.8395,1.0258
2.8509,1.0266
4.2691,0.90459
4.063,0.91569
3.5342,0.96627
3.3548,0.98247
3.3839,0.98191
3.4847,0.97306
2.8998,1.0189
3.4803,0.97313
3.3346,0.98758
3.4392,0.97764
3.2673,0.9929
2.6634,1.0455
3.3856,0.98376
3.4259,0.97841
2.6666,1.043
3.5274,0.95435
3.274,0.99062
3.2978,0.9882
2.6825,1.0437
2.7314,1.0366
3.4136,0.97717
2.8187,1.0271
3.423,0.97694
2.8866,1.023
2.8874,1.023
3.1572,1.0013
3.4405,0.97872
2.6885,1.0442
3.4768,0.95875
2.8197,1.0296
2.8053,1.0319
2.8856,1.0219
2.8713,1.0235
2.904,1.0187
3.7877,0.94966
2.868,1.0233
3.7084,0.95822
2.8367,1.0268
2.7649,1.0305
3.4544,0.97782
3.3644,0.98418
3.9953,0.91964
2.793,1.0349
3.2788,0.99037
3.3825,0.98305
3.4551,0.97405
2.7701,1.0352
2.6687,1.0471
2.9353,1.0138
2.8009,1.0304
3.316,0.98888
3.3263,0.98648
3.652,0.96301
3.2879,0.99245
3.338,0.98522
2.9655,1.015
3.3518,0.98588
3.6808,0.96198
3.4032,0.97929
3.3862,0.98137
3.3548,0.98553
3.8789,0.92643
3.3349,0.984
3.4108,0.97387
3.3236,0.98607
3.4743,0.97424
3.5902,0.96338
3.5807,0.96466
3.7495,0.95406
3.6023,0.96264
4.1517,0.91114
5.5031,0.81429
4.6626,0.88202
4.3708,0.89667
2.9625,1.012
3.4617,0.97389
3.3419,0.98157
3.015,1.0117
3.1173,1.0035
3.3944,0.97957
3.2614,0.99048
3.247,0.99213
3.1891,0.99518
3.2953,0.98674
3.2057,0.99673
3.1512,1.0025
2.6604,1.0428
2.759,1.0315
2.8498,1.0237
2.8033,1.0295
2.7785,1.0291
2.7889,1.0317
2.717,1.0381
3.2147,0.99427
3.5889,0.97029
2.7448,1.0401
2.8047,1.0307
2.8701,1.0267
3.2962,0.99267
3.4007,0.98306
3.3036,0.98925
2.9465,1.0205
2.8621,1.0276
2.8613,1.0243
3.3993,0.98135
3.0183,1.0104
3.0696,1.0044
3.4964,0.97103
3.4475,0.97641
3.4081,0.97984
4.0772,0.9166
4.114,0.9113
3.0306,1.0095
3.2171,0.99593
3.5572,0.97048
3.1441,1.0051
3.3355,0.98795
3.2643,0.99657
3.3319,0.98736
3.1795,0.99976
3.1643,0.99884
3.413,0.97727
3.4361,0.97571
3.395,0.97954
3.335,0.98113
2.7898,1.0288
2.8916,1.018
3.534,0.94747
3.4017,0.98034
2.7804,1.0319
3.3396,0.98644
2.8594,1.0258
3.3115,0.98827
3.4203,0.97784
2.9911,1.0136
3.63,0.96014
3.6321,0.96116
3.3722,0.98115
3.2515,0.99636
2.8507,1.0242
3.2568,0.9911
2.7524,1.0321
2.9594,1.0128
2.8486,1.0236
3.1909,0.99478
2.9163,1.0186
3.3088,0.9892
2.7933,1.0328
2.7882,1.033
4.6447,0.87099
2.8152,1.0286
3.8446,0.94911
2.7412,1.0369
2.7647,1.035
2.6308,1.0531
2.7607,1.0355
2.9026,1.0194
2.8625,1.0223
3.3231,0.98759
3.4515,0.97536
3.5675,0.96363
3.0055,1.0096
2.9333,1.018
3.2639,0.98799
3.2352,0.99218
1.862,1.13
3.0263,1.0129
2.9429,1.0222
3.0755,1.0053
3.0573,1.0072
3.2426,0.99323
3.3506,0.98146
2.8136,1.0253
3.614,0.96026
3.4868,0.97287
3.2585,0.99268
3.4763,0.97244
3.0171,1.0066
3.7291,0.95559
3.3839,0.97821
3.3255,0.98251
3.4467,0.97097
5.093,0.83492
2.6625,1.0395
2.8628,1.0208
2.8574,1.0216
2.8934,1.013
2.6779,1.0374
3.4908,0.96957
2.9605,1.01
2.881,1.0187
3.3921,0.97624
3.4157,0.97362
3.3997,0.97495
2.9261,1.0139
3.3512,0.97946
2.9775,1.0069
3.3717,0.97352
3.2726,0.98161
3.9773,0.91577
2.9586,1.0068
3.1205,0.99329
3.374,0.97092
3.4129,0.96943
3.0947,0.99408
3.3706,0.97359
3.468,0.96381
3.5793,0.95578
3.3369,0.97217
3.363,0.96979
2.852,1.0111
3.8673,0.91911
3.8633,0.9179
3.3306,0.96815
3.3293,0.96802
3.3975,0.96097
3.3163,0.96909
3.1791,0.98104
3.2918,0.97603
3.3973,0.96228
3.4954,0.95508
3.5102,0.95422
3.201,0.97745
3.3251,0.96482
3.1764,0.97895
3.4751,0.95716
3.0704,0.99014
3.1248,0.98148
3.5829,0.94511
3.6326,0.94215
3.7276,0.92641
3.8908,0.91337
3.8862,0.91449
3.443,0.95323
3.4314,0.95567
3.4703,0.94946
3.3289,0.9617
2.9159,0.99342
3.2229,0.97081
2.8415,1.0016
3.5949,0.93022
2.8649,0.9971
3.4558,0.94343
3.6951,0.92715
3.0562,0.97424
3.6555,0.91753
3.2141,0.96965
2.8061,0.99824
3.2324,0.96158
2.9726,0.98221
2.8525,0.99325
2.9228,0.98601
4.3325,0.85228
2.7986,0.99638
3.4676,0.93738
4.0007,0.89161
3.0858,0.9642
4.051,0.87335
3.5996,0.92486
2.7961,0.99298
3.1866,0.96169
3.3225,0.94614
3.3308,0.94415
3.2009,0.95662
3.4678,0.93464
2.8058,0.98639
3.3983,0.94071
3.3581,0.93846
2.8485,0.98115
2.9438,0.96939
3.5672,0.90486
4.2801,0.86647
3.703,0.91725
2.8594,0.97913
2.9494,0.96547
2.9765,0.96226
3.3492,0.9245
3.3523,0.93506
3.4384,0.92485
3.6267,0.9096
3.6463,0.91144
3.9249,0.89028
3.8022,0.89899
3.7273,0.90161
3.4715,0.91971
3.5764,0.91395
3.9121,0.88918
3.2883,0.93097
3.5382,0.91019
3.6042,0.90556
2.9483,0.95585
3.0842,0.94543
2.9405,0.96297
3.1914,0.93578
3.4025,0.91476
3.0541,0.94943
2.9842,0.95603
4.2436,0.85892
3.7417,0.89412
3.4121,0.90798
3.0339,0.94683
3.0312,0.94392
3.6673,0.88066
3.9372,0.87253
3.469,0.89961
3.1026,0.93856
3.3097,0.91389
3.2582,0.91931
3.0658,0.93525
3.4485,0.90555
3.5807,0.89104
3.5523,0.89308
3.7448,0.8858
3.1827,0.92678
3.3664,0.90371
3.5042,0.89669
3.8496,0.86829
3.4532,0.89498
3.3361,0.90344
3.3729,0.90121
3.4916,0.88905
3.4101,0.90122
3.3842,0.9045
3.4244,0.89702
3.285,0.91211
3.4287,0.8941
3.57,0.89643
3.6333,0.88632
3.7281,0.88095
3.504,0.89345
3.599,0.8857
3.5432,0.88965
3.4988,0.89194
3.7039,0.87025
3.5358,0.885
3.4862,0.88596
3.4731,0.88705
3.4599,0.88828
3.2888,0.90565
3.6891,0.87141
3.745,0.86678
3.478,0.8921
3.7754,0.85946
3.7679,0.85942
3.559,0.87878
3.3525,0.89764
3.5949,0.87498
3.6926,0.86432
3.6428,0.86821
3.8071,0.86059
3.5279,0.8839
3.8191,0.85643
3.6684,0.86597
3.8205,0.85521
3.6428,0.87209
3.6641,0.86681
3.668,0.8636
4.108,0.83213
3.8598,0.85343
3.5143,0.87976
3.9,0.84275
3.6433,0.86594
3.2151,0.89438
3.4682,0.87576
3.7963,0.85565
4.0789,0.83506
4.1264,0.8285
4.1844,0.82959
3.6394,0.8652
3.8066,0.84938
3.8969,0.844
3.7584,0.85161
3.5422,0.86342
3.7085,0.8524
4.0158,0.82904
4.2449,0.81247
3.7456,0.84661
3.7452,0.84397
3.6808,0.8496
3.6242,0.85452
4.0277,0.82772
4.3176,0.81184
4.3474,0.80808
3.7873,0.84046
4.396,0.80523
3.5958,0.85277
3.7058,0.84016
3.8845,0.8319
3.9112,0.83006
4.2245,0.80536
4.152,0.81102
3.926,0.82816
3.9596,0.82439
3.9946,0.8231
3.5851,0.85527
3.8656,0.82876
3.7951,0.83548
4.1633,0.80667
3.9549,0.81667
3.796,0.82578
3.709,0.83496
3.8199,0.82866
3.5714,0.84802
3.6054,0.84378
3.7664,0.83154
4.4774,0.79326
3.84,0.82187
3.6241,0.84063
4.0105,0.81237
3.835,0.82534
4.7703,0.77317
3.9352,0.82261
4.0685,0.81323
3.8326,0.82773
4.0852,0.80478
4.221,0.79585
4.8767,0.75958
4.0658,0.80469
3.965,0.81358
4.4513,0.78226
4.7112,0.76699
4.5693,0.77676
3.6814,0.83044
3.6936,0.82896
3.8047,0.82031
3.8352,0.81649
3.728,0.82722
3.6699,0.82977
3.7451,0.8232
3.9278,0.80797
3.8604,0.81027
3.86,0.80698
3.7904,0.8139
3.6969,0.82256
4.1623,0.78171
4.2156,0.78424
3.6856,0.82555
3.5084,0.83968
3.9086,0.80449
4.0724,0.79884
4.0543,0.78927
3.7696,0.81566
4.0148,0.7893
3.8279,0.80819
3.8059,0.81002
4.3618,0.77281
4.0087,0.79388
3.7717,0.81496
3.9218,0.80136
3.9242,0.7981
3.9762,0.79529
3.9492,0.79095
3.7212,0.80991
3.9735,0.79195
4.0567,0.78948
3.9773,0.79584
3.9677,0.79396
4.0071,0.79572
4.1766,0.78523
3.7866,0.80311
3.9388,0.79559
4.1997,0.77423
3.8635,0.80259
4.1593,0.77649
3.9976,0.78752
4.0199,0.78758
3.9538,0.79231
3.9674,0.78985
3.8803,0.79642
4.0872,0.78092
3.7974,0.80383
4.377,0.75294
4.2858,0.763
3.8481,0.7946
4.2898,0.76388
4.5842,0.74699
4.3259,0.76324
4.5003,0.74998
4.4988,0.75095
4.4447,0.7539
4.6203,0.74413
4.4383,0.75418
4.4859,0.75397
4.7404,0.73473
4.222,0.77188
4.595,0.74618
4.4191,0.75758
4.6381,0.7414
4.3148,0.76133
4.5708,0.7444
4.7415,0.73203
4.6267,0.742
4.4614,0.7508
4.592,0.74327
4.411,0.75534
4.1893,0.77275
4.5682,0.74243
4.6341,0.73622
4.5584,0.74078
4.1293,0.77364
4.1651,0.77107
4.0374,0.77671
4.1579,0.77004
4.2424,0.76321
4.175,0.77029
4.1925,0.76881
4.3791,0.75494
6.2825,0.66379
5.9975,0.67981
6.3268,0.66101
6.2822,0.65871
6.2546,0.66408
6.2083,0.66193
5.6727,0.68712
5.6729,0.68597
7.4619,0.61957
7.1653,0.62996
10.087,0.54179
7.2216,0.62448
6.6822,0.63988
6.5519,0.64534
5.4695,0.70009
5.4976,0.70391
6.8053,0.63529
6.0272,0.66864
6.4679,0.65298
6.27,0.66414
7.1723,0.6296
10.573,0.52134
6.3542,0.66367
7.5587,0.61473
7.0721,0.62722
7.5938,0.61274
7.5673,0.61162
7.2495,0.62311
7.523,0.60898
7.5299,0.61003
8.3991,0.58239
8.0312,0.59313
8.2674,0.58188
9.2211,0.55557
7.8898,0.59606
7.0042,0.63028
7.3101,0.62058
7.3996,0.61646
7.2407,0.62381
7.5498,0.61087
7.8017,0.59605
8.0374,0.58637
7.4275,0.60751
8.2841,0.58353
7.7618,0.59647
7.3862,0.61747
6.8904,0.63507
9.312,0.5544
7.299,0.61503
9.012,0.56225
8.0197,0.58894
11.916,0.47291
15.319,0.41713
10.627,0.50519
12.72,0.4624
8.9992,0.5459
9.8676,0.52474
12.435,0.46968
9.576,0.52903
10.87,0.49316
11.326,0.48679
9.8991,0.52558
9.6832,0.53549
10.253,0.51395
11.897,0.46505
13.604,0.43951
11.027,0.48008
10.052,0.513
9.9675,0.51708
9.2602,0.52891
9.2551,0.52159
13.022,0.45254
10.293,0.50867
9.5352,0.50923
10.536,0.49141
10.018,0.50937
11.469,0.48108
11.61,0.46531
10.496,0.49249
11.54,0.46766
11.164,0.47575
9.0577,0.52863
9.5895,0.51317
8.7388,0.53781
9.8934,0.50566
9.2725,0.52156
10.777,0.48903
12.902,0.45713
10.673,0.49752
11.012,0.4853
11.044,0.48463
10.667,0.48962
10.587,0.49512
10.345,0.4959
10.545,0.49385
11.172,0.475
10.767,0.48231
9.8098,0.50704
11.03,0.47634
9.9745,0.50342
11.394,0.47843
11.486,0.46902
11.272,0.47688
9.3453,0.52653
9.7429,0.5131
8.5235,0.53988
8.9381,0.54279
8.7662,0.52721
8.3372,0.54168
9.5937,0.51238
11.441,0.47702
9.7113,0.50417
9.6115,0.50878
8.9426,0.52756
10.032,0.49728
8.6361,0.53707
8.0176,0.56116
9.2654,0.52589
8.3714,0.54211
10.772,0.48984
9.6894,0.52539
11.189,0.48548
10.431,0.508
10.899,0.48237
9.9883,0.49814
9.3702,0.51394
10.202,0.48907
9.611,0.50768
10.616,0.48567
8.7395,0.53416
8.0687,0.55375
9.1266,0.52068
11.245,0.45602
9.5912,0.51304
9.1409,0.52021
9.2571,0.51802
9.1253,0.51467
10.477,0.48752
10.853,0.47674
10.905,0.47809
0.55757,1.1854
9.3695,0.51317
11.298,0.46648
10.722,0.47926
10.687,0.47388
10.198,0.50134
8.1229,0.5588
10.093,0.49556
8.2314,0.55182
8.2965,0.54569
8.8793,0.52358
11.005,0.46779
9.5913,0.49894
8.9022,0.53266
8.8308,0.52845
7.9819,0.56593
9.6521,0.51688
10.237,0.49413
12.502,0.45956
13.207,0.43742
14.084,0.4219
11.311,0.47799
10.004,0.49579
9.441,0.51741
9.5996,0.51544
11.91,0.45818
8.772,0.53805
8.9456,0.53063
6.9906,0.60551
7.9478,0.56111
9.238,0.53374
10.652,0.48763
10.201,0.50509
10.084,0.50617
9.5321,0.52042
10.242,0.50769
10.013,0.50949
8.6608,0.54805
10.133,0.50309
10.898,0.48717
11.037,0.47438
12.625,0.45162
9.9408,0.506
9.1215,0.5178
10.888,0.48042
10.678,0.48383
8.9374,0.53313
13.748,0.43966
11.837,0.46309
10.239,0.49804
10.893,0.48075
11.797,0.46724
12.296,0.45658
11.292,0.48463
10.553,0.50188
12.454,0.44843
10.663,0.49855
10.953,0.49009
11.038,0.48716
10.541,0.49132
11.036,0.47997
12.553,0.45638
8.8449,0.53021
10.727,0.47018
9.3753,0.52173
9.5919,0.51254
11.081,0.48638
9.9528,0.50652
8.6275,0.54328
7.9262,0.56684
10.843,0.49105
11.091,0.48418
10.976,0.47904
10.39,0.49152
11.516,0.47223
9.9748,0.50717
4.3597,0.70691
11.516,0.4744
9.9757,0.51101
8.8954,0.53512
10.825,0.4854
9.3398,0.5186
8.4199,0.54764
10.399,0.49464
9.2022,0.51664
9.1532,0.51962
10.584,0.49105
8.1593,0.5575
12.624,0.45178
9.7846,0.52357
12.196,0.46326
11.359,0.48853
12.831,0.45491
12.639,0.46462
8.7379,0.53975
8.0604,0.56259
8.2429,0.56065
8.1786,0.56265
10.661,0.49396
9.5649,0.51046
12.1,0.46175
14.64,0.41394
12.719,0.44151
11.555,0.48407
12.923,0.45719
11.812,0.4786
10.815,0.49277
9.8756,0.50923
10.223,0.50564
10.056,0.50451
11.066,0.48027
11.531,0.48195
11.877,0.47147
9.4775,0.52668
11.41,0.48812
11.666,0.47738
9.3714,0.52589
10.073,0.507
10.329,0.49943
10.412,0.49688
0.42125,1.283
11.261,0.47656
10.517,0.50107
9.4401,0.52073
9.1228,0.52248
9.0245,0.52611
9.4955,0.51424
9.0782,0.51711
9.2323,0.52684
9.5949,0.52249
9.7387,0.50584
9.7059,0.50035
14.838,0.4144
12.984,0.43526
10.533,0.48972
9.7402,0.50508
8.5822,0.54813
12.21,0.474
13.423,0.44274
14.046,0.4394
9.0903,0.52611
8.8209,0.52732
9.8429,0.51073
9.6866,0.51527
9.8497,0.51141
8.9171,0.54201
10.262,0.49853
12.682,0.45457
8.1429,0.55832
8.7994,0.53516
10.974,0.49124
9.3499,0.52847
8.7774,0.53703
9.1889,0.52823
8.8253,0.54788
8.7692,0.55143
10.614,0.49634
13.211,0.44935
8.7817,0.55001
10.729,0.48802
10.501,0.49058
13.046,0.42571
10.658,0.49947
11.064,0.48827
10.05,0.51398
10.616,0.49767
10.308,0.49734
11.704,0.46075
10.096,0.50609
9.6321,0.5259
10.829,0.48523
10.283,0.49342
10.019,0.50439
10.776,0.49164
9.6181,0.52339
10.3,0.50066
11.322,0.47728
10.433,0.51026
10.412,0.49531
9.0789,0.52658
10.572,0.49629
10.082,0.51338
11.083,0.48543
10.198,0.50869
9.1284,0.52155
9.6812,0.51929
8.4702,0.54653
12.283,0.45673
11.886,0.46878
12.03,0.46325
9.7614,0.51412
9.3619,0.52434
9.5977,0.52068
12.236,0.4612
10.416,0.50112
11.484,0.48006
11.783,0.46825
12.053,0.47449
9.8609,0.51153
10.466,0.49828
10.54,0.5015
8.189,0.56554
7.8077,0.57121
10.999,0.48428
10.582,0.49528
10.325,0.49748
9.0815,0.51945
11.2,0.47654
8.3898,0.54685
10.278,0.49734
12.355,0.46236
9.4564,0.50658
9.6846,0.51565
11.086,0.48481
13.101,0.43975
9.8272,0.51332
14.899,0.39795
14.062,0.43334
13.96,0.41902
9.6672,0.52327
10.74,0.49192
11.555,0.47202
9.9833,0.51021
9.8544,0.51231
9.4168,0.53584
10.5,0.49994
9.4216,0.53425
10.269,0.50938
10.346,0.50618
9.3147,0.52654
10.401,0.50146
7.1529,0.59943
8.0898,0.55728
8.0812,0.56756
8.2999,0.54421
10.759,0.50652
9.32,0.54011
11.369,0.49118
10.637,0.49158
14.037,0.42275
8.6,0.55305
7.9703,0.56035
10.195,0.50318
8.8886,0.53074
8.7887,0.53496
9.3708,0.51488
13.05,0.44352
11.544,0.47514
13.006,0.44617
13.132,0.4462
14.563,0.41375
9.5646,0.51119
10.734,0.49254
9.6066,0.51334
9.1156,0.52342
9.5134,0.51494
14.256,0.41438
12.867,0.44992
9.6855,0.51068
8.6945,0.53479
6.1633,0.63827
10.502,0.50045
10.284,0.50652
10.368,0.50187
8.5296,0.5442
7.8348,0.56835
8.9361,0.52888
9.0958,0.53088
9.5583,0.52011
10.639,0.48612
10.648,0.47997
10.139,0.5046
11.92,0.46393
11.215,0.47398
10.73,0.4861
10.383,0.49469
10.624,0.49341
7.8867,0.57256
10.441,0.49315
8.9054,0.52872
14.048,0.42659
10.893,0.48493
12.204,0.46764
10.9,0.48894
13.211,0.4528
13.453,0.44525
10.071,0.50614
11.114,0.47718
12.183,0.46206
12.592,0.45957
9.3324,0.53128
7.8244,0.56799
8.464,0.54488
2.7364,0.84226
9.74,0.52072
8.6205,0.53952
11.129,0.48049
9.3923,0.52231
10.039,0.50408
10.323,0.4966
9.0331,0.53199
8.1322,0.55647
8.2352,0.55286
8.4228,0.54674
8.4916,0.53817
13.278,0.44534
10.2,0.50205
13.093,0.45034
12.364,0.46093
10.755,0.48098
12.079,0.46862
11.895,0.46922
11.483,0.47776
12.41,0.449
11.529,0.47657
11.045,0.48167
9.4203,0.5157
10.145,0.50223
9.6467,0.51657
10.718,0.4909
10.194,0.50351
10.022,0.50857
10.285,0.50203
8.8225,0.53822
12.053,0.46254
8.3023,0.55374
8.5685,0.54501
9.7267,0.52226
12.039,0.46038
11.04,0.47961
11.4,0.48034
11.472,0.47214
10.823,0.49015
9.3851,0.52463
11.473,0.48065
11.974,0.46533
11.409,0.48159
10.818,0.49075
7.0931,0.59641
11.579,0.4693
11.503,0.4756
9.0846,0.52698
10.639,0.49021
10.321,0.49876
7.8488,0.57056
8.8648,0.53162
10.643,0.49125
8.903,0.53944
8.4526,0.56106
10.507,0.49185
9.0984,0.53552
8.9026,0.53664
9.9969,0.51042
9.5743,0.5213
10.672,0.49022
11.335,0.4815
11.14,0.48376
9.1139,0.52658
10.706,0.48845
10.532,0.4976
8.9892,0.52871
13.463,0.43089
8.9814,0.53445
9.9028,0.51672
8.5931,0.54183
10.87,0.48676
10.683,0.48638
10.475,0.4976
10.436,0.48412
9.3759,0.50924
9.0606,0.52172
10.68,0.4909
10.31,0.49701
9.3662,0.51842
10.466,0.49829
7.2033,0.59506
10.405,0.50947
9.5453,0.5182
13.503,0.43406
7.7784,0.57004
9.3065,0.52571
8.6944,0.53258
9.5262,0.51833
10.094,0.49857
12.319,0.46146
13.153,0.44407
9.189,0.52203
7.4787,0.57942
8.9828,0.53847
7.5741,0.57494
8.608,0.55208
8.579,0.5527
10.478,0.49822
8.3055,0.551
10.693,0.48519
7.8638,0.55764
8.608,0.53173
8.4587,0.53739
8.8938,0.54229
8.9801,0.52838
7.7507,0.57545
8.3141,0.55266
11.629,0.47546
8.2056,0.55357
9.8905,0.50818
9.3215,0.51768
8.5528,0.54134
9.3895,0.52323
9.5379,0.52005
8.501,0.54648
8.1055,0.56074
11.299,0.47996
11.09,0.48543
11.351,0.4764
11.663,0.46547
9.2564,0.53033
9.7823,0.51272
8.2221,0.55533
8.9992,0.53112
10.31,0.49401
8.8872,0.53454
9.0409,0.5314
9.2021,0.52467
11.12,0.47768
8.6796,0.53165
10.261,0.48874
9.8958,0.51204
9.9999,0.508
10.361,0.50062
9.7503,0.51151
8.1167,0.55465
10.898,0.48702
13.238,0.43777
12.456,0.4609
12.925,0.43804
12.101,0.45875
9.1746,0.51976
8.3852,0.54417
9.7757,0.50241
9.0706,0.52286
9.2577,0.52113
9.399,0.51304
12.167,0.45909
9.3338,0.511
10.968,0.48335
12.503,0.4541
10.922,0.48425
9.0896,0.52
10.376,0.49594
8.9525,0.52765
10.45,0.50019
11.218,0.47189
10.855,0.49027
8.6503,0.54484
9.3047,0.51869
14.085,0.41737
8.3798,0.54308
11.674,0.4634
10.331,0.49449
10.215,0.50118
10.767,0.48083
8.0308,0.56492
8.7978,0.54532
9.5745,0.52127
11.182,0.47172
10.959,0.4745
10.647,0.48664
11.722,0.47243
9.5762,0.52297
10.371,0.50479
11.204,0.47735
10.122,0.50257
9.1542,0.5226
10.427,0.49561
10.562,0.49772
10.623,0.49361
11.961,0.46582
9.4062,0.519
8.9137,0.5256
10.382,0.49842
9.0964,0.51639
8.8083,0.53605
10.579,0.49018
9.437,0.51432
11.304,0.48359
9.2564,0.52012
10.61,0.48842
9.6605,0.50382
10.155,0.50461
10.073,0.50608
10.831,0.47681
10.633,0.48516
10.568,0.49246
10.621,0.49086
10.318,0.49547
11.719,0.46254
11.413,0.48003
9.8841,0.50895
12.766,0.45272
12.71,0.4528
11.652,0.47466
11.017,0.4756
10.598,0.48445
11.251,0.46626
13.632,0.4275
11.451,0.46285
9.5816,0.5168
9.7085,0.50858
10.452,0.50108
11.046,0.4868
9.1747,0.53162
11.308,0.4759
8.9458,0.5368
8.5533,0.54041
10.265,0.49369
8.6663,0.53577
9.0871,0.52172
10.304,0.49248
8.9767,0.52719
11.283,0.46777
10.861,0.48215
9.0239,0.52745
12.428,0.45653
11.909,0.46399
8.0719,0.56195
11.077,0.4805
9.8707,0.51435
11.049,0.48391
11.113,0.47575
10.36,0.48817
9.7485,0.51323
10.319,0.49092
10.65,0.48578
8.0498,0.55519
11.184,0.47711
13.007,0.44951
12.992,0.44494
12.829,0.45006
9.318,0.52046
9.6885,0.50073
10.879,0.47811
9.2099,0.51779
9.7363,0.50032
10.327,0.49824
9.6234,0.51688
10.482,0.49381
9.5628,0.51156
9.282,0.52139
10.17,0.50012
9.6852,0.50833
9.1463,0.52262
10.202,0.4939
10.432,0.49477
9.7398,0.51069
13.16,0.43669
10.993,0.49682
11.638,0.47674
8.9278,0.52852
14.271,0.42039
11.141,0.46855
9.5255,0.51522
11.97,0.4695
10.295,0.5016
8.9337,0.53195
9.4629,0.52257
9.8782,0.50904
10.764,0.49296
9.4056,0.51686
11.188,0.47868
11.363,0.46694
13.269,0.43339
10.398,0.48723
11.945,0.44564
10.204,0.50217
8.4366,0.5457
12.419,0.4571
10.391,0.49478
11.119,0.47883
12.192,0.45942
10.327,0.50434
9.9281,0.50038
10.509,0.49779
11.323,0.47724
10.691,0.48347
8.993,0.52656
10.959,0.48167
8.6896,0.53649
10.53,0.4964
11.095,0.48929
11.249,0.48555
8.5604,0.53722
8.404,0.55114
10.049,0.50208
10.135,0.49216
10.125,0.50586
11.571,0.47817
12.021,0.45843
11.823,0.4673
11.533,0.47442
10.764,0.4879
10.746,0.4823
12.213,0.4591
10.244,0.48165
10.125,0.50384
9.6198,0.51472
10.237,0.50374
9.6076,0.51957
10.924,0.47634
10.852,0.48249
9.222,0.52596
10.28,0.48031
10.49,0.48891
10.052,0.48682
7.9631,0.56269
0.40403,1.2676
13.333,0.44293
11.842,0.46592
8.9013,0.53292
12.066,0.46743
13.664,0.44148
12.525,0.45111
9.1317,0.5209
9.2657,0.51575
9.953,0.49965
8.9263,0.52715
12.883,0.4437
9.1131,0.51659
10.084,0.50186
8.8372,0.53265
9.2503,0.51859
8.8171,0.54004
8.4889,0.53927
10.083,0.495
11.04,0.48399
11.599,0.4738
9.6457,0.50989
9.1485,0.52083
9.4253,0.50459
9.6721,0.51809
9.7636,0.50895
11.029,0.48771
10.74,0.49576
8.4205,0.55542
8.6732,0.54114
10.428,0.49303
9.8161,0.5132
12.312,0.4522
10.198,0.49825
9.1749,0.51731
9.2516,0.51943
10.274,0.49113
9.023,0.52606
11.263,0.46741
9.9967,0.50522
9.2461,0.52563
9.4454,0.51621
9.9978,0.50051
10.171,0.50173
12.153,0.45299
9.545,0.50888
11.399,0.46073
10.229,0.5069
10.237,0.50435
9.103,0.52287
8.5301,0.5359
9.0428,0.52692
9.3241,0.51896
10.004,0.49801
8.1728,0.55188
8.6347,0.5336
13.771,0.42887
8.3683,0.54548
8.2754,0.54612
9.9714,0.5044
8.0043,0.56166
11.246,0.48337
11.018,0.48713
11.356,0.47657
9.4421,0.51372
10.711,0.48591
10.892,0.48235
12.406,0.46056
11.558,0.47236
11.879,0.4654
11.346,0.47853
12.25,0.45636
11.212,0.4851
8.6853,0.5339
9.4902,0.5112
9.1569,0.52739
9.2536,0.51527
9.7178,0.51196
10.525,0.48393
10.969,0.48426
10.346,0.49997
10.425,0.49187
11.329,0.47843
12.118,0.46245
12.618,0.44636
9.0352,0.53031
11.861,0.46369
11.739,0.46989
9.5488,0.50989
10.058,0.50102
9.1473,0.52585
11.225,0.47647
10.126,0.49738
9.312,0.51986
11.891,0.4594
9.305,0.51542
9.5092,0.50509
9.7927,0.50643
9.4955,0.50942
9.7116,0.50302
13.48,0.4376
13.493,0.44009
9.2267,0.52115
13.504,0.43054
13.418,0.43983
9.751,0.50279
10.554,0.48245
9.4834,0.51227
9.448,0.51555
8.9062,0.52893
10.396,0.49084
10.708,0.48849
10.506,0.49078
11.888,0.46621
11.208,0.47602
9.0624,0.52932
9.2938,0.52059
9.1763,0.5245
10.711,0.48151
9.6166,0.49545
10.019,0.50683
9.0518,0.5221
8.6821,0.53271
8.5115,0.53743
9.4042,0.52645
11.377,0.4695
9.4825,0.51308
9.2445,0.51517
10.013,0.50729
8.1241,0.55684
10.567,0.48535
9.5303,0.505
10.35,0.49625
8.7749,0.53891
10.089,0.50263
9.477,0.51388
10.516,0.49317
8.8135,0.53173
10.145,0.5004
9.8479,0.50006
12.119,0.45578
11.423,0.48165
11.939,0.46149
10.803,0.48639
10.975,0.48327
9.0396,0.52446
9.0277,0.52798
9.5592,0.51907
8.5287,0.54565
11.558,0.47922
9.1106,0.52185
9.9901,0.49618
9.3142,0.50984
10.237,0.50151
8.3456,0.5481
10.653,0.48328
8.2959,0.55323
8.4197,0.54676
11.914,0.45852
9.2431,0.51666
9.5425,0.51156
8.7652,0.53619
9.1726,0.51356
11.521,0.46867
9.0733,0.53531
11.24,0.47854
12.472,0.43914
11.06,0.47431
11.212,0.47443
8.5865,0.53186
11.96,0.46561
13.14,0.43704
12.115,0.45687
9.3559,0.52634
10.399,0.48688
9.1644,0.51524
10.23,0.48893
9.7372,0.49868
10.262,0.49116
9.7781,0.50529
8.5989,0.53578
8.3112,0.55993
8.9288,0.53581
10.891,0.47935
10.469,0.49024
9.1882,0.5241
9.3595,0.51486
9.5594,0.51222
9.8522,0.50959
8.7738,0.54015
9.6655,0.51523
10.361,0.49812
10.494,0.49474
8.369,0.53895
7.4554,0.56422
7.6043,0.56205
7.5464,0.55613
7.3817,0.57097
10.632,0.48851
9.1919,0.51389
8.9319,0.52186
9.084,0.51848
8.3819,0.5417
8.9885,0.52012
9.9917,0.50337
9.2925,0.51873
9.6858,0.51089
9.9299,0.49181
10.694,0.48645
11.843,0.4619
10.683,0.49222
10.763,0.48683
11.146,0.48406
10.26,0.50248
10.766,0.48829
10.403,0.49216
11.569,0.46795
8.1844,0.5363
7.7847,0.54434
8.2378,0.53052
8.2235,0.52969
11.344,0.46322
11.502,0.46162
9.189,0.51692
8.1302,0.54092
8.4707,0.52959
8.1174,0.53721
10.945,0.47584
8.2544,0.53341
8.3162,0.5297
11.534,0.46664
7.9,0.55003
8.6307,0.52466
7.7482,0.55769
9.0987,0.51931
8.2346,0.53294
8.9603,0.51712
9.1564,0.51047
7.7907,0.54958
8.9238,0.51661
8.2133,0.53272
8.8839,0.51645
8.1245,0.53836
9.7912,0.49953
10.205,0.48442
9.8459,0.4912
9.507,0.50247
8.0877,0.53767
7.9582,0.54294
9.1516,0.51184
8.8724,0.51395
8.5154,0.52443
8.5266,0.51728
9.3706,0.49715
10.488,0.47437
9.6418,0.49619
7.9673,0.54377
8.0967,0.53545
8.994,0.51241
8.9946,0.50972
9.1475,0.50975
8.4443,0.52747
7.8723,0.53851
9.4626,0.50352
8.1379,0.54903
7.5324,0.54162
7.0088,0.56565
8.7108,0.51831
9.4068,0.49787
10.425,0.47001
9.9678,0.47013
7.7755,0.53208
7.1829,0.55915
7.1351,0.56215
6.8408,0.57826
7.2119,0.54906
7.3433,0.55552
7.9166,0.53606
8.0956,0.52719
7.3468,0.54843
7.3346,0.55726
7.1396,0.56751
7.6458,0.55304
7.5173,0.54554
7.7837,0.53578
8.06,0.52561
8.1592,0.52707
6.6904,0.58276
6.6832,0.58432
10.538,0.47717
9.498,0.48753
9.4774,0.49224
9.6528,0.47573
8.163,0.51876
7.7464,0.53421
7.7751,0.53232
11.431,0.45619
8.9557,0.50895
7.7328,0.54241
7.4479,0.54401
8.3999,0.51297
9.2378,0.49606
7.3235,0.54482
8.8597,0.50776
7.1555,0.55101
7.4123,0.54428
7.578,0.54383
10.139,0.47802
9.2799,0.49886
9.9994,0.48515
7.7242,0.53419
7.4947,0.54163
8.0213,0.52016
7.305,0.54658
7.4118,0.53546
10.511,0.45886
8.2872,0.51438
8.061,0.52122
9.82,0.48348
8.58,0.50944
9.6205,0.48292
10.036,0.46639
8.4359,0.50851
8.4574,0.50762
8.3842,0.51214
7.6375,0.54103
8.1333,0.52039
7.5904,0.52723
8.4488,0.51252
0.70633,1.0922
7.5321,0.54228
9.5386,0.47752
9.4325,0.48018
9.0213,0.49353
7.7233,0.53002
7.8081,0.52881
8.3485,0.52384
7.7019,0.53215
7.4314,0.53528
8.2112,0.51359
8.8469,0.4966
9.5306,0.47339
8.9671,0.48996
9.6461,0.48088
8.6944,0.50782
6.7625,0.56101
9.6296,0.48142
7.9099,0.51816
9.6723,0.46928
6.7443,0.56259
9.4596,0.47454
7.1777,0.54087
11.515,0.4468
10.981,0.45402
8.8149,0.4958
8.9086,0.50302
9.5401,0.47767
9.7938,0.47372
9.8673,0.46391
9.9019,0.46805
9.48,0.4818
9.0594,0.49969
9.0736,0.48439
10.519,0.45848
9.925,0.46467
8.889,0.50131
8.309,0.50334
8.9432,0.49637
6.6745,0.55656
7.5181,0.52923
9.9043,0.46895
8.9236,0.49234
9.3427,0.47276
8.2248,0.51615
8.7979,0.49373
8.7719,0.49266
9.4075,0.47755
6.9089,0.5445
6.9442,0.54486
7.8829,0.5279
8.8234,0.49936
8.9575,0.4885
9.3298,0.48043
9.7366,0.46626
8.7272,0.49522
5.7166,0.5946
9.5288,0.47764
8.4562,0.50723
8.6666,0.49522
10.308,0.45674
7.0456,0.5352
9.0522,0.48327
9.1588,0.47902
7.6133,0.51745
6.8363,0.54332
11.772,0.42751
7.0564,0.54357
9.7486,0.46711
8.8726,0.49916
8.3799,0.50378
8.213,0.50967
10.837,0.4486
6.9915,0.53633
9.1461,0.46852
7.7415,0.51352
9.2019,0.47663
8.9376,0.48087
11.125,0.44388
9.2775,0.47997
7.2993,0.52517
6.8172,0.54281
7.2241,0.52959
6.4935,0.55363
5.9586,0.5912
12.069,0.43257
7.0001,0.5324
6.7118,0.54097
6.5038,0.54944
7.2408,0.52678
9.3817,0.47537
7.5234,0.50945
6.7772,0.54211
7.3803,0.51973
9.1262,0.47393
7.615,0.51772
7.4468,0.5193
7.7149,0.51324
6.6316,0.56104
8.7758,0.48647
6.417,0.55518
7.3835,0.51976
8.5639,0.49069
7.1225,0.53308
7.0107,0.53666
7.8926,0.51406
8.2645,0.50122
9.51,0.47057
7.1487,0.53085
7.8244,0.5107
6.3688,0.55464
6.8663,0.53907
6.6447,0.54426
8.7448,0.48365
8.999,0.48062
9.0023,0.4772
8.8792,0.48547
7.0766,0.52985
5.9084,0.58284
10.193,0.45182
9.9194,0.45527
9.2805,0.47141
9.8634,0.44902
8.8547,0.47994
10.095,0.45123
9.9293,0.45571
8.5151,0.49201
8.2851,0.49883
8.8147,0.491
6.9678,0.52508
6.7638,0.53182
8.3341,0.49358
8.8583,0.47341
6.861,0.52886
7.9473,0.50419
9.2292,0.47042
8.9059,0.47457
7.5149,0.51378
8.3813,0.49494
9.3578,0.46298
7.2984,0.52888
8.3169,0.50469
6.838,0.52836
8.1018,0.48879
7.2581,0.52683
9.4942,0.45948
7.4509,0.51131
8.7371,0.48033
8.861,0.47706
6.9144,0.52967
6.7913,0.52587
7.3932,0.50095
8.1085,0.49334
8.2559,0.49274
8.4084,0.48598
10.127,0.45509
9.6589,0.46652
6.4093,0.54601
11.023,0.43155
10.02,0.44458
8.3351,0.48305
7.9637,0.49345
8.449,0.48161
8.346,0.48795
7.0128,0.53029
8.1349,0.48914
8.5138,0.48509
9.1667,0.45881
10.349,0.43159
6.9403,0.51705
8.7433,0.47443
6.6741,0.53416
8.6728,0.47846
9.13,0.4622
9.2576,0.45794
9.3702,0.45476
6.1534,0.54594
6.1572,0.54683
6.2616,0.54555
7.6388,0.50669
8.6382,0.48066
8.9425,0.47287
5.754,0.56368
8.1427,0.48883
7.3749,0.508
8.5029,0.47753
9.0731,0.4678
9.3569,0.46085
6.9276,0.52427
6.8795,0.52545
8.9223,0.47021
9.0573,0.46566
8.7839,0.4678
10.461,0.44748
8.5234,0.48578
7.1261,0.51774
6.9168,0.52308
9.1754,0.46292
7.1864,0.51247
8.8153,0.47417
9.5735,0.4592
8.3966,0.48482
9.1208,0.47632
7.0904,0.51391
6.8065,0.52882
8.6568,0.47247
9.0783,0.4632
9.1113,0.46382
8.0025,0.49944
10.032,0.44696
9.7059,0.45246
8.8132,0.47845
10.826,0.43066
10.583,0.43926
6.4984,0.53931
6.9537,0.52251
7.2068,0.51682
7.4421,0.50425
7.5231,0.50039
7.0019,0.52342
9.3689,0.46121
10.7,0.43312
7.3687,0.50589
8.8567,0.46635
7.0141,0.51807
6.8583,0.52381
6.8102,0.5281
10.384,0.44197
7.0885,0.51826
7.0561,0.51815
7.7119,0.49999
9.461,0.4608
9.2262,0.4656
7.7695,0.49889
6.4924,0.55319
8.6565,0.47963
8.9403,0.47375
10.14,0.43794
9.3,0.46197
9.6458,0.4553
9.3661,0.46427
8.6547,0.48561
8.933,0.4748
9.3989,0.45566
6.3132,0.55091
9.2133,0.46018
9.2,0.4625
10.307,0.44302
6.5217,0.54527
8.1513,0.50183
8.6769,0.49038
6.8154,0.52774
7.22,0.50569
9.7185,0.44848
9.5478,0.45329
9.2467,0.46564
7.2373,0.51735
9.8,0.4564
11.644,0.42626
8.0601,0.4996
7.1444,0.52562
6.2006,0.55095
6.7161,0.52804
6.7164,0.52179
6.8374,0.51891
6.6225,0.52838
6.3188,0.54905
6.5976,0.54005
6.3951,0.54861
7.6407,0.51199
6.3971,0.54421
6.4441,0.53491
8.2166,0.48317
8.7389,0.46753
11.136,0.41833
6.9977,0.52267
6.8495,0.5293
7.1113,0.52422
7.0314,0.52585
7.4275,0.50953
9.0845,0.46578
6.5734,0.53129
10.082,0.44105
8.8449,0.46261
8.7145,0.47634
6.8542,0.52657
8.8336,0.47533
6.8516,0.53005
11.323,0.42398
8.922,0.46688
7.0696,0.51109
0.71359,1.0424
8.4393,0.47996
8.6067,0.47618
9.4354,0.45798
9.4655,0.4584
6.6037,0.54064
10.687,0.44034
5.8606,0.56834
8.7042,0.47739
7.6466,0.50396
6.1654,0.54885
7.5598,0.49994
8.1286,0.49303
6.7061,0.53206
6.6321,0.53515
7.2068,0.52707
8.3104,0.48724
10.163,0.43819
10.184,0.43842
9.0623,0.45783
9.7,0.44995
9.4963,0.45851
8.3866,0.4888
7.3709,0.51955
8.0495,0.5072
8.7474,0.48775
7.8482,0.50454
7.7809,0.50221
7.9109,0.49551
6.6011,0.52526
8.75,0.46936
8.8862,0.47082
9.0354,0.4719
7.8405,0.50251
9.0002,0.46938
8.3089,0.48261
8.4566,0.47803
6.8787,0.52087
7.9195,0.4935
9.0657,0.47087
7.9845,0.4963
7.2327,0.5129
9.1922,0.46608
6.6752,0.53046
6.9402,0.51816
8.4447,0.47745
8.3066,0.48822
9.1657,0.45991
9.0855,0.46717
6.7505,0.53014
7.2841,0.50887
7.0709,0.52011
6.9942,0.52187
8.4018,0.48593
8.7433,0.46979
8.1848,0.48718
8.3242,0.49028
8.9631,0.47324
12.287,0.40299
9.4906,0.45776
8.9703,0.4674
8.6184,0.47938
8.7051,0.48262
7.8707,0.50542
6.9104,0.52486
6.7515,0.52777
6.5369,0.53564
9.6588,0.45539
6.5936,0.55199
7.3315,0.50964
9.2108,0.46372
8.9492,0.46636
7.5624,0.50061
7.684,0.49528
9.094,0.4661
8.7741,0.47315
6.444,0.5446
7.0414,0.52036
6.6282,0.5368
8.5198,0.48161
6.3743,0.55704
8.1391,0.49971
8.3077,0.49304
8.9781,0.47165
6.952,0.52454
9.5243,0.45953
7.3409,0.50917
7.0685,0.51191
10.489,0.43313
8.4904,0.48148
6.8948,0.51901
5.5917,0.57473
7.3822,0.51941
9.8635,0.45117
7.9099,0.49686
8.8658,0.47055
7.9531,0.49369
7.0153,0.51349
7.1058,0.525
7.9664,0.49297
7.947,0.5
0.48673,1.1345
6.6626,0.53562
0.59756,1.1005
9.4481,0.45498
9.3741,0.45977
9.7835,0.44503
6.799,0.52288
6.7746,0.5279
7.1787,0.51642
7.1305,0.52458
10.339,0.44704
6.7373,0.53304
7.8864,0.51532
9.1829,0.45889
7.2565,0.5094
8.8762,0.47587
8.9493,0.46733
9.9701,0.45029
8.9041,0.46881
9.6648,0.44883
9.017,0.46637
8.3839,0.4881
9.684,0.45116
7.3964,0.51963
6.7953,0.52845
9.2507,0.46117
11.784,0.41013
8.9349,0.47487
8.9946,0.47009
8.7893,0.47814
8.1492,0.4918
9.0318,0.46931
8.643,0.48007
6.9383,0.52414
12.053,0.40714
8.6065,0.47555
6.5608,0.53654
6.4267,0.54355
6.7073,0.53108
8.7943,0.47432
9.4729,0.45575
7.846,0.4938
7.8001,0.49487
7.2612,0.51277
9.6472,0.4566
10.502,0.43397
10.03,0.44517
12.115,0.4087
6.1176,0.56321
6.8115,0.5323
8.0629,0.4967
8.7605,0.47805
8.6897,0.47716
7.1048,0.517
6.8279,0.52882
7.2442,0.51448
6.986,0.5226
6.8044,0.53465
8.3561,0.48647
8.9764,0.47568
5.7718,0.57138
6.4291,0.54404
6.4613,0.53739
6.3464,0.54479
6.7551,0.52942
6.5808,0.53529
9.0225,0.47151
8.1508,0.49206
6.4606,0.5445
6.3203,0.54181
8.6267,0.4773
8.0056,0.49279
7.473,0.50979
7.0097,0.52418
6.7935,0.53569
6.7905,0.5292
5.9578,0.57189
6.3334,0.54728
7.9929,0.50049
7.8186,0.50051
10.238,0.4429
9.2585,0.46806
9.7877,0.45504
6.5045,0.5423
7.5301,0.51457
6.9956,0.52242
7.4386,0.5064
7.7141,0.49643
7.5311,0.50511
6.8604,0.53198
7.0588,0.52266
7.7997,0.49712
6.8989,0.52493
6.9338,0.52443
7.1585,0.51613
6.9982,0.52227
7.7255,0.50312
7.1715,0.52088
8.3699,0.48662
6.7853,0.55096
5.5432,0.58251
7.2569,0.51523
7.0908,0.52307
9.7221,0.45532
9.4124,0.46548
6.9138,0.52779
9.3683,0.45938
6.7941,0.53085
6.3962,0.54299
5.8489,0.57163
6.5156,0.54052
6.5452,0.53711
8.1954,0.48883
6.2336,0.547
7.0298,0.51986
6.6172,0.54055
6.3916,0.55382
6.5021,0.54321
6.926,0.5261
6.4104,0.54543
6.5504,0.53595
6.9756,0.52599
6.744,0.53285
5.8909,0.57355
8.7218,0.48556
6.0516,0.56629
9.7543,0.45716
6.6404,0.53555
6.7037,0.53416
6.9196,0.52827
6.4283,0.55019
7.5389,0.50659
6.4985,0.54253
7.2807,0.51766
7.5809,0.50428
9.6766,0.46463
8.3571,0.48554
8.8773,0.46581
9.3257,0.45774
8.3057,0.48334
7.1667,0.51481
11.309,0.42575
8.1495,0.49712
6.0775,0.57488
6.3872,0.54548
6.5645,0.53714
6.7149,0.52919
7.4671,0.50269
6.9006,0.52534
6.45,0.54769
7.8416,0.50722
6.5252,0.54694
6.7497,0.53371
6.4565,0.5402
6.3467,0.55314
7.4316,0.51157
8.312,0.48618
6.5478,0.5373
6.6427,0.53599
10.151,0.45617
7.8677,0.50373
7.9771,0.4986
8.4761,0.48198
8.0576,0.49207
6.0901,0.54558
8.548,0.47929
6.2712,0.55154
7.0265,0.52169
8.5354,0.48601
7.9079,0.49548
8.8493,0.47365
7.0337,0.52476
6.2955,0.55127
7.8957,0.49551
8.453,0.48427
8.6025,0.48068
7.7341,0.50748
6.7436,0.53725
8.1836,0.49484
6.6806,0.53776
7.0584,0.5185
6.9536,0.52251
7.4364,0.51084
7.4177,0.50952
6.9403,0.52709
7.2542,0.51304
6.7723,0.52844
7.3272,0.50505
7.4931,0.49929
6.8976,0.52329
7.4475,0.50283
7.2308,0.51864
6.7625,0.53484
6.6927,0.53689
8.2313,0.48914
7.9916,0.49616
7.8561,0.50307
8.1318,0.49216
7.472,0.51522
7.9163,0.50007
7.8735,0.50587
9.469,0.45824
8.7775,0.47965
7.0192,0.52373
6.8095,0.53615
6.1661,0.57084
6.5549,0.53769
9.3264,0.45943
6.6054,0.5368
6.6016,0.53357
6.9956,0.52544
7.2569,0.51391
7.2946,0.51509
6.7893,0.53323
6.1948,0.55942
7.2487,0.51397
7.267,0.51735
6.4497,0.53822
7.9792,0.50183
7.3796,0.50967
6.6692,0.54346
6.7305,0.52918
6.412,0.545
8.5512,0.4784
7.2584,0.52641
8.1252,0.49955
6.4087,0.54981
7.8779,0.50201
6.311,0.5498
8.0022,0.4855
6.6675,0.54595
8.2861,0.49423
6.6691,0.54795
7.1568,0.51985
7.3484,0.51512
6.4924,0.53687
6.8972,0.52094
7.0937,0.51548
7.2662,0.51165
7.0083,0.52412
5.2207,0.59645
5.9161,0.5707
7.5986,0.51083
7.3997,0.52327
7.5991,0.51039
8.2642,0.48652
8.108,0.49441
7.7236,0.50648
8.13,0.49088
7.5385,0.5142
6.3901,0.5456
6.5156,0.53404
8.0517,0.48975
6.5006,0.53325
8.1116,0.49015
7.5587,0.51139
7.8814,0.50125
6.0537,0.55853
8.2503,0.49354
8.1862,0.48972
7.6972,0.50448
8.241,0.4916
9.5981,0.46382
8.7129,0.48721
5.7949,0.56668
6.1246,0.5554
6.145,0.55335
6.44,0.54267
6.8376,0.52577
8.7314,0.47709
9.5252,0.46195
10.134,0.43895
6.7306,0.53315
9.1285,0.46141
6.7547,0.54131
6.6012,0.54093
9.8478,0.45222
8.746,0.48204
7.1511,0.51863
8.7854,0.47783
9.4739,0.45788
7.4573,0.51179
10.01,0.44316
8.057,0.49106
9.3318,0.46523
8.1977,0.48971
8.8391,0.46994
7.9209,0.49462
6.9192,0.52861
9.4807,0.46079
9.1304,0.46658
8.2823,0.49235
8.382,0.48922
7.7017,0.50797
9.02,0.47362
10.809,0.43566
10.607,0.43934
8.7127,0.48553
8.6747,0.48933
9.1971,0.47086
8.5822,0.49175
6.6445,0.54864
8.0078,0.50698
8.2966,0.4915
6.7977,0.53472
7.3023,0.51733
6.9738,0.52444
6.5142,0.54131
5.7184,0.59151
6.9545,0.52391
11.457,0.42146
6.9411,0.52535
6.0151,0.58053
6.7158,0.53938
5.9776,0.56961
7.0907,0.52334
6.9592,0.52441
6.8923,0.52588
6.8756,0.52624
7.0771,0.52143
7.0169,0.52491
8.557,0.48852
9.0071,0.47328
7.0471,0.5223
7.1107,0.52139
7.9807,0.49569
6.4605,0.54139
6.6763,0.53305
11.125,0.42496
7.9853,0.50608
6.5366,0.54204
8.5745,0.48231
8.1699,0.49336
6.3254,0.54945
6.9285,0.52734
7.8659,0.50366
6.5934,0.53931
8.277,0.49408
7.1635,0.52174
9.2336,0.46726
8.8214,0.47608
6.6349,0.53733
8.2694,0.49304
8.8848,0.47581
8.4686,0.48576
8.0053,0.50059
10.269,0.44603
6.8027,0.53218
7.2859,0.51474
8.626,0.47881
6.7192,0.52927
7.8183,0.51158
9.2125,0.46084
8.3034,0.48261
7.5792,0.49963
8.7406,0.47432
8.4728,0.49051
9.484,0.46798
8.3523,0.49703
8.2364,0.498
6.3214,0.54911
6.6009,0.53485
6.3133,0.54292
7.8955,0.48886
6.6108,0.54066
6.8969,0.53137
6.5353,0.54511
6.5758,0.54166
8.2793,0.48974
6.8297,0.52992
8.9093,0.46556
6.5753,0.53717
6.6377,0.53397
6.6234,0.53424
8.6072,0.48111
6.7913,0.53008
8.5887,0.48771
8.6588,0.4842
7.3107,0.51934
8.8825,0.47619
6.7122,0.53341
9.153,0.46706
0.36599,1.1866
6.8924,0.52588
8.4969,0.4878
6.8671,0.53118
10.94,0.43391
6.8555,0.52978
6.3692,0.54541
6.5764,0.54191
6.5134,0.54695
7.8929,0.50667
7.1614,0.52409
8.2037,0.49278
6.3945,0.54491
8.2603,0.49113
8.2294,0.48881
7.1303,0.51801
6.4123,0.54343
6.633,0.53413
10.523,0.43851
8.4126,0.48858
8.201,0.49326
7.0344,0.5213
9.7568,0.45451
7.0315,0.52368
11.026,0.43092
8.4497,0.4837
6.7569,0.52774
8.0716,0.4897
6.606,0.53175
7.5174,0.50806
7.929,0.51592
7.1719,0.51818
8.9014,0.48079
7.7758,0.50592
6.3052,0.56008
8.8926,0.4786
8.7734,0.47176
6.9829,0.51924
6.8393,0.52443
9.9268,0.44514
7.2553,0.51368
6.6541,0.5392
6.9114,0.53135
8.2273,0.49322
8.7115,0.47739
7.9768,0.49826
8.1632,0.49359
8.3953,0.48717
7.1846,0.53516
8.201,0.49915
8.0966,0.50281
9.0618,0.47152
8.1432,0.49645
9.4733,0.45561
8.7023,0.47493
8.9348,0.46967
6.2807,0.54712
6.0829,0.5557
8.4879,0.48755
10.934,0.43494
9.2378,0.4703
8.1822,0.49324
6.5143,0.53478
7.9489,0.49457
6.9849,0.53572
8.0669,0.49587
7.8094,0.50177
8.4139,0.48629
8.6363,0.47656
6.8844,0.5202
6.4765,0.54233
5.9038,0.56234
7.4402,0.51612
8.8421,0.48074
7.0263,0.5327
6.8558,0.53842
8.1082,0.49374
7.7442,0.50304
8.535,0.48369
7.1806,0.51846
7.2727,0.51973
6.4326,0.54848
6.7767,0.54098
6.4256,0.54877
6.641,0.53878
9.1613,0.46799
6.9095,0.51981
9.103,0.46479
6.7897,0.53187
6.4991,0.53867
6.3137,0.54863
6.514,0.54125
6.5599,0.5373
6.8272,0.52771
6.6789,0.53128
6.333,0.54679
7.469,0.51363
5.9718,0.56275
8.2465,0.49038
6.5597,0.54197
7.8227,0.50424
6.3649,0.55266
7.3879,0.5081
8.1755,0.48968
6.5607,0.54024
8.2015,0.48815
8.2333,0.48807
8.4503,0.47876
7.3522,0.50619
8.9588,0.468
6.5834,0.53797
6.4027,0.54391
8.7872,0.47567
7.1957,0.51202
7.0407,0.52052
6.493,0.53936
0.38474,1.1729
6.7048,0.53509
6.1222,0.5556
0.56262,1.1065
0.35129,1.2053
7.2312,0.51801
7.2454,0.51221
8.7435,0.47157
7.0559,0.51272
9.2141,0.45959
8.4926,0.48071
8.5118,0.48221
8.6213,0.48104
8.4294,0.48832
8.6469,0.47872
8.2849,0.49186
7.9828,0.497
8.8949,0.47486
6.3261,0.55125
6.3759,0.54546
6.1662,0.55686
8.5408,0.488
7.6107,0.50947
7.8249,0.50122
6.6171,0.53875
6.6325,0.53934
6.3535,0.55
6.5419,0.54215
8.3825,0.49191
8.5348,0.48682
11.171,0.42614
8.3502,0.48861
8.132,0.49532
8.4368,0.48747
0.49136,1.1343
6.6654,0.53497
9.5701,0.46318
0.35246,1.1992
8.4051,0.48825
8.6946,0.48018
8.3281,0.48796
8.2253,0.49042
8.8608,0.47683
9.4328,0.45895
10.23,0.44557
9.0004,0.47311
8.7547,0.47435
8.5767,0.48293
9.0111,0.46892
6.3676,0.54563
8.8389,0.4796
8.5133,0.49015
8.946,0.47848
9.5968,0.45663
6.6775,0.53698
6.1968,0.55299
6.138,0.55313
6.3411,0.54847
6.3772,0.54357
6.0588,0.56188
7.3041,0.51375
7.0824,0.52332
6.8757,0.5375
8.1267,0.49345
8.7125,0.47379
8.8938,0.46782
8.7163,0.47728
6.4737,0.54316
10.319,0.45489
8.606,0.49091
6.2912,0.55559
7.752,0.51701
7.9668,0.51629
0.62756,1.0782
8.0027,0.50548
8.5011,0.48797
7.9477,0.50824
6.2304,0.5551
7.9799,0.50388
8.5519,0.4901
8.5946,0.49003
6.5495,0.54735
7.9504,0.51061
7.4561,0.51919
8.3547,0.49607
8.2347,0.49509
7.8071,0.51056
6.4985,0.54751
7.2597,0.5262
7.5029,0.51679
6.506,0.56037
8.0185,0.49942
7.6792,0.50843
7.4891,0.51523
7.6119,0.51019
6.4837,0.5413
8.2571,0.4925
7.8362,0.50719
8.2014,0.49804
7.8795,0.50439
8.5704,0.47493
8.4003,0.48575
6.3173,0.55637
6.7011,0.54048
6.0856,0.57394
7.6445,0.50855
7.2572,0.51107
7.4977,0.49986
6.6429,0.53108
6.6202,0.53676
6.3689,0.55254
8.6443,0.48608
7.6036,0.51408
7.5084,0.50711
7.0837,0.51864
6.8243,0.52706
7.0331,0.52562
6.5477,0.54477
8.369,0.49769
6.9868,0.53426
7.0761,0.54293
7.4299,0.51314
7.0016,0.52564
7.1466,0.52432
6.5043,0.54229
6.5786,0.54131
6.1733,0.56133
6.5658,0.54605
7.9784,0.50244
8.2955,0.49057
6.5592,0.54115
6.3412,0.55231
7.4542,0.51713
7.7203,0.5058
7.8988,0.49859
7.4544,0.51725
7.3832,0.50676
6.2644,0.55331
6.9647,0.52716
9.3967,0.47619
6.962,0.53156
9.9629,0.45234
10.183,0.44656
7.0159,0.52404
9.5573,0.462
6.5934,0.5382
7.2694,0.52483
7.0671,0.54356
0.36422,1.2083
6.37,0.55485
6.5878,0.54572
6.5559,0.54846
6.5622,0.54852
6.8682,0.53381
6.7185,0.54446
6.3835,0.55726
6.7133,0.54328
8.1816,0.50372
6.6976,0.5416
6.4985,0.54186
6.5203,0.54156
8.1517,0.49417
6.8446,0.53207
7.7227,0.50703
10.942,0.43682
6.9349,0.5341
6.5123,0.54647
6.2731,0.56028
7.0427,0.52978
6.7419,0.54038
7.1882,0.52329
6.509,0.55353
6.3837,0.55473
6.9078,0.53363
7.0169,0.52624
8.4854,0.49005
7.972,0.51816
9.0706,0.47434
6.9774,0.52861
8.8059,0.48574
6.7005,0.54159
6.9364,0.53216
6.8259,0.53527
6.6047,0.54265
11.424,0.42873
6.5799,0.54597
6.8123,0.54211
8.1938,0.50148
6.229,0.56317
6.7575,0.54088
6.8243,0.54041
6.2329,0.5617
8.9809,0.48156
8.5797,0.4949
8.0672,0.50864
6.7048,0.54466
6.5001,0.54901
8.7722,0.4867
8.8099,0.47814
7.0841,0.52611
7.3264,0.52061
6.9738,0.53323
6.7845,0.54248
8.3502,0.50221
8.3106,0.50243
7.9125,0.51075
7.2758,0.52159
7.0979,0.52634
8.8123,0.48426
8.4523,0.49534
6.2896,0.56981
9.3035,0.47637
8.4013,0.50198
6.8724,0.54291
8.5824,0.49215
8.626,0.48808
8.9246,0.4804
7.1127,0.53003
5.7089,0.58746
7.9583,0.50775
8.278,0.50008
8.3601,0.49924
8.4674,0.49749
6.9003,0.54487
6.904,0.53815
8.1723,0.50412
7.4089,0.52036
7.1645,0.53046
7.5407,0.51417
7.2901,0.52284
7.0806,0.53056
7.2294,0.52849
9.7073,0.47236
7.294,0.53022
7.0904,0.53436
7.3442,0.52695
8.5766,0.49247
8.127,0.50279
8.2876,0.50171
8.4891,0.49476
7.166,0.53342
7.3633,0.52472
7.3889,0.52514
7.328,0.52951
7.3416,0.52747
8.7402,0.4892
10.29,0.45165
13.569,0.39146
9.1784,0.47979
7.6634,0.52151
9.7181,0.46864
7.2961,0.5328
9.0276,0.48737
7.5465,0.53024
8.7493,0.49994
7.1313,0.54726
7.5619,0.52994
7.3524,0.52773
10.776,0.43881
10.691,0.43878
9.9357,0.45794
8.6682,0.49844
9.1811,0.48926
8.9094,0.49426
7.2532,0.53891
8.521,0.49852
9.319,0.48206
8.3205,0.50816
7.0354,0.55131
7.0609,0.54656
7.0264,0.54499
8.3978,0.49992
7.1989,0.53311
7.345,0.5322
7.6129,0.52285
7.7974,0.52072
9.4171,0.47407
11.401,0.44153
7.2457,0.53814
6.8391,0.55353
9.0504,0.49167
7.763,0.52129
7.7828,0.5257
9.2058,0.48492
7.6032,0.52417
7.6878,0.525
7.4518,0.53112
7.7917,0.52271
8.1498,0.51661
7.5062,0.53172
7.7951,0.52705
7.5728,0.52892
9.7021,0.47528
8.0878,0.51494
7.9818,0.51158
7.7366,0.52347
7.5112,0.53073
7.4454,0.53233
7.4475,0.53062
7.5307,0.52787
7.5861,0.52287
9.3243,0.48841
9.6962,0.47292
8.4827,0.50987
8.138,0.51422
8.5867,0.50435
7.8249,0.52605
8.5568,0.50411
7.6637,0.53224
7.3986,0.54043
8.4339,0.51
11.107,0.45018
9.0075,0.49701
8.0738,0.52189
8.4125,0.51541
7.4161,0.53637
7.8225,0.53006
8.2656,0.51567
7.8138,0.52346
7.8817,0.52617
7.1054,0.549
7.5588,0.53363
7.6459,0.53569
9.2694,0.49123
8.5449,0.50856
8.7076,0.50053
9.1573,0.48679
7.4119,0.5354
7.7983,0.52058
7.2714,0.54428
10.323,0.47057
10.866,0.4581
11.338,0.44662
9.9045,0.48472
10.23,0.47043
11.449,0.44345
10.669,0.46288
11.378,0.44672
11.701,0.44015
11.769,0.43816
10.967,0.45869
11.654,0.43947
9.8245,0.48361
7.1611,0.55155
8.6122,0.50929
11.049,0.46108
8.5447,0.51402
11.147,0.45878
8.1119,0.5255
11.936,0.43989
9.5499,0.48852
9.4421,0.48829
11.872,0.44042
8.1528,0.51771
7.4126,0.55748
6.9611,0.56271
7.1058,0.55634
7.4831,0.54202
11.064,0.46133
10.202,0.47682
9.2395,0.49397
10.003,0.47441
9.9055,0.4769
9.4329,0.49134
9.0613,0.49983
9.3506,0.49964
7.7711,0.53452
9.8601,0.48143
9.3417,0.49289
9.7739,0.48193
10.053,0.47253
8.9473,0.50704
9.1694,0.49815
9.4123,0.49416
9.8524,0.48163
9.9971,0.48064
9.7152,0.48453
9.5729,0.48954
8.9279,0.5083
8.0526,0.52399
9.3634,0.49409
8.3718,0.52603
8.8211,0.51361
8.1984,0.5289
6.2687,0.59805
8.5326,0.51771
9.1194,0.50427
8.7185,0.51396
7.843,0.53026
9.3193,0.49691
7.4071,0.54278
7.7734,0.53296
7.5972,0.54501
8.7418,0.51367
9.9681,0.48443
8.5347,0.52391
9.7365,0.49221
8.566,0.52411
8.6608,0.52143
8.0111,0.54064
9.1529,0.50101
7.9114,0.53368
8.3234,0.51948
8.9874,0.5048
8.719,0.51603
8.5136,0.51761
8.8642,0.51024
9.1795,0.50013
9.7506,0.49071
7.4228,0.55452
8.0241,0.52895
10.642,0.47571
8.7091,0.52084
8.7609,0.5153
8.3705,0.521
8.2206,0.52836
8.1712,0.53123
8.3127,0.52563
8.839,0.51318
8.8322,0.51268
7.8492,0.53448
8.2213,0.52523
7.932,0.53542
8.3608,0.53062
8.4474,0.53064
8.4393,0.5279
9.4932,0.50234
8.988,0.51333
7.3353,0.56864
7.8149,0.5364
9.0063,0.50676
8.9089,0.51158
9.526,0.49707
9.3627,0.50156
9.543,0.50344
9.3591,0.50764
8.4548,0.53153
9.2763,0.50918
8.7439,0.51984
8.6129,0.52804
9.5214,0.49857
7.9116,0.54008
9.9922,0.48934
9.8334,0.49212
10.317,0.48266
9.1299,0.51661
9.214,0.52049
9.3973,0.51236
9.9978,0.49374
9.6911,0.50274
8.6123,0.52226
10.866,0.47136
8.3577,0.52774
8.8448,0.51257
9.6314,0.50197
8.8723,0.51579
9.4663,0.50478
8.2826,0.53132
9.6419,0.50112
10.082,0.49165
8.8752,0.52325
8.4388,0.54056
9.219,0.51774
8.7866,0.52605
8.1926,0.53715
8.4034,0.53432
9.2914,0.51437
8.146,0.53892
9.098,0.52198
9.4119,0.51198
9.2681,0.51716
9.0634,0.52549
9.7514,0.50654
9.2416,0.51958
9.44,0.51572
10.084,0.49758
9.3318,0.5119
9.5031,0.51171
9.6298,0.50789
9.7462,0.50416
9.2553,0.51638
9.6081,0.51162
8.9594,0.52206
9.7628,0.50856
9.6833,0.50861
9.8027,0.50325
9.1576,0.52298
9.6242,0.50435
9.891,0.50018
9.4448,0.51298
9.2792,0.52156
8.837,0.53095
9.0844,0.52491
8.0213,0.54825
8.278,0.55207
8.7525,0.53266
8.5536,0.54123
9.9863,0.50382
9.7884,0.50926
10.159,0.49585
10.032,0.50224
9.817,0.50577
8.3489,0.54805
10.047,0.50377
9.6218,0.51798
9.7737,0.51245
10.291,0.50231
10.282,0.49777
9.1307,0.52753
10.518,0.4962
9.5951,0.51881
9.9886,0.50171
10.246,0.4951
10.332,0.49426
9.3898,0.51729
9.6019,0.51267
9.118,0.5209
9.0821,0.52887
10.01,0.50249
9.8865,0.51082
12.065,0.46487
10.073,0.50221
9.2744,0.5206
10.064,0.5057
9.4258,0.52229
10.161,0.50402
9.5109,0.52087
9.3067,0.52469
8.579,0.54697
9.2132,0.52629
10.691,0.49164
9.1411,0.53273
9.5635,0.51866
9.024,0.53312
9.7493,0.51673
10.723,0.49002
10.566,0.49343
9.8673,0.50721
9.6507,0.51172
10.513,0.49022
9.9257,0.50676
9.7298,0.51352
9.5262,0.52142
9.7418,0.51382
9.7426,0.5176
12.386,0.46209
10.17,0.50451
9.5732,0.51604
9.283,0.52513
9.4407,0.51687
10.73,0.48933
9.8585,0.50781
8.9629,0.53659
10.183,0.50561
11.428,0.48212
10.407,0.5009
9.4812,0.52101
9.7369,0.51763
9.6673,0.51545
9.9542,0.51072
10.203,0.50623
10.116,0.50898
10.041,0.51195
10.206,0.50811
9.4945,0.52336
10.117,0.51095
9.7592,0.51972
10.05,0.51237
10.354,0.50306
11.061,0.48671
9.3003,0.52401
10.359,0.50273
11.232,0.48457
10.623,0.49861
10.513,0.49866
10.281,0.50149
10.611,0.49655
9.6546,0.51881
10.571,0.49715
10.039,0.5093
10.227,0.50741
9.7957,0.5176
10.047,0.51597
10.383,0.5017
9.7224,0.51664
9.4294,0.52175
9.3791,0.52321
8.2519,0.55603
8.8092,0.54453
10.158,0.50851
10.622,0.49794
10.191,0.51006
10.469,0.50235
10.69,0.49824
9.4875,0.53103
10.369,0.50747
8.9353,0.54213
9.8334,0.51894
9.9596,0.51451
9.8302,0.5174
10.277,0.5044
11.455,0.4842
9.1684,0.53482
9.9982,0.51438
11.031,0.49338
12.312,0.46702
9.6419,0.51727
9.4452,0.5301
9.0069,0.53934
11.196,0.48726
11.254,0.48781
11.132,0.49032
11.681,0.47716
11.763,0.47614
11.278,0.4878
11.59,0.48011
12.48,0.46327
10.741,0.49969
12.471,0.46621
12.541,0.46795
11.782,0.47522
11.966,0.48381
11.358,0.49492
10.349,0.50816
9.9819,0.52078
10.477,0.5057
10.72,0.49964
11.033,0.49866
10.643,0.50476
10.426,0.50817
13.468,0.45236
12.726,0.46506
12.812,0.46382
3.4671,0.78636
10.344,0.50868
11.361,0.49594
10.959,0.494
14.119,0.43942
10.638,0.50456
9.9062,0.52135
12.837,0.46162
10.741,0.50318
11.683,0.47999
12.238,0.46754
11.531,0.48799
12.734,0.46543
11.227,0.49232
12.144,0.47184
11.1,0.49386
12.106,0.4709
11.466,0.4839
11.11,0.49361
9.9627,0.51742
9.7212,0.5239
11.705,0.48053
9.8891,0.5223
12.689,0.46636
11.052,0.49999
12.324,0.47455
10.967,0.49869
12.529,0.47058
12.018,0.48015
12.269,0.4775
10.31,0.51121
12.224,0.47567
10.994,0.49809
10.651,0.50799
10.944,0.50217
11.478,0.49175
10.464,0.50576
10.769,0.50527
10.656,0.51015
10.176,0.51783
12.517,0.47598
12.821,0.46726
12.667,0.46788
12.771,0.4681
12.792,0.46918
12.548,0.47446
10.012,0.52517
11.065,0.5016
11.03,0.49801
10.578,0.50957
11.674,0.48265
11.263,0.49172
11.473,0.48787
12.643,0.47124
10.372,0.51484
10.66,0.50454
10.226,0.51751
10.782,0.5046
11.163,0.49815
11.502,0.48877
10.053,0.52392
11.103,0.49828
11.208,0.49693
10.733,0.50921
11.661,0.48955
10.519,0.51677
11.398,0.48959
10.898,0.50235
11.596,0.486
10.665,0.50347
10.726,0.50493
10.097,0.52292
10.872,0.50264
12.185,0.47576
11.382,0.49483
11.104,0.50343
11.243,0.49537
10.935,0.50498
10.478,0.51537
10.942,0.50076
11.585,0.48685
11.739,0.48355
11.399,0.48631
10.365,0.51199
12.59,0.47251
9.13,0.55035
10.403,0.51437
11.818,0.48817
12.986,0.46537
13.811,0.4499
12.015,0.48322
11.852,0.48844
10.507,0.51467
10.255,0.5187
11.12,0.49947
10.645,0.51226
9.4407,0.54161
9.8678,0.52493
9.6512,0.53665
10.692,0.50915
11.197,0.49771
12.562,0.47442
12.783,0.46573
10.985,0.50547
11.542,0.49194
11.324,0.49831
10.395,0.51593
11.103,0.50158
11.881,0.4822
11.679,0.48438
11.391,0.49282
11.208,0.49819
12.461,0.47022
10.43,0.51604
10.484,0.51875
11.094,0.505
10.974,0.50546
10.635,0.50714
12.387,0.47623
11.439,0.49333
9.4161,0.53879
11.529,0.4907
11.687,0.48724
11.181,0.50038
10.982,0.50601
10.538,0.51513
11.216,0.50374
9.6231,0.53828
11.075,0.50434
11.838,0.4837
13.287,0.4633
14.915,0.43889
12.369,0.47499
11.569,0.49489
10.597,0.51368
10.853,0.50949
12.143,0.47927
11.033,0.50485
13.783,0.45366
12.195,0.48051
13.137,0.46694
11.325,0.49815
11.736,0.49216
12.051,0.48595
12.052,0.48648
11.894,0.48717
11.659,0.49162
11.642,0.48806
11.18,0.5027
11.641,0.49343
10.543,0.5173
12.516,0.4794
12.055,0.49059
11.38,0.49816
10.07,0.52676
11.307,0.50157
11.02,0.50953
12.896,0.47172
11.367,0.50143
11.633,0.49665
9.847,0.53081
10.349,0.5227
11.614,0.49531
10.068,0.53206
9.9924,0.52812
10.4,0.52169
10.008,0.53169
10.466,0.51899
10.886,0.50814
10.26,0.52319
10.647,0.51292
11.534,0.49535
14.031,0.44383
10.183,0.52218
10.133,0.52211
10.047,0.52406
12.513,0.48038
10.739,0.51501
12.231,0.48223
10.838,0.51091
14.35,0.4487
10.186,0.52395
11.044,0.51035
11.833,0.49241
10.987,0.51118
9.8111,0.53786
11.233,0.50428
10.4,0.52338
11.452,0.5033
10.728,0.51532
11.146,0.50633
11.959,0.4869
13.497,0.46553
14.484,0.44777
13.583,0.46357
13.367,0.46767
12.804,0.4876
14.103,0.459
14.389,0.45147
10.481,0.52265
11.056,0.51028
12.685,0.48804
11.577,0.50069
14.249,0.45069
12.189,0.48656
11.317,0.50691
13.116,0.47134
13.761,0.46215
11.422,0.50182
10.162,0.52653
12.073,0.48738
11.106,0.50776
12.078,0.48698
12.489,0.47884
10.911,0.5111
11.209,0.5132
10.925,0.51636
11.133,0.50669
11.294,0.50385
11.321,0.50563
12.08,0.48761
11.742,0.49546
10.741,0.52046
11.462,0.5008
10.511,0.52167
11.917,0.50101
12.756,0.48712
11.388,0.50631
12.953,0.47897
13.077,0.46853
11.974,0.49938
13.492,0.46651
14.166,0.45234
12.672,0.4865
13.105,0.4788
11.856,0.49475
10.279,0.52955
10.244,0.53086
10.311,0.52754
10.064,0.53298
13.903,0.46567
13.506,0.46651
9.764,0.54079
11.256,0.50859
13.051,0.47816
10.697,0.52839
12.56,0.48551
10.092,0.53255
11.098,0.51261
11.41,0.50682
11.238,0.50786
12.373,0.48363
11.82,0.49731
11.669,0.49891
13.817,0.46284
14.144,0.45378
13.88,0.45848
14.077,0.4569
13.939,0.46042
14.778,0.44779
