3.5681,1.1246
7.506,0.81337
10.471,0.67073
8.2467,0.77638
7.4525,0.811
9.1943,0.72439
8.5108,0.7584
8.0088,0.78541
6.4341,0.87269
6.4125,0.8753
4.6406,1.0079
3.3415,1.1421
3.8882,1.0841
4.311,1.0407
4.5314,1.0198
3.2445,1.1537
4.1977,1.0502
4.0241,1.0621
5.2669,0.96016
3.828,1.0859
3.9606,1.0786
4.0222,1.0712
4.1669,1.0569
3.4202,1.1374
8.8456,0.73731
6.1759,0.89198
5.8279,0.9157
7.6176,0.79552
9.6399,0.70037
7.4401,0.8131
7.3144,0.81613
6.1457,0.88524
5.8928,0.90377
5.6649,0.92108
7.5683,0.79991
7.2529,0.81811
6.7607,0.84931
5.6337,0.92968
5.8391,0.92011
4.7878,0.99539
8.1823,0.77806
7.7817,0.80033
9.0869,0.72976
7.6763,0.80422
7.224,0.8221
9.038,0.73104
9.1755,0.71392
3.2241,1.1489
5.2444,0.9524
4.6965,1.0021
4.4805,1.0215
4.8379,0.9902
4.1863,1.0494
4.1126,1.0554
3.6549,1.1048
3.9615,1.0707
7.1528,0.83154
5.6093,0.93024
5.4578,0.94362
6.5869,0.85712
4.7231,1.008
6.637,0.86383
4.8591,0.98781
4.6786,1.0036
7.4773,0.80189
6.2606,0.88175
6.3281,0.88152
5.9981,0.90041
6.9786,0.83499
6.8618,0.84383
7.8459,0.78588
7.756,0.79282
6.6061,0.85357
7.2228,0.81582
6.5853,0.85834
6.5795,0.85951
6.0942,0.89431
5.2867,0.953
6.3283,0.87703
5.066,0.97074
6.2834,0.8777
8.1693,0.76766
7.0633,0.82629
7.4094,0.81049
7.2709,0.81677
5.9286,0.89675
6.0214,0.89416
5.4023,0.93642
7.2264,0.81519
5.8429,0.90653
5.6937,0.91918
8.1946,0.76585
7.3205,0.81777
5.7977,0.91005
6.9357,0.83838
5.6034,0.91666
6.0584,0.88771
5.9802,0.89016
5.3792,0.9321
6.779,0.83937
5.7975,0.90652
5.6027,0.91725
6.2702,0.86843
6.3185,0.87001
7.3812,0.80758
6.5348,0.85656
7.2261,0.81687
6.4036,0.86
6.1768,0.87605
6.3966,0.86285
5.8554,0.89572
6.6078,0.84325
5.8916,0.89846
6.3856,0.86465
5.8922,0.89624
6.9756,0.82175
7.0304,0.82127
6.3109,0.86433
6.3107,0.86851
8.1322,0.76533
7.2387,0.81343
6.5587,0.84951
6.9435,0.82936
7.2647,0.80696
7.1284,0.81773
2.2493,1.1243
6.8682,0.82554
7.2414,0.8085
7.1918,0.80957
7.0238,0.81748
7.231,0.80825
7.1405,0.8144
7.0657,0.81585
8.228,0.75669
7.2324,0.8046
7.2506,0.805
2.2199,1.1176
7.6699,0.78154
7.253,0.80637
7.5405,0.7922
7.9025,0.76577
2.1078,1.1305
7.5545,0.79081
8.0782,0.75576
8.4415,0.7349
9.0598,0.71403
7.9419,0.76691
7.4919,0.78703
7.6936,0.77422
8.118,0.75628
7.8171,0.77734
7.8765,0.7676
7.8534,0.76821
8.1813,0.75393
7.9253,0.76572
8.3768,0.74615
8.1122,0.75863
7.9721,0.76286
8.4001,0.73933
8.3581,0.74653
8.0727,0.76004
8.3823,0.74317
8.4433,0.74354
8.6285,0.73249
8.1455,0.75091
8.3489,0.741
8.6887,0.7327
8.9374,0.71843
8.4096,0.73894
8.3562,0.74183
9.2268,0.71236
10.072,0.68747
10.183,0.67659
11.151,0.64829
11.004,0.65364
10.404,0.66621
10.199,0.67463
10.111,0.68164
9.7653,0.69291
9.7009,0.69161
11.287,0.64534
10.628,0.66907
9.8523,0.6887
10.693,0.66842
9.9844,0.68622
10.33,0.67725
10.507,0.67044
10.951,0.65194
10.726,0.66091
10.764,0.65987
10.452,0.66745
10.31,0.67761
9.7764,0.6914
10.306,0.67527
10.995,0.64807
10.492,0.6657
10.079,0.68266
10.414,0.66836
10.513,0.66289
10.316,0.67219
10.313,0.67152
10.768,0.65797
10.648,0.66127
11.029,0.64721
10.729,0.65899
10.577,0.66415
10.855,0.65853
10.911,0.65545
11.568,0.63441
11.459,0.63747
11.147,0.64871
11.088,0.65037
11.119,0.64886
11.758,0.62844
11.597,0.63485
11.972,0.61831
11.522,0.62884
11.794,0.61751
11.975,0.61675
11.632,0.62747
11.599,0.62862
11.379,0.63795
12.283,0.60327
11.266,0.63934
11.147,0.64359
11.194,0.64328
11.811,0.62628
11.889,0.6236
12.621,0.60175
12.881,0.59752
12.448,0.60485
12.785,0.59797
13.213,0.58296
12.485,0.60715
12.329,0.6113
12.715,0.59697
11.902,0.61998
11.917,0.62013
11.744,0.62572
11.249,0.64065
12.333,0.60577
12.867,0.59689
12.234,0.61288
12.057,0.61752
11.656,0.62987
11.827,0.6231
12.076,0.61727
12.014,0.61993
12.191,0.61264
12.172,0.61248
12.385,0.60545
12.331,0.6075
12.77,0.59714
13.045,0.58598
10.268,0.66232
12.206,0.60965
12.001,0.61737
12.492,0.60025
12.415,0.60245
12.097,0.61286
12.456,0.60541
12.34,0.60414
12.922,0.58892
12.57,0.60122
12.272,0.61153
12.3,0.6107
12.843,0.59552
12.833,0.59637
13.103,0.58759
12.8,0.59774
12.868,0.59393
13.068,0.58791
12.691,0.60094
12.939,0.59086
12.588,0.59845
12.683,0.59972
12.852,0.59588
12.947,0.59063
12.426,0.60164
11.773,0.62131
12.474,0.60163
12.262,0.60976
12.436,0.60318
12.588,0.60203
12.678,0.5983
13.006,0.5916
12.53,0.60183
12.584,0.60029
13.108,0.58699
13.393,0.57663
12.578,0.59874
13.074,0.5878
12.983,0.58861
13.315,0.57882
13.242,0.58053
13.163,0.58511
13.14,0.58694
12.953,0.59215
13.357,0.57881
12.905,0.59254
13.03,0.58966
13.704,0.56707
13.171,0.58283
13.151,0.5834
13.552,0.57595
12.728,0.59301
13.323,0.57827
13.641,0.57259
13.058,0.58642
13.513,0.57656
13.626,0.5732
13.39,0.57947
13.503,0.57706
12.951,0.59049
13.483,0.57806
12.819,0.59224
13.135,0.5865
13.226,0.58462
13.316,0.58165
13.231,0.58438
13.139,0.58722
13.112,0.58683
13.846,0.56912
13.128,0.58702
13.772,0.57011
13.625,0.57416
13.206,0.58294
13.872,0.56768
12.836,0.59269
13.317,0.58074
13.213,0.58123
12.924,0.58789
13.314,0.57946
13.371,0.5799
13.491,0.57748
13.623,0.57365
13.673,0.57447
13.704,0.57457
13.83,0.567
13.581,0.577
14.081,0.56531
14.016,0.56792
13.931,0.5673
13.382,0.57992
13.836,0.56967
13.487,0.57703
13.567,0.57648
13.716,0.57075
14.599,0.54737
14.227,0.55917
13.949,0.56593
14.136,0.56059
13.421,0.57777
14.095,0.56035
13.834,0.5699
13.846,0.56788
13.811,0.56939
13.957,0.56414
13.745,0.57116
13.977,0.56346
13.705,0.57237
13.464,0.57778
13.713,0.57027
13.781,0.56846
13.818,0.56658
13.348,0.58043
13.941,0.56661
13.88,0.5648
13.757,0.56979
14.005,0.56282
13.499,0.57614
13.042,0.58747
13.553,0.57505
13.542,0.57676
13.678,0.57183
13.726,0.56928
13.159,0.58338
14.057,0.56316
13.746,0.56953
13.811,0.56852
14.034,0.56226
13.631,0.57439
13.785,0.56892
13.884,0.56561
13.763,0.56867
13.74,0.57125
13.775,0.56851
13.669,0.57169
13.726,0.57051
13.843,0.56706
13.663,0.57226
13.741,0.56868
13.628,0.57362
14.123,0.56141
13.487,0.57653
13.747,0.5707
13.722,0.57054
13.524,0.57494
13.22,0.5798
13.234,0.58142
13.834,0.57015
13.533,0.57408
13.465,0.57558
13.903,0.56704
13.828,0.56785
13.606,0.56933
13.554,0.57446
13.529,0.57325
14.141,0.56001
14.24,0.55701
13.532,0.57397
13.977,0.5641
13.834,0.56839
14.045,0.56096
13.684,0.57296
13.769,0.56995
13.75,0.57059
13.766,0.56734
13.903,0.563
13.741,0.56913
13.708,0.56861
13.639,0.57378
13.587,0.57351
13.341,0.57851
13.834,0.56622
13.515,0.57651
13.53,0.57523
13.433,0.57835
13.731,0.57166
13.664,0.57044
13.493,0.57558
13.506,0.5742
13.492,0.57569
13.413,0.5783
13.492,0.57554
13.094,0.58562
13.43,0.57562
13.256,0.58045
13.132,0.58367
13.01,0.58689
13.165,0.58333
13.709,0.57156
13.744,0.56749
13.133,0.58447
13.286,0.57772
13.357,0.57612
13.463,0.57499
13.94,0.55838
13.617,0.56842
13.435,0.57541
13.538,0.57238
13.506,0.57228
13.385,0.57647
13.262,0.57965
13.573,0.57008
13.639,0.56943
13.728,0.56596
14.048,0.55778
13.202,0.5807
13.82,0.56588
14.052,0.55748
13.469,0.57056
13.358,0.5756
13.889,0.56252
13.858,0.56306
13.486,0.57394
13.808,0.56665
13.574,0.57019
13.177,0.58243
13.015,0.58533
12.933,0.58639
13.014,0.58341
14.2,0.54882
13.881,0.56112
13.088,0.58348
13.783,0.5624
13.893,0.56154
13.281,0.57646
13.837,0.56336
13.262,0.57844
13.562,0.56962
13.969,0.55898
13.495,0.56913
13.559,0.57297
13.453,0.56989
13.523,0.56864
13.089,0.58246
13.799,0.56581
13.791,0.56812
13.504,0.57575
13.554,0.5703
13.113,0.58276
13.757,0.56201
14.548,0.54612
13.376,0.57538
12.952,0.58818
13.667,0.56683
13.231,0.57871
12.957,0.58753
13.949,0.55677
13.784,0.56053
13.783,0.56522
14.018,0.55609
14.037,0.55592
13.76,0.56858
13.542,0.57145
13.342,0.57749
13.692,0.56835
13.457,0.57467
13.307,0.57858
13.706,0.56517
13.07,0.5833
13.486,0.57189
13.606,0.56839
13.663,0.56735
13.783,0.56117
14.217,0.55532
13.338,0.57647
13.379,0.5747
13.662,0.56719
13.528,0.57114
12.893,0.58772
13.202,0.57726
13.744,0.56711
13.128,0.58169
13.723,0.56701
13.843,0.56187
13.065,0.58383
13.656,0.5667
13.953,0.55421
13.597,0.56922
13.434,0.57307
13.733,0.5642
13.816,0.56384
13.528,0.56784
14.038,0.55909
13.309,0.57782
13.188,0.57805
13.503,0.56755
13.575,0.57179
13.597,0.57088
13.352,0.57868
13.607,0.56962
13.272,0.58032
12.783,0.59144
13.551,0.57137
13.41,0.57559
13.106,0.58396
13.183,0.58142
13.161,0.5828
13.127,0.58258
12.625,0.5944
13.193,0.57684
13.107,0.58227
13.23,0.57794
13.105,0.5829
13.147,0.58007
13.16,0.58018
13.195,0.58001
13.22,0.57777
13.304,0.57593
13.616,0.57122
13.24,0.5781
13.638,0.56703
13.381,0.57625
12.905,0.58592
13.25,0.57773
13.216,0.57594
13.496,0.56914
13.24,0.57885
13.425,0.57143
13.075,0.58395
13.327,0.57495
13.2,0.57802
13.419,0.57107
13.176,0.57927
14.62,0.54302
13.355,0.57397
13.182,0.57933
13.931,0.55999
13.614,0.56733
13.514,0.56844
14.03,0.55617
13.292,0.57389
13.675,0.5651
13.014,0.58206
13.213,0.57566
13.612,0.56805
13.498,0.57171
12.763,0.5906
13.363,0.57706
13.443,0.57162
13.239,0.5777
13.082,0.57922
13.207,0.5759
13.282,0.57298
13.301,0.5728
13.55,0.57025
13.262,0.57362
13.487,0.57161
13.612,0.5687
13.56,0.56442
13.604,0.571
13.186,0.5787
13.805,0.56625
13.267,0.58077
13.269,0.57807
13.273,0.57634
14.075,0.55601
13.297,0.57508
13.428,0.57029
13.565,0.56855
13.627,0.56764
14.134,0.55672
13.644,0.56604
8.3749,0.71174
12.848,0.5897
13.39,0.57391
13.19,0.57594
13.086,0.579
13.226,0.57828
13.69,0.56398
13.491,0.56643
12.895,0.5861
13.036,0.58237
12.963,0.58337
13.431,0.57415
12.931,0.58457
13.545,0.56897
13.689,0.56583
12.98,0.58412
13.261,0.57853
13.201,0.57756
13.058,0.58259
13.072,0.58162
12.859,0.5892
13.288,0.56811
12.958,0.58336
13.545,0.5699
13.35,0.57554
13.514,0.5693
12.85,0.58654
12.963,0.58531
13.081,0.58095
12.591,0.59305
13.019,0.58406
13.291,0.57555
13.119,0.57735
13.079,0.57836
13.193,0.57913
13.018,0.58107
12.907,0.58498
13.079,0.58321
12.838,0.58651
13.616,0.56461
13.321,0.57565
13.66,0.56149
13.517,0.56729
13.283,0.57457
13.249,0.57554
13.27,0.57533
12.971,0.58557
13.333,0.57422
14.185,0.55587
12.71,0.5922
12.928,0.58734
13.296,0.57617
12.898,0.58715
13.193,0.57921
13.536,0.5736
13.544,0.56719
13.245,0.5782
13.742,0.56336
13.523,0.56964
13.645,0.5657
13.144,0.5812
13.545,0.56679
12.634,0.59239
13.396,0.57238
13.318,0.57491
12.896,0.58366
13.522,0.56836
13.816,0.55953
13.05,0.58355
13.907,0.55985
14.168,0.55362
13.379,0.5733
13.614,0.56901
13.217,0.57786
12.937,0.58631
13.64,0.56683
13.46,0.56799
13.174,0.58192
13.865,0.56224
13.213,0.57831
13.539,0.56776
13.294,0.57575
13.514,0.56942
13.247,0.57685
13.635,0.56919
12.856,0.5881
13.687,0.56369
13.113,0.57958
13.329,0.57403
13.012,0.58259
13.327,0.57307
13.366,0.56908
13.028,0.5808
13.773,0.5594
13.308,0.57588
13.635,0.57077
13.272,0.57799
13.302,0.57701
2.6037,1.0202
2.665,1.0116
13.153,0.57728
13.445,0.57127
13.649,0.56718
13.701,0.56601
13.519,0.57086
12.971,0.58391
13.853,0.56006
13.359,0.57256
13.05,0.58203
13.372,0.57115
13.346,0.5737
13.457,0.57005
13.808,0.5581
13.248,0.5758
13.895,0.56129
13.472,0.56819
13.693,0.56464
13.086,0.58176
13.627,0.56231
13.401,0.57552
13.504,0.57253
13.734,0.56665
13.951,0.55917
13.367,0.57242
13.982,0.55833
13.723,0.56597
13.774,0.56325
13.541,0.57
13.472,0.57322
13.475,0.56616
13.568,0.57003
13.108,0.58278
13.52,0.56853
13.032,0.5811
13.096,0.57862
13.227,0.57661
13.484,0.57136
13.121,0.5791
13.205,0.57876
13.45,0.57093
13.222,0.57832
13.523,0.57349
13.958,0.56121
13.186,0.5769
13.077,0.58111
13.488,0.57328
12.879,0.58814
13.355,0.57614
13.439,0.57332
13.293,0.57714
12.966,0.58326
13.687,0.56531
13.158,0.58109
13.61,0.56444
13.297,0.57414
13.622,0.56053
13.338,0.57098
13.269,0.57306
13.234,0.57535
13.776,0.56234
13.404,0.56944
13.613,0.56342
13.307,0.57179
13.605,0.55577
13.508,0.56952
13.207,0.58043
13.338,0.57326
13.228,0.57586
13.041,0.57913
13.992,0.55961
12.893,0.58415
13.165,0.5792
13.222,0.57187
13.194,0.5772
14.41,0.54843
13.437,0.57154
14.032,0.56113
13.859,0.5622
12.788,0.58916
13.278,0.57759
13.303,0.57622
13.004,0.58394
13.251,0.57903
13.616,0.56823
12.47,0.59475
12.649,0.59427
12.979,0.58529
13.261,0.57437
13.417,0.5748
13.603,0.57058
13.076,0.58153
13.236,0.57621
13.541,0.57047
13.148,0.57923
13.563,0.56959
13.439,0.56967
12.968,0.58362
13.592,0.56869
13.004,0.58215
12.983,0.58285
12.986,0.58355
14.112,0.54706
13.517,0.56825
13.539,0.56769
13.88,0.55452
12.732,0.58951
12.918,0.58645
13.873,0.55517
13.424,0.56932
13.316,0.57218
12.981,0.57699
13.151,0.57697
13.693,0.5617
13.701,0.55893
13.297,0.5728
13.611,0.56741
13.175,0.57652
13.291,0.57695
13.713,0.56423
13.349,0.57614
13.03,0.58137
13.726,0.56388
13.72,0.56191
12.606,0.59499
13.274,0.57465
13.178,0.57712
13.35,0.57482
13.276,0.57413
13.487,0.57037
12.735,0.5878
13.043,0.58096
13.111,0.5762
14.061,0.55662
13.469,0.56809
13.703,0.56181
13.504,0.57056
12.786,0.58504
13.966,0.5556
13.753,0.56
13.86,0.55724
13.805,0.56039
13.398,0.57443
12.86,0.58562
13.283,0.57175
13.672,0.56362
12.176,0.60683
13.29,0.57102
13.667,0.56391
13.078,0.57908
13.338,0.5757
13.829,0.55769
13.105,0.57864
13.719,0.56476
13.064,0.58162
13.153,0.57713
13.25,0.5753
13.494,0.56703
13.101,0.57999
13.078,0.58042
13.504,0.56937
12.703,0.59169
13.19,0.57691
13.165,0.57777
13.156,0.57902
12.874,0.58587
13.034,0.58163
13.041,0.5828
12.907,0.58882
12.948,0.58462
12.815,0.58917
13.931,0.55979
12.88,0.58735
13.026,0.58185
13.562,0.5641
13.489,0.56833
12.796,0.59028
13.398,0.56766
13.71,0.55768
13.357,0.57584
13.955,0.55709
13.458,0.56786
13.326,0.57538
14.007,0.55521
13.52,0.56707
13.132,0.58022
13.216,0.57211
13.796,0.55995
13.962,0.55429
13.605,0.56405
13.431,0.56978
13.117,0.58069
13.691,0.56273
13.568,0.56576
13.698,0.56685
13.545,0.56574
13.956,0.55829
13.736,0.56405
13.953,0.55627
13.787,0.55794
13.67,0.56482
13.738,0.56309
14.084,0.55282
13.791,0.5621
13.486,0.56522
13.719,0.56257
13.957,0.56011
13.914,0.55801
13.783,0.56478
13.611,0.56694
13.07,0.58117
13.386,0.57559
13.237,0.57995
13.463,0.57133
13.846,0.56059
13.459,0.57092
13.092,0.5807
13.055,0.58238
13.277,0.57878
12.957,0.58397
13.415,0.57388
13.394,0.57427
13.673,0.56754
13.989,0.55732
14.174,0.55214
13.533,0.5692
13.449,0.56794
13.254,0.57637
12.879,0.58608
13.609,0.56749
13.278,0.57393
13.39,0.57331
13.215,0.57645
13.836,0.56164
12.95,0.58048
13.477,0.57084
13.75,0.56301
12.835,0.58578
13.399,0.57211
14.263,0.55063
13.928,0.55844
13.281,0.57576
14.096,0.55278
13.969,0.55713
13.097,0.58171
14.173,0.55431
13.944,0.55586
13.852,0.55929
13.472,0.56626
13.58,0.56552
13.794,0.56282
13.119,0.57874
13.84,0.55943
12.998,0.58327
13.371,0.56912
13.714,0.55784
13.206,0.57523
13.93,0.55994
13.847,0.56085
13.207,0.57577
13.167,0.57732
13.593,0.56681
13.125,0.57925
13.165,0.57765
12.993,0.58289
13.342,0.57449
13.272,0.57522
13.574,0.57055
12.799,0.58896
13.052,0.58057
13.723,0.56476
12.584,0.59187
13.53,0.56395
13.586,0.5697
13.44,0.57062
13.513,0.57115
13.398,0.57279
13.497,0.56784
13.702,0.56396
13.261,0.57362
13.767,0.56157
14.092,0.55655
14.172,0.55206
13.523,0.56741
13.86,0.56125
9.5033,0.66971
13.483,0.56911
13.577,0.5713
12.723,0.59005
13.581,0.57003
13.301,0.5727
12.936,0.58449
13.226,0.57812
13.307,0.5763
13.101,0.58151
13.38,0.57492
2.7234,1.0013
13.421,0.57168
13.371,0.57354
13.541,0.56902
12.673,0.58702
13.666,0.56566
14.045,0.55811
13.461,0.57354
13.463,0.56987
13.729,0.5663
13.009,0.57943
3.2076,0.96116
12.944,0.58406
13.507,0.56507
13.314,0.57268
13.806,0.56089
13.358,0.56916
13.607,0.56422
13.45,0.56934
13.197,0.57483
13.422,0.56753
13.261,0.57365
13.465,0.57328
13.405,0.56927
13.133,0.57482
13.072,0.58217
13.099,0.57921
13.195,0.57509
12.569,0.59455
13.706,0.56657
13.407,0.57066
13.072,0.58033
13.652,0.56763
12.941,0.58218
12.78,0.58674
12.679,0.58765
12.49,0.59479
13.155,0.57888
12.948,0.58611
12.726,0.5899
12.734,0.5891
12.975,0.58492
13.02,0.58279
13.871,0.56072
13.574,0.57008
12.527,0.59226
13.566,0.56812
13.371,0.56909
13.109,0.57787
13.237,0.57425
13.104,0.57884
13.205,0.57746
12.447,0.6005
12.533,0.59601
13.1,0.57622
13.248,0.57129
12.659,0.59098
13.639,0.56781
12.803,0.59079
12.729,0.58767
12.993,0.58603
13.304,0.5727
12.133,0.6036
12.637,0.59223
13.202,0.57833
13.34,0.57588
13.086,0.58185
13.321,0.57271
12.486,0.59484
13.116,0.58106
13.911,0.55884
13.867,0.55962
13.668,0.56324
12.957,0.58221
13.924,0.56009
13.242,0.57929
13.74,0.56237
13.66,0.56816
13.776,0.56587
13.994,0.55722
13.861,0.5624
13.497,0.57231
13.369,0.57208
13.73,0.56322
13.305,0.57409
13.327,0.57426
13.401,0.57018
13.497,0.56879
13.295,0.57436
13.361,0.57292
13.107,0.5776
12.878,0.58227
13.186,0.57756
13.187,0.57729
13.381,0.56641
13.77,0.56124
13.58,0.56603
13.691,0.56278
13.544,0.56726
13.017,0.57951
13.757,0.56189
13.483,0.57007
13.41,0.57158
12.763,0.58768
13.551,0.56738
13.451,0.56885
12.872,0.58462
13.541,0.56703
13.807,0.55648
13.224,0.57704
13.156,0.58007
13.537,0.56825
13.518,0.57025
13.505,0.57123
13.448,0.57066
13.346,0.57408
13.243,0.57807
13.704,0.56763
13.581,0.56403
13.037,0.5785
13.369,0.56888
13.79,0.5603
13.017,0.57902
13.853,0.55947
13.553,0.56666
13.576,0.56598
13.031,0.58353
13.531,0.56531
13.209,0.57581
13.757,0.56079
13.969,0.55996
13.841,0.56252
13.321,0.57444
13.905,0.56076
12.936,0.58582
12.833,0.58431
13.044,0.57831
13.39,0.57205
13.781,0.56542
13.689,0.56472
14.336,0.54908
13.471,0.57082
13.686,0.56709
14.078,0.55417
13.462,0.56759
14.195,0.54832
12.926,0.58001
13.272,0.56878
13.087,0.57376
13.112,0.57627
13.6,0.5643
13.574,0.56569
12.999,0.58139
13.255,0.57497
14.253,0.55123
13.198,0.57549
13.521,0.56505
13.903,0.5568
13.466,0.57077
14.314,0.55301
13.276,0.5755
13.562,0.56455
13.153,0.57674
13.389,0.57218
13.472,0.56883
13.439,0.56633
14.524,0.54253
14.501,0.54194
13.729,0.55899
14.167,0.55023
14.293,0.55279
13.724,0.56605
13.487,0.56456
12.686,0.59077
13.172,0.57858
13.452,0.56521
13.284,0.57619
13.377,0.57371
13.154,0.57619
12.795,0.58677
12.826,0.58085
13.085,0.57483
13.705,0.56525
12.933,0.58525
13.122,0.57992
13.155,0.57604
12.907,0.58168
12.856,0.58426
13.21,0.575
13.02,0.58116
13.412,0.56812
12.992,0.58054
12.748,0.58856
13.691,0.56399
13.13,0.58076
12.734,0.58748
13.134,0.57777
13.563,0.56509
12.956,0.58026
13.53,0.5648
13.533,0.56734
13.135,0.57422
13.621,0.56404
13.87,0.55782
13.591,0.56361
13.848,0.55946
13.497,0.56722
12.693,0.59293
13.344,0.57242
13.406,0.56836
12.679,0.58849
13.306,0.57308
13.63,0.56499
13.497,0.5684
14.133,0.55598
13.666,0.56257
13.901,0.5553
13.446,0.56972
14.026,0.55051
14.155,0.55393
13.356,0.57348
13.236,0.57707
13.677,0.56295
13.229,0.5768
13.377,0.57159
13.913,0.55492
13.919,0.55929
13.407,0.5717
13.192,0.57801
13.449,0.56737
13.824,0.56239
14.618,0.54135
13.555,0.56676
13.433,0.57243
14.259,0.55128
14.098,0.55454
13.316,0.57472
13.791,0.5611
13.365,0.57077
13.222,0.57623
14.068,0.55238
13.535,0.56417
13.791,0.56316
13.803,0.56106
13.568,0.56336
13.695,0.56219
13.717,0.56152
13.812,0.55947
13.758,0.56097
13.85,0.55922
14.583,0.54333
14.159,0.55301
14.08,0.55384
13.764,0.56084
14.206,0.55155
14.396,0.54567
13.735,0.56088
14.2,0.55029
14.151,0.54811
14.423,0.54313
14.112,0.55276
14.335,0.54543
14.431,0.54438
14.838,0.53656
13.532,0.56483
14.149,0.54857
14.559,0.54234
14.3,0.54504
14.75,0.5361
14.665,0.53904
14.711,0.53706
14.303,0.54651
14.696,0.53644
14.945,0.53065
14.976,0.53049
15.019,0.52787
14.283,0.54624
14.841,0.53366
14.769,0.53439
15.139,0.52768
14.807,0.53751
14.729,0.53356
15.042,0.53111
15.002,0.52988
15.02,0.52841
15.15,0.52545
15.336,0.52054
15.197,0.52345
15.756,0.51092
15.411,0.51892
15.665,0.51178
16.578,0.491
15.492,0.51692
15.43,0.51844
16.108,0.5035
16.145,0.5012
15.887,0.5083
15.817,0.50817
15.289,0.51989
16.28,0.50135
15.952,0.50744
16.743,0.49198
16.698,0.49082
16.595,0.49389
15.992,0.50373
16.924,0.48693
16.193,0.50068
16.739,0.49226
16.886,0.48762
16.641,0.49139
16.685,0.48908
16.94,0.48541
16.513,0.49217
17.088,0.48108
16.668,0.48914
16.882,0.48407
16.823,0.48362
16.624,0.48906
16.704,0.4863
16.417,0.49191
16.511,0.48988
16.494,0.48998
16.019,0.49664
16.303,0.4919
16.129,0.49553
16.058,0.4964
16.274,0.49067
15.705,0.50121
16.202,0.49349
17.067,0.47626
16.231,0.49018
16.497,0.48634
15.902,0.49601
16.125,0.4925
16.325,0.48678
17.658,0.4635
16.192,0.48853
16.059,0.49171
16.205,0.488
15.831,0.49553
15.698,0.49712
15.916,0.49317
15.984,0.48937
15.652,0.4954
15.373,0.50095
15.28,0.49947
14.471,0.51474
14.392,0.51742
14.388,0.51663
15.366,0.49479
14.513,0.51297
14.291,0.5184
14.598,0.50982
14.414,0.51392
14.09,0.51876
14.041,0.52027
13.626,0.52811
14.649,0.50689
14.557,0.5085
14.543,0.50772
14.389,0.51082
15.117,0.49562
14.92,0.49845
14.558,0.50632
14.265,0.51224
13.902,0.51814
14.392,0.50785
13.764,0.51932
12.985,0.53751
13.763,0.5214
13.61,0.52385
13.889,0.51813
13.751,0.51991
13.995,0.51476
13.945,0.51617
13.887,0.51453
13.871,0.51455
14.075,0.51125
13.433,0.52292
14.669,0.49609
13.594,0.51734
13.573,0.51772
13.405,0.52101
13.541,0.51774
13.387,0.52147
13.343,0.52276
13.29,0.52202
13.246,0.52266
13.198,0.52262
12.88,0.52943
12.773,0.53033
13.175,0.52043
13.105,0.52067
13.334,0.51501
13.387,0.51307
13.007,0.522
13.117,0.51865
6.6743,0.7018
13.362,0.51482
12.99,0.52223
12.632,0.53
12.483,0.53278
12.455,0.5326
12.439,0.53169
12.29,0.53444
12.252,0.53501
12.14,0.53797
12.335,0.52982
12.043,0.53816
12.77,0.52007
12.513,0.52605
12.31,0.5308
12.082,0.53508
12.096,0.53447
11.781,0.54279
12.386,0.52528
12.003,0.53544
11.885,0.5361
11.455,0.54807
11.446,0.54789
11.538,0.54256
11.384,0.5474
11.511,0.54375
11.469,0.54505
11.473,0.54217
11.382,0.54538
11.204,0.55105
11.389,0.54495
11.081,0.55119
11.325,0.54499
11.138,0.5497
11.151,0.5497
11.002,0.55523
11.326,0.54531
11.414,0.5419
11.403,0.543
11.433,0.54245
11.588,0.53739
11.426,0.54235
11.166,0.55049
11.132,0.54972
11.141,0.54735
11.019,0.54916
10.92,0.55262
10.883,0.55144
10.898,0.54901
11.172,0.54253
10.742,0.55541
10.854,0.5505
11.148,0.54383
10.582,0.55936
10.633,0.5575
11.048,0.54558
10.568,0.55755
10.786,0.55084
10.73,0.5515
10.644,0.55261
10.768,0.54628
10.562,0.55177
10.346,0.55781
10.34,0.55643
10.169,0.56085
10.22,0.55974
10.099,0.56337
10.128,0.56281
10.606,0.55115
10.291,0.55834
10.557,0.551
10.431,0.55383
10.574,0.54993
10.984,0.53709
11.303,0.52724
11.338,0.52671
11.279,0.52846
11.006,0.53519
11.391,0.5251
10.935,0.53595
11.011,0.53474
11.887,0.51377
11.228,0.52891
11.376,0.52395
11.503,0.5202
11.207,0.52803
10.941,0.53366
11.09,0.52887
11.303,0.5239
11.335,0.52112
11.445,0.51802
11.313,0.52171
11.154,0.52544
11.335,0.52086
11.123,0.52625
10.979,0.52943
11.545,0.51171
10.753,0.53346
10.538,0.5379
10.556,0.53574
10.064,0.54911
10.553,0.53495
11,0.52251
10.592,0.53273
10.466,0.53714
11.134,0.51932
10.561,0.53323
11.158,0.51818
11.164,0.51719
10.179,0.54138
10.429,0.53369
10.308,0.53425
10.591,0.526
10.02,0.53876
10.634,0.52453
10.449,0.52823
10.339,0.53147
9.9544,0.54005
10.389,0.52911
10.474,0.52553
10.094,0.53602
10.474,0.52445
10.228,0.53112
10.773,0.51787
10.033,0.53513
9.5642,0.54764
9.6485,0.54648
9.9,0.53636
9.6693,0.54023
10.367,0.52348
9.894,0.53589
9.7835,0.53677
10.275,0.52266
10.19,0.52411
10.136,0.52353
10.085,0.52575
9.5398,0.54022
9.632,0.53463
9.5728,0.53714
9.8645,0.5282
9.5528,0.53702
9.1466,0.54987
8.8071,0.55789
9.0504,0.54907
8.9298,0.55207
7.947,0.5817
8.1815,0.56956
8.5622,0.55876
8.5678,0.55789
8.3993,0.56065
8.4849,0.56046
8.4305,0.56334
7.7881,0.58431
5.8995,0.65412
5.9931,0.64883
5.8628,0.65488
5.8257,0.6566
9.0011,0.54238
5.973,0.64867
8.1689,0.56767
7.939,0.57575
7.5177,0.58929
7.8818,0.57748
8.0865,0.57101
8.3105,0.56077
5.8559,0.65013
5.7688,0.65445
8.2272,0.56597
5.8039,0.65473
5.9579,0.64524
8.1289,0.56685
5.7717,0.65364
5.6559,0.65867
5.734,0.6512
5.9045,0.64465
5.9679,0.64075
8.5477,0.54897
7.4556,0.58185
7.9628,0.56676
7.9688,0.56617
7.5221,0.58046
8.0849,0.56079
7.8325,0.56822
7.7489,0.56943
7.9392,0.56241
7.8176,0.5667
7.8787,0.56395
7.7719,0.56885
7.864,0.56776
7.4628,0.58003
7.3496,0.58139
7.5882,0.57587
7.4653,0.58073
7.8795,0.56498
7.2859,0.58659
7.5296,0.57895
7.6066,0.57395
7.7635,0.57033
5.2362,0.66967
7.6484,0.57179
7.538,0.57446
5.5027,0.65338
5.3425,0.66236
5.479,0.65429
5.4246,0.65769
5.2768,0.66494
7.7572,0.56822
7.7866,0.56701
7.5363,0.57292
7.8723,0.56125
7.836,0.5604
7.7855,0.56207
7.758,0.56327
5.0613,0.67217
5.2312,0.66316
5.473,0.64971
5.3667,0.65707
5.4861,0.65039
5.3724,0.65842
5.3468,0.65897
7.4882,0.57274
5.2123,0.6637
5.2788,0.6595
7.6386,0.56589
1.3591,0.97088
6.8067,0.59501
6.9437,0.58963
5.5093,0.64685
6.4285,0.61179
5.0751,0.66969
7.1013,0.58328
7.4248,0.57408
7.625,0.56846
7.4109,0.57442
6.9373,0.59055
5.1129,0.6686
5.3798,0.65687
7.6703,0.56614
6.7622,0.59808
7.26,0.58026
7.1717,0.5833
7.2157,0.58381
7.3184,0.58008
7.2222,0.58409
5.1578,0.66707
7.235,0.58254
7.0848,0.58885
5.2032,0.66644
7.0606,0.59065
5.4822,0.65333
7.4455,0.57385
5.7142,0.64316
5.6727,0.64487
5.7285,0.64127
7.6668,0.5683
5.8871,0.63518
7.4887,0.57378
7.3468,0.57773
5.5424,0.65002
7.2501,0.58337
5.04,0.67578
4.8273,0.68524
7.5255,0.57485
7.5655,0.57483
5.5114,0.65466
5.2348,0.67253
7.4571,0.58513
7.0589,0.60108
5.1497,0.67753
5.0289,0.68507
4.9115,0.69081
4.7895,0.69737
5.2046,0.67564
6.4494,0.6159
7.0479,0.59444
6.4527,0.62156
6.9466,0.59896
7.2214,0.58761
6.9536,0.60335
5.0548,0.68264
6.242,0.63145
6.1597,0.63556
7.4428,0.58875
6.9512,0.60208
6.9788,0.60194
4.8223,0.69751
7.0838,0.59987
6.5229,0.62156
5.1895,0.67684
4.8327,0.69614
6.6809,0.61179
4.6815,0.70319
6.8018,0.60568
7.1258,0.59174
5.0075,0.68509
6.3072,0.63533
6.1265,0.63982
5.1913,0.68329
7.5173,0.59066
6.8425,0.61464
7.1473,0.60558
6.8014,0.61952
6.6898,0.62515
6.4142,0.63849
6.8161,0.62225
6.3949,0.63854
6.9255,0.61483
6.8976,0.61499
6.672,0.6189
4.8257,0.70447
6.9542,0.60947
6.4078,0.62963
4.9467,0.69801
6.9259,0.61021
6.8245,0.61179
6.7567,0.61528
6.7395,0.62029
6.7053,0.62289
6.4974,0.6301
6.3977,0.63503
6.5302,0.62841
6.6307,0.62517
6.6013,0.62217
7.2406,0.59877
6.7558,0.62168
6.4995,0.62914
5.8818,0.65198
6.8927,0.61219
7.5764,0.58712
6.6712,0.61791
7.1849,0.60053
6.4788,0.62473
6.8117,0.61541
6.9362,0.6127
6.5239,0.6324
6.0708,0.651
5.9899,0.65013
6.3794,0.63214
7.1762,0.6042
6.7444,0.61844
6.9278,0.61267
6.73,0.61904
6.6281,0.62225
6.9826,0.60876
6.1316,0.64354
6.4271,0.62667
6.2083,0.63679
7.148,0.60449
6.407,0.63065
7.0428,0.60674
6.8167,0.61469
7.1889,0.60226
7.2102,0.59912
6.6219,0.62303
7.7827,0.58122
7.7896,0.58149
7.1393,0.60454
6.5655,0.62571
6.5809,0.62488
6.4724,0.63265
6.3808,0.63125
7.1666,0.60355
6.6014,0.62327
6.4258,0.62848
7.1839,0.59994
6.8067,0.61359
6.4959,0.62437
7.1862,0.60048
5.0501,0.69144
7.1762,0.60079
6.8531,0.6125
6.4654,0.62723
6.2715,0.63448
6.25,0.63135
7.4619,0.58759
8.1955,0.56837
6.4116,0.62958
7.2583,0.59951
6.4612,0.63008
6.0664,0.64689
6.3327,0.63376
7.0516,0.60955
7.5123,0.58806
6.8717,0.60706
8.1078,0.57069
6.4234,0.6272
6.6675,0.61853
6.5372,0.62369
6.6273,0.61521
6.8126,0.61007
7.7473,0.57911
7.8685,0.57781
6.9034,0.61046
5.2979,0.67983
6.5963,0.62345
6.4572,0.63068
6.2566,0.64229
5.0759,0.69585
5.2804,0.68319
5.1581,0.6862
7.6325,0.58568
4.9365,0.69389
5.216,0.67671
4.8434,0.6973
4.8933,0.69486
6.5652,0.62006
6.4701,0.62449
6.7549,0.61695
6.6728,0.61939
7.0248,0.60774
6.9527,0.6099
6.7687,0.6151
6.7212,0.61499
6.4864,0.62248
7.0898,0.59874
6.4074,0.62272
6.4678,0.62257
6.9257,0.60464
6.8425,0.60829
6.8669,0.60803
6.1786,0.63742
6.5365,0.62499
6.3937,0.6323
6.6756,0.61909
6.3495,0.63262
6.936,0.60737
6.4105,0.62687
6.646,0.6156
6.3309,0.62668
6.6432,0.61642
6.9061,0.60896
6.6557,0.61907
6.758,0.61561
6.3585,0.63213
6.9041,0.61024
6.6426,0.61955
6.7463,0.61586
6.7093,0.61681
6.6079,0.62141
6.4134,0.62942
6.5682,0.62247
7.2825,0.59501
6.7767,0.61324
7.0312,0.60597
1.6503,0.95171
4.7674,0.70446
5.0239,0.689
7.1833,0.59939
7.1537,0.5996
6.444,0.62897
6.695,0.61736
5.0699,0.69063
7.2442,0.60117
8.036,0.56902
7.1985,0.59894
7.0202,0.60656
7.2084,0.59561
6.907,0.6081
6.3743,0.63184
6.2921,0.63595
6.3222,0.63446
6.1897,0.63974
6.3467,0.63509
6.0933,0.6457
6.9217,0.612
6.6421,0.62171
7.4499,0.59073
6.7032,0.61764
6.6099,0.62016
6.724,0.61386
7.1322,0.5959
6.6711,0.61737
6.7772,0.61452
4.6716,0.71177
4.77,0.70569
4.5738,0.71693
6.3271,0.63391
6.407,0.62858
6.6798,0.61819
6.7004,0.61617
6.3824,0.62958
6.4658,0.62822
6.2364,0.6378
6.1344,0.64347
6.9406,0.61319
6.8759,0.61258
6.4323,0.62832
6.8868,0.6108
6.3569,0.62911
7.5957,0.58425
6.8626,0.60611
6.993,0.60244
6.4716,0.62406
7.1895,0.59656
6.7271,0.61662
6.8529,0.61403
6.5806,0.62665
6.7309,0.62072
6.2774,0.63833
6.9461,0.61149
7.0567,0.6064
6.4309,0.63058
6.9964,0.60704
6.8289,0.61311
4.747,0.70419
6.1275,0.63926
6.314,0.63399
6.5622,0.62243
6.696,0.61899
6.427,0.62682
6.1599,0.63957
5.9775,0.64852
6.2724,0.6364
4.9534,0.69509
7.0222,0.60589
6.9611,0.60844
6.2418,0.63325
6.4148,0.6258
6.3084,0.62836
6.3394,0.62916
6.2337,0.63355
6.441,0.62759
6.2589,0.63411
6.1606,0.63782
6.418,0.63007
1.1224,1.0431
6.6184,0.62488
1.206,1.0237
6.3565,0.63174
6.8718,0.60999
4.6779,0.7108
6.1441,0.63945
6.2789,0.63319
6.3911,0.63244
6.1428,0.64431
4.6495,0.71717
1.1749,1.0336
6.006,0.64713
6.4773,0.62854
6.2931,0.63538
6.3215,0.63201
6.7158,0.61152
4.6296,0.70987
4.6721,0.70953
4.7192,0.70484
6.1732,0.63724
6.9715,0.60453
6.3174,0.63247
6.6263,0.61893
6.6127,0.61962
6.3576,0.63501
6.2092,0.63677
6.8197,0.61158
6.9951,0.60758
6.801,0.61411
6.4487,0.62869
6.7567,0.61395
6.6303,0.61937
6.1251,0.64057
6.9158,0.61336
6.3476,0.63364
6.4716,0.62913
6.5808,0.62529
6.4973,0.62852
6.6772,0.62272
4.811,0.70417
4.9726,0.69305
5.1045,0.68796
4.6668,0.71375
6.6904,0.62354
6.7133,0.62057
5.168,0.68722
4.5711,0.71288
7.0708,0.60613
6.563,0.62246
6.4965,0.62755
6.6084,0.61964
6.6374,0.62119
6.1097,0.64396
6.7176,0.61999
6.1403,0.64179
4.5918,0.71566
6.2341,0.63956
6.6505,0.62605
5.9869,0.64909
6.9918,0.60537
6.4901,0.62709
6.5021,0.62587
5.851,0.65089
1.3224,1.0042
3.7766,0.76375
6.3296,0.63261
6.1051,0.64616
6.1031,0.64425
5.8129,0.65699
6.727,0.61707
5.9365,0.651
5.6904,0.66203
6.213,0.63866
6.267,0.64042
5.6963,0.66292
5.7117,0.66304
6.3497,0.63423
6.3917,0.63206
5.7035,0.66224
6.5682,0.62522
1.6716,0.9509
6.3784,0.63037
6.6232,0.61901
4.5753,0.71556
6.3156,0.63589
5.012,0.69758
4.5434,0.72203
4.4906,0.72618
4.7788,0.71174
5.0226,0.69409
4.4148,0.72845
3.9711,0.75373
5.1763,0.68212
4.8891,0.6985
5.5536,0.667
5.5583,0.66562
5.7439,0.66021
5.6523,0.66184
5.7045,0.66374
5.299,0.67776
5.5689,0.6669
5.8596,0.65688
4.9843,0.69685
5.2176,0.68555
5.6033,0.66789
5.2746,0.68299
5.4225,0.67627
5.6208,0.66652
6.1443,0.64322
5.8879,0.65794
4.0126,0.75087
5.363,0.6831
3.8687,0.75959
5.086,0.6915
5.4635,0.67675
3.8038,0.76091
4.0515,0.74569
4.3205,0.73006
5.0652,0.69284
5.6768,0.66539
5.3157,0.68386
5.3483,0.68106
5.3464,0.68135
6.0389,0.65045
5.4394,0.67667
5.3509,0.67786
4.662,0.70976
6.018,0.64653
6.228,0.64029
5.4298,0.67136
4.9259,0.70637
5.4143,0.68141
5.5171,0.67708
5.3509,0.6818
6.0905,0.64863
3.9925,0.75049
5.4811,0.675
5.3913,0.67715
5.4508,0.67536
5.3458,0.67982
5.2414,0.68696
5.9556,0.65737
5.1466,0.69235
5.0848,0.69482
5.1458,0.68972
5.2257,0.68902
5.0072,0.69832
5.6471,0.66831
4.9755,0.70287
5.607,0.66923
5.4067,0.67617
5.2804,0.68525
5.247,0.68534
4.256,0.7399
5.3448,0.68093
4.9493,0.69731
5.7614,0.66186
6.0644,0.65061
5.4046,0.67835
6.2853,0.64004
5.9707,0.6553
5.6173,0.67338
5.8162,0.65568
5.6411,0.66976
5.0613,0.69244
5.077,0.69011
5.1208,0.69129
5.7287,0.66419
5.6502,0.6641
5.8133,0.65504
4.0586,0.74472
4.1184,0.74258
5.3419,0.67913
5.4628,0.67455
5.7878,0.65976
6.3417,0.6283
5.9444,0.64929
0.19904,1.4096
5.7939,0.65949
5.5294,0.67267
4.9784,0.69328
4.894,0.69804
5.024,0.6911
4.9058,0.69707
5.3193,0.67534
5.4286,0.66781
5.8744,0.65048
5.8691,0.65105
5.4753,0.6719
5.4334,0.68124
6.227,0.64239
5.7166,0.66248
6.2628,0.64338
5.9363,0.6582
6.0717,0.64786
5.7388,0.66372
5.5193,0.67071
4.9891,0.69177
5.6378,0.66402
5.7945,0.65952
5.9861,0.65215
6.0164,0.64908
6.0663,0.64535
3.8712,0.76235
3.9346,0.75938
5.9259,0.65779
5.9568,0.6553
4.0049,0.7489
3.9618,0.75227
3.9585,0.7515
5.6992,0.66631
4.2905,0.73175
4.0774,0.74731
6.2899,0.64103
4.0972,0.74848
6.4882,0.63422
6.6721,0.62194
6.3073,0.64074
6.0659,0.65178
5.4516,0.67701
6.0416,0.64594
4.067,0.74503
5.5468,0.66662
5.9584,0.6528
5.2312,0.69134
5.4432,0.68156
4.0464,0.7548
4.7029,0.71259
4.0139,0.75145
5.5086,0.67441
6.1241,0.64093
5.8389,0.654
4.2412,0.73456
6.119,0.64663
5.9126,0.65707
5.8197,0.65953
5.6134,0.6695
5.2936,0.6845
5.6654,0.66724
1.4507,0.98907
5.5406,0.67288
5.7606,0.66455
5.6909,0.66326
5.4251,0.6733
5.7393,0.66331
5.7206,0.66454
5.439,0.67404
6.0352,0.64736
5.6058,0.66975
5.4986,0.67339
5.4241,0.67893
5.6345,0.66299
5.4791,0.67359
4.9256,0.69716
5.6447,0.66371
5.531,0.6686
5.7992,0.66073
5.4409,0.67121
5.1603,0.68767
5.4357,0.67334
5.2535,0.6818
5.7748,0.66172
5.5072,0.67212
5.7181,0.664
6.0714,0.64514
5.8276,0.65746
6.3523,0.63696
5.317,0.68668
5.5613,0.67729
5.495,0.67974
6.1632,0.64582
5.1225,0.6922
5.3651,0.68135
5.4587,0.6755
6.0689,0.64572
5.5698,0.6669
4.2788,0.73127
5.6245,0.66371
5.3524,0.68006
5.2934,0.68271
6.0736,0.64893
5.8692,0.65905
6.0567,0.651
5.886,0.65805
5.6206,0.66871
5.3885,0.67442
6.0598,0.64241
5.8467,0.64904
4.097,0.7431
4.0212,0.74947
5.8308,0.66302
5.372,0.6801
4.222,0.73922
4.2794,0.73467
5.4923,0.67303
5.3415,0.67996
5.9052,0.65839
5.2016,0.69148
5.9414,0.64811
5.3901,0.67297
4.032,0.74403
5.1726,0.68468
5.8332,0.65752
5.4789,0.67695
6.1231,0.65035
5.2349,0.69193
5.9709,0.65417
6.3357,0.63849
3.9257,0.76138
5.7363,0.66172
6.4898,0.62878
5.4684,0.67449
6.2016,0.63983
5.8462,0.65934
5.4799,0.67444
6.0427,0.64899
5.7297,0.65882
5.779,0.65516
6.4073,0.63147
6.082,0.65076
5.2616,0.69169
5.8906,0.6598
5.59,0.67145
5.4818,0.67353
5.2709,0.68577
4.6602,0.7146
4.9813,0.69675
5.1782,0.69135
5.552,0.66594
5.7813,0.65977
6.1147,0.64644
5.8215,0.65917
5.281,0.68235
5.3691,0.67412
5.8307,0.65504
5.7009,0.65656
6.1955,0.63972
5.7425,0.66283
5.0515,0.69781
5.2751,0.68333
5.4251,0.68127
5.6719,0.65882
5.6956,0.6584
5.9396,0.64979
4.3281,0.73172
5.2186,0.68813
5.2129,0.68743
5.6104,0.669
3.827,0.76619
4.0926,0.74953
5.2043,0.69549
4.8841,0.71038
5.3196,0.68557
6.0731,0.65036
5.6369,0.66743
5.8797,0.65636
5.6262,0.67011
5.5004,0.67155
5.7033,0.66476
5.1279,0.69247
5.6255,0.66804
5.9035,0.6538
6.3025,0.63088
5.9468,0.65238
6.2782,0.63854
4.2041,0.73829
5.958,0.65027
5.8814,0.65675
4.0148,0.75276
6.1251,0.6467
6.0543,0.64551
5.8301,0.65858
4.2124,0.73853
4.2946,0.73521
5.3607,0.67871
5.842,0.6586
6.0029,0.64756
6.1794,0.64209
5.2153,0.68329
6.2386,0.63897
6.1313,0.64775
5.97,0.65689
5.1463,0.69555
5.1131,0.69797
6.064,0.65232
6.1794,0.64064
5.6046,0.67119
5.3109,0.67583
5.7921,0.65811
5.4827,0.67098
5.4348,0.67572
5.1675,0.69073
5.2821,0.68221
6.1047,0.64923
6.0112,0.65036
6.0619,0.6499
5.09,0.69422
5.1933,0.68373
5.6121,0.66491
5.8545,0.65542
1.4277,0.98895
1.5446,0.96944
1.6027,0.96198
1.5638,0.96868
1.4936,0.98158
1.5336,0.97363
5.8894,0.65618
5.7404,0.66776
5.7751,0.66098
5.9619,0.65347
5.6786,0.66291
5.2853,0.6848
5.6998,0.66126
6.564,0.62148
5.9402,0.64818
6.0826,0.64349
5.4511,0.6752
5.5911,0.66578
5.7394,0.65825
4.7589,0.70838
1.0485,1.0568
1.094,1.048
4.2153,0.73733
1.0584,1.0565
6.3682,0.63271
1.188,1.0287
4.4487,0.72707
5.8295,0.66075
4.0639,0.74748
4.2648,0.73462
5.488,0.67116
5.4846,0.66867
5.6071,0.6622
5.2994,0.67852
5.5994,0.67001
5.79,0.66297
5.744,0.66206
5.7155,0.66438
5.5892,0.67054
4.1321,0.743
3.9715,0.75545
4.0939,0.74067
5.5868,0.66632
5.4135,0.67392
5.1548,0.68572
5.1336,0.68812
5.2219,0.68447
5.3842,0.67851
5.6517,0.66697
5.5638,0.67376
5.0708,0.69076
5.5224,0.67015
5.7351,0.66197
4.9082,0.70242
5.3525,0.68097
5.4071,0.67793
6.263,0.64187
5.8101,0.65668
5.7832,0.65498
5.7253,0.65592
5.4303,0.67332
5.7508,0.66018
6.0574,0.64898
6.0386,0.64704
5.6274,0.66356
6.0533,0.64542
5.8658,0.65732
5.2553,0.68459
5.4871,0.67624
4.2704,0.73611
5.2576,0.68706
5.7578,0.66258
5.6299,0.66822
5.6744,0.66553
5.9795,0.65383
5.283,0.68843
5.6889,0.66786
4.9479,0.70059
6.5388,0.63277
6.1003,0.64884
6.4564,0.62979
5.7292,0.66238
5.3303,0.67814
5.5481,0.66775
5.4397,0.67353
5.9121,0.65278
5.9923,0.6448
5.1446,0.69107
5.0937,0.68951
5.9847,0.64773
5.6558,0.66371
5.9201,0.65885
5.5043,0.6725
6.3926,0.63386
5.736,0.66191
5.3275,0.68304
5.7972,0.66397
5.7508,0.65996
5.5233,0.67344
5.7147,0.66291
5.1935,0.68697
5.5384,0.66591
5.7709,0.65924
5.8575,0.65705
5.9196,0.65214
5.7622,0.654
5.6721,0.65771
5.7021,0.6622
5.7424,0.65609
5.8729,0.65187
5.5588,0.66777
5.4284,0.67622
5.5281,0.67704
4.2632,0.7379
4.08,0.74926
3.6941,0.77459
5.7497,0.66062
5.8803,0.65157
5.9435,0.64502
6.3858,0.62964
4.1643,0.74237
4.0142,0.754
5.9381,0.6532
4.2436,0.733
4.0128,0.74647
5.811,0.65171
1.5086,0.97036
5.9649,0.6423
5.6016,0.6644
4.146,0.74025
5.8784,0.65625
5.5279,0.67152
5.5126,0.66867
4.0921,0.74308
6.5013,0.63187
5.5237,0.6682
5.8249,0.65862
5.8216,0.65049
5.9216,0.64349
5.7202,0.65356
5.1261,0.68733
5.3839,0.67353
5.3172,0.67551
5.8322,0.65323
5.6659,0.65415
5.9678,0.64411
5.6848,0.65877
5.6961,0.6577
4.0632,0.73892
5.4211,0.67108
5.3056,0.67438
5.726,0.65579
5.8855,0.65448
5.1179,0.69028
5.5694,0.66928
5.9185,0.64878
5.7238,0.65326
5.5526,0.66689
5.3634,0.67342
5.9958,0.6474
5.3293,0.68021
5.7252,0.65118
5.5449,0.66318
5.3848,0.67426
5.8127,0.64873
6.2129,0.63234
6.1023,0.63984
5.699,0.65871
3.826,0.75758
5.6422,0.65443
6.0935,0.63716
5.5363,0.66635
6.1073,0.63732
5.4322,0.67312
5.8524,0.65094
4.3624,0.71656
5.8446,0.64245
6.0989,0.63107
4.0947,0.73189
4.1943,0.72619
4.1077,0.72971
4.0317,0.737
5.6727,0.64952
5.4322,0.66618
5.9391,0.64263
5.8553,0.63814
5.5245,0.65522
5.6842,0.65035
5.6203,0.65539
5.5606,0.66063
5.5084,0.66064
5.7549,0.64899
5.689,0.65022
5.2417,0.66902
5.1253,0.67884
4.9482,0.68633
5.727,0.64555
5.4406,0.65668
5.5118,0.65255
3.6625,0.75535
3.8671,0.74376
4.9837,0.68105
3.5603,0.76335
3.7309,0.75477
5.9916,0.63254
5.6397,0.64847
3.5879,0.76136
5.7786,0.64132
3.91,0.73388
5.9225,0.63162
6.2221,0.6174
5.3854,0.65177
5.7579,0.63618
5.0177,0.67709
4.8159,0.68882
4.7763,0.68851
5.5983,0.6433
5.0339,0.67444
5.4523,0.6528
5.4053,0.65411
5.4696,0.65155
5.1477,0.6682
5.6646,0.64352
5.4646,0.64877
5.8523,0.62858
5.4651,0.65004
5.4925,0.64991
3.8934,0.73523
5.5058,0.64779
5.7183,0.63873
5.8633,0.63174
5.9408,0.62599
5.7605,0.63263
5.352,0.6539
5.399,0.65267
5.2603,0.6592
5.8358,0.62729
5.6114,0.63634
5.5461,0.64188
5.9665,0.62787
5.5565,0.64795
5.7557,0.6391
5.55,0.64236
5.4328,0.64483
5.5483,0.6392
5.7419,0.63139
6.1149,0.61035
5.5759,0.63833
0.9515,1.0557
1.2168,0.99032
5.3968,0.64462
1.0758,1.0182
5.2986,0.65086
5.0899,0.661
5.1717,0.65505
5.2896,0.64874
5.6414,0.63108
5.253,0.65511
5.3685,0.64795
4.9712,0.66779
5.7468,0.62502
5.272,0.64786
5.2295,0.65148
5.1982,0.65363
4.9715,0.66791
5.2996,0.64461
5.3627,0.64466
5.5455,0.63623
5.6413,0.63126
5.7634,0.62975
5.1937,0.65716
5.3636,0.64755
5.3652,0.64616
5.4128,0.63807
5.9231,0.61268
5.0612,0.65084
5.3663,0.63657
5.4366,0.63841
5.4302,0.63863
5.3885,0.63722
5.8597,0.61438
5.6213,0.62807
5.404,0.63955
4.7034,0.67299
4.8002,0.66866
5.4738,0.63417
5.4456,0.63445
5.1423,0.65166
4.8634,0.66694
4.9556,0.66127
5.4932,0.63472
5.0019,0.65903
5.4212,0.63857
4.5403,0.68381
5.1616,0.64705
3.9489,0.71769
4.1439,0.70574
4.7626,0.66575
4.5335,0.68287
4.5547,0.67976
3.858,0.72269
4.3351,0.6865
4.2994,0.69098
4.4836,0.68586
4.3542,0.68692
3.9011,0.72147
4.126,0.70327
3.9416,0.71625
4.246,0.68878
4.3124,0.68001
4.8396,0.65603
4.5651,0.67279
4.7947,0.65985
4.6856,0.66745
4.9859,0.6523
4.9278,0.65335
4.577,0.67535
4.2815,0.69545
4.3225,0.69132
0.85778,1.059
4.1134,0.70425
4.6153,0.67115
4.1775,0.69293
4.1884,0.69446
3.9696,0.7111
4.3502,0.68705
4.6831,0.66588
4.3048,0.68581
4.2519,0.6921
4.5298,0.67298
4.362,0.68806
4.1801,0.6919
4.2167,0.69177
5.407,0.62873
4.3963,0.68056
3.8397,0.71337
3.9262,0.70211
4.5682,0.66229
3.7168,0.71564
4.7659,0.65448
3.9437,0.69992
3.7661,0.71853
4.0819,0.69848
4.5648,0.66833
4.5513,0.67034
4.391,0.68146
4.6048,0.6651
4.4371,0.67316
3.503,0.73092
4.218,0.68866
4.0153,0.69456
4.1347,0.68797
4.4567,0.66834
4.5468,0.66563
4.301,0.67576
4.1091,0.69311
3.736,0.72018
4.4092,0.67044
4.1621,0.68444
3.8036,0.70622
3.9989,0.68577
4.1901,0.67745
4.2818,0.67358
4.267,0.67232
4.2377,0.67399
4.4147,0.66606
3.8777,0.70131
3.6538,0.70831
4.7675,0.64397
4.4094,0.66911
4.0534,0.69189
4.131,0.68689
4.5366,0.66046
4.4351,0.66664
4.9027,0.63795
4.228,0.66571
4.998,0.61698
4.081,0.68151
4.9116,0.63746
4.8694,0.62921
4.2508,0.66972
4.2573,0.67421
4.5692,0.65825
5.1582,0.61979
4.4209,0.66552
4.6548,0.64747
4.7287,0.63853
4.4746,0.65588
4.6395,0.64097
4.3635,0.65247
4.1798,0.66931
3.9709,0.68442
4.8545,0.62277
4.3887,0.65372
4.4249,0.65627
4.1408,0.67041
4.4369,0.6408
4.5877,0.64764
4.5137,0.6492
4.3557,0.65569
4.2063,0.66759
5.4033,0.59468
4.9199,0.61306
4.5885,0.63834
4.6282,0.63913
4.2112,0.65087
4.0819,0.6704
4.3474,0.6604
4.8418,0.63348
5.0875,0.6144
3.9742,0.66919
4.7207,0.6265
4.7123,0.62753
4.3503,0.64659
4.475,0.64167
3.9863,0.66602
3.3063,0.71937
3.4826,0.70741
3.7073,0.69025
3.6801,0.69651
3.9868,0.67282
4.4737,0.63579
4.1868,0.65855
4.2386,0.65394
4.5748,0.62356
3.8526,0.67387
4.3698,0.6479
4.8062,0.62449
4.2181,0.65814
4.3869,0.63968
4.0776,0.66061
4.1296,0.66182
4.4699,0.64032
3.6377,0.6837
3.6827,0.68029
4.0941,0.65784
3.9751,0.66001
3.8448,0.66761
3.8653,0.67595
3.7571,0.68751
3.9945,0.67147
4.0158,0.66143
4.2248,0.65263
3.4179,0.7074
4.5751,0.63005
3.8836,0.67111
3.8059,0.67588
3.753,0.67962
4.8267,0.60701
4.2701,0.64482
4.4247,0.63093
3.7625,0.67771
3.9591,0.67065
4.6433,0.62117
3.5203,0.69493
3.817,0.68135
4.3562,0.64099
3.3051,0.70216
3.717,0.67361
4.0225,0.65845
4.0646,0.65669
4.9122,0.59592
3.1338,0.71419
3.5239,0.68483
4.5801,0.62668
5.0513,0.60156
4.4335,0.63512
4.0263,0.66474
2.7907,0.74711
4.5899,0.62371
4.7914,0.61924
4.3659,0.64101
4.5256,0.63172
4.4464,0.63791
4.9992,0.60841
4.5287,0.62057
4.3273,0.62424
4.1418,0.64443
3.6372,0.68176
3.7018,0.68125
4.1986,0.64578
3.9019,0.65917
3.8355,0.66968
4.5584,0.62905
4.1966,0.64524
4.0262,0.65717
4.3745,0.63924
4.4583,0.62781
4.2448,0.63985
3.7914,0.6691
3.7164,0.67748
4.6866,0.61462
4.3896,0.62643
5.2921,0.58219
4.5116,0.62302
3.6438,0.67822
4.5797,0.62714
4.6307,0.62029
3.7492,0.67668
3.4964,0.69345
4.5412,0.62096
4.6104,0.60908
4.7024,0.61457
5.1301,0.59649
4.6354,0.60929
4.6311,0.61446
3.871,0.66384
4.4582,0.62258
3.5758,0.67986
3.8675,0.66593
4.6591,0.61862
4.862,0.59824
3.6126,0.67687
4.0832,0.64636
5.1331,0.59044
4.2687,0.6438
5.0392,0.59255
4.0053,0.65464
4.5841,0.6198
4.6167,0.61997
5.5663,0.55868
2.7751,0.74043
2.3828,0.77528
4.6578,0.61135
3.7839,0.66665
4.6411,0.62075
4.5639,0.61624
3.9048,0.6601
4.0797,0.65234
5.0437,0.59486
5.0009,0.59298
3.9495,0.65398
3.9953,0.6545
5.308,0.58008
4.4612,0.6307
3.587,0.68319
3.8283,0.66008
4.3867,0.62685
4.2462,0.6444
2.662,0.74492
4.3701,0.62968
3.9325,0.65902
4.7881,0.61162
3.9435,0.6631
4.3547,0.63145
3.7031,0.67761
3.835,0.66822
3.3333,0.70197
4.5517,0.62167
3.7936,0.67491
4.1711,0.64901
4.0277,0.65188
3.3909,0.69741
4.1123,0.64476
5.0886,0.58084
4.1491,0.64368
4.3268,0.62824
4.3793,0.63285
4.5813,0.62472
2.3428,0.78705
2.6335,0.74977
2.8791,0.72963
4.3505,0.63369
5.5067,0.57127
4.568,0.60973
4.3911,0.62963
2.7433,0.74408
4.2647,0.63638
4.4051,0.63035
4.099,0.652
4.4434,0.62691
4.4197,0.63599
5.1725,0.60529
4.6023,0.61632
4.6175,0.62285
4.5263,0.62101
4.4672,0.62945
4.3756,0.62754
4.7433,0.6072
4.4647,0.63081
4.5365,0.62209
4.4822,0.61933
3.7911,0.6664
4.3462,0.62884
4.4281,0.62659
4.7538,0.6042
4.1654,0.64561
2.812,0.73951
4.586,0.61898
2.8775,0.73752
2.5607,0.76705
4.369,0.63534
4.8491,0.59449
4.0702,0.64798
4.3418,0.62993
4.9169,0.59885
2.9615,0.73284
4.2215,0.6431
3.1438,0.71401
4.5967,0.61721
4.1034,0.65036
2.8722,0.73596
4.1844,0.64478
4.2047,0.64667
4.4129,0.62729
3.8052,0.66238
4.5852,0.61679
4.262,0.63693
4.3953,0.62973
3.8659,0.66584
3.9831,0.65187
3.8039,0.65706
3.4251,0.69228
2.8979,0.73246
2.6735,0.75335
4.0218,0.656
2.6966,0.75083
4.6132,0.61623
2.8875,0.72756
4.0381,0.64899
2.5821,0.75743
2.3689,0.78115
2.5768,0.76128
2.6479,0.74416
2.9542,0.7177
2.5585,0.76166
4.631,0.61767
2.5599,0.75942
2.5112,0.76295
2.4693,0.77158
4.1701,0.645
4.248,0.63436
3.8539,0.66508
3.9019,0.66083
4.5789,0.61866
4.6643,0.61039
4.0501,0.65508
4.2057,0.63916
4.2304,0.63941
4.1163,0.65085
4.3696,0.63435
4.2279,0.63972
4.0901,0.65246
4.5041,0.62024
4.3864,0.62367
4.1912,0.63345
4.479,0.62707
4.4148,0.63538
4.8757,0.606
4.32,0.63419
4.4216,0.63725
4.2394,0.64868
2.9665,0.7266
4.0582,0.65531
4.5741,0.62487
4.3994,0.6329
4.3599,0.62124
4.0065,0.65294
3.4685,0.68485
4.63,0.60894
4.5036,0.62731
4.4168,0.62676
5.0634,0.58433
3.9721,0.65384
2.5654,0.76437
4.6107,0.62121
2.5246,0.76838
2.2739,0.79239
2.552,0.75549
3.6698,0.67117
5.2352,0.58607
4.1359,0.64022
2.6115,0.75711
4.5642,0.62178
4.3852,0.63608
3.8543,0.6687
4.6623,0.62337
4.038,0.65763
2.9276,0.73173
4.352,0.63129
4.734,0.60122
3.9872,0.65171
3.2681,0.69564
2.7899,0.73934
4.0787,0.65276
2.6571,0.75052
3.8533,0.66437
4.0901,0.64673
3.4635,0.67394
4.9257,0.59961
3.2592,0.69796
4.911,0.5941
3.7823,0.66984
3.9517,0.65986
2.7219,0.74198
3.6192,0.67987
2.5203,0.76059
3.5023,0.67969
2.6424,0.74536
4.8418,0.60773
4.2434,0.63932
3.513,0.68573
4.0408,0.6512
5.0635,0.59089
3.7789,0.66544
2.8666,0.72078
4.2648,0.63812
4.2037,0.64032
4.4947,0.61861
4.0768,0.644
3.9934,0.65316
4.6905,0.61266
4.2066,0.64522
2.8954,0.72825
3.8965,0.65884
2.6801,0.74449
2.7098,0.74398
2.9044,0.73144
2.9526,0.72725
3.9762,0.65639
2.7279,0.75221
2.7101,0.75059
3.1007,0.70574
2.6334,0.75685
2.7915,0.73505
3.069,0.70649
2.6461,0.75018
3.8217,0.6605
4.3904,0.62111
4.3891,0.62626
3.7374,0.67792
4.6122,0.61518
3.6323,0.68049
3.8848,0.65785
4.8351,0.6026
3.8124,0.65933
3.3083,0.69572
4.049,0.6458
4.6508,0.61417
4.7215,0.59924
4.1078,0.6468
4.4022,0.63157
3.6138,0.68153
4.4999,0.62122
3.9937,0.65406
4.5547,0.6129
2.8802,0.7291
2.9495,0.7293
2.6879,0.75032
3.7603,0.66714
3.2634,0.69939
3.5916,0.67328
3.3007,0.69729
0.80832,1.0059
5.4033,0.55941
3.6742,0.66329
4.2623,0.627
4.1699,0.64049
4.4234,0.63255
4.9675,0.59194
4.0394,0.65601
4.6244,0.61905
4.8094,0.61092
3.6431,0.6759
3.798,0.66343
4.2882,0.63056
4.6988,0.60504
4.7018,0.60712
3.4031,0.68881
2.6975,0.7481
2.9197,0.73101
4.6818,0.61214
3.9401,0.65878
3.927,0.664
5.8121,0.5672
2.7148,0.74452
2.5652,0.75815
4.4549,0.62735
4.4816,0.62733
4.074,0.65007
4.6327,0.61263
3.9396,0.65651
3.6756,0.68037
4.6668,0.61867
4.4405,0.61721
4.7373,0.60858
3.8596,0.65974
4.2842,0.63153
4.6536,0.60527
4.0179,0.6506
3.4699,0.67366
4.4267,0.62509
4.9818,0.59678
4.7684,0.60908
5.0507,0.59555
4.5799,0.6169
4.6925,0.61542
4.0922,0.65091
2.8385,0.73654
4.4208,0.6189
4.375,0.62296
4.2668,0.62964
4.8102,0.60122
4.6746,0.60862
4.1327,0.6443
4.8381,0.60562
5.1725,0.57229
3.8777,0.65496
3.6734,0.67249
3.8284,0.66135
3.815,0.65912
5.1165,0.57822
5.3293,0.57211
3.1142,0.7085
2.8592,0.73401
4.9986,0.59969
2.8243,0.73252
2.9848,0.7236
6.0888,0.53963
5.0349,0.57408
4.8726,0.59865
2.8664,0.72742
4.9874,0.58642
3.551,0.66729
4.0293,0.64421
5.1966,0.5853
4.7986,0.61442
3.601,0.68805
4.0183,0.65069
4.0152,0.6473
4.3639,0.62934
4.3515,0.63059
4.3378,0.62438
4.8423,0.58913
4.2979,0.63228
4.6917,0.61152
5.1471,0.57497
3.2675,0.68736
4.2038,0.639
4.5244,0.61958
4.044,0.63918
4.306,0.62324
4.45,0.62313
4.5961,0.61868
3.6745,0.65995
2.8147,0.73643
4.2084,0.64674
0.88353,0.99289
0.76014,1.0224
0.75817,1.0255
0.80733,1.0084
0.98345,0.95201
4.3136,0.62984
5.0286,0.59599
0.858,0.99893
4.6568,0.60983
4.4862,0.62391
5.0202,0.59511
3.8442,0.65841
3.9456,0.64973
2.8557,0.72862
2.6828,0.74368
2.5843,0.75615
2.61,0.75388
3.0607,0.71038
2.8086,0.7421
2.752,0.74834
2.761,0.74099
4.8168,0.60081
4.1589,0.6411
3.7398,0.673
3.5316,0.68073
3.9515,0.65252
3.0243,0.71313
2.9718,0.72182
3.0325,0.71739
3.0128,0.71957
2.862,0.73452
2.943,0.72888
2.9508,0.72514
3.1,0.7123
2.8709,0.73194
3.8138,0.66113
4.0393,0.65154
3.9748,0.65998
4.7179,0.61341
3.941,0.65404
3.8489,0.66543
2.9881,0.72519
4.0964,0.64776
3.9146,0.65772
4.0155,0.64997
2.7011,0.74018
2.5692,0.75694
2.5285,0.7591
4.034,0.6472
4.3252,0.62939
4.3003,0.64194
4.1148,0.64436
3.2063,0.69212
2.9893,0.70822
4.3509,0.62691
4.4293,0.6224
4.485,0.62116
4.0138,0.65661
2.9674,0.72873
2.5789,0.76253
3.8428,0.66597
4.1561,0.64526
2.9477,0.72149
2.8767,0.72984
2.6032,0.75929
3.0625,0.71643
2.7652,0.73867
3.2311,0.69106
3.0198,0.71363
5.6243,0.55258
3.884,0.65478
3.6981,0.67169
4.2618,0.64629
4.1546,0.64686
2.8502,0.72905
3.8203,0.66187
3.2105,0.70112
2.9017,0.72906
3.0582,0.70736
4.654,0.60827
6.1469,0.54009
5.0283,0.59363
4.9848,0.6043
4.4167,0.63036
4.3007,0.63569
4.5109,0.62054
3.81,0.66625
4.5674,0.61901
5.3411,0.57499
3.9079,0.65845
4.4233,0.63116
4.3127,0.63432
4.4983,0.62025
4.1081,0.64976
4.2446,0.64433
3.2226,0.69654
2.3909,0.77331
4.1642,0.63714
4.0667,0.64414
4.0333,0.65046
4.1862,0.63996
4.2254,0.6386
2.9304,0.72625
2.9241,0.72897
0.77681,1.0247
2.5295,0.7625
2.8878,0.72729
2.9729,0.71873
3.5817,0.67784
3.433,0.69023
3.0271,0.71347
3.4519,0.68952
4.2192,0.64266
3.9438,0.65688
4.3185,0.62965
4.0375,0.64929
4.1192,0.64157
2.5917,0.75237
2.7092,0.74556
2.5073,0.76799
4.7875,0.60958
4.359,0.63013
4.1786,0.64768
4.1255,0.652
4.0246,0.65907
3.9931,0.65653
4.4423,0.61233
3.7663,0.66252
4.0861,0.64154
4.2452,0.63721
4.1852,0.64383
4.4798,0.62475
4.3264,0.63068
3.2789,0.70673
4.2766,0.63573
4.3489,0.62904
4.6582,0.60604
4.0045,0.65044
3.6644,0.67412
3.4994,0.68574
3.4762,0.68477
4.2562,0.63722
3.6888,0.67218
4.3097,0.62433
3.0858,0.70596
3.5182,0.67062
3.8644,0.64442
3.6989,0.65856
2.8157,0.73344
3.4365,0.67851
2.8273,0.73122
2.7292,0.74167
3.0509,0.72041
3.3863,0.68458
2.7884,0.73806
2.9086,0.72679
4.2185,0.63703
5.3281,0.57903
4.5443,0.61844
3.4822,0.68535
4.4355,0.62171
5.4303,0.57155
3.7892,0.66395
4.6657,0.61495
4.9914,0.59445
2.6284,0.75181
2.7973,0.73971
5.2504,0.59258
3.9037,0.65959
4.2366,0.64201
3.1851,0.71162
2.9551,0.71674
3.0075,0.71816
3.4009,0.68177
3.0469,0.71572
2.5894,0.76305
3.802,0.67377
2.9574,0.72276
3.0337,0.71767
4.2491,0.63907
2.8151,0.73728
2.98,0.71536
3.15,0.70086
3.1022,0.70505
3.122,0.70116
2.8656,0.72492
2.7388,0.74164
2.8728,0.7341
2.6914,0.75246
2.538,0.76225
2.8608,0.73555
5.0747,0.59294
2.7698,0.73953
2.7253,0.74379
2.68,0.7509
4.6637,0.62395
3.9857,0.65952
4.1355,0.64344
2.8493,0.73319
5.1715,0.58569
4.6595,0.61469
3.5412,0.6822
4.2097,0.64191
4.9498,0.59952
4.8951,0.58983
4.6267,0.61907
3.9691,0.6598
5.6326,0.57136
5.2479,0.58231
4.1171,0.63547
5.5626,0.56687
5.4924,0.55877
4.4946,0.61673
5.7208,0.55261
5.2146,0.57846
5.0708,0.58986
4.4816,0.62474
4.681,0.61652
4.3922,0.63337
4.1648,0.64595
4.2113,0.64035
4.3139,0.63137
4.0935,0.65141
4.145,0.64768
5.0455,0.58418
5.1853,0.58194
4.3909,0.63045
4.6434,0.60913
2.6038,0.75081
4.9244,0.59825
2.857,0.72836
3.0452,0.70718
4.4382,0.62956
2.8931,0.72689
2.7545,0.75023
3.7082,0.68024
4.4269,0.63479
4.2822,0.63749
2.7047,0.75169
3.9907,0.6575
3.2267,0.70432
2.8589,0.73461
3.0158,0.71821
4.4796,0.61984
2.9113,0.7246
3.7367,0.66463
4.251,0.62747
4.2367,0.63111
3.7826,0.6694
4.2191,0.64094
2.9954,0.71532
2.9627,0.72828
3.9907,0.65718
3.9702,0.65678
4.7223,0.60385
3.8862,0.65777
3.3654,0.69847
3.3378,0.70193
4.0833,0.64559
3.7112,0.67675
3.8839,0.6677
4.3307,0.63418
4.4143,0.63203
4.7784,0.62108
3.6847,0.67013
3.6279,0.68078
2.7451,0.74552
2.7355,0.74761
2.8802,0.73072
4.0162,0.64965
3.737,0.67341
3.7745,0.66815
0.70173,1.0456
4.0686,0.65044
3.9031,0.66613
4.0537,0.65622
3.5942,0.69004
4.2354,0.648
4.2999,0.64035
2.8683,0.73332
4.1253,0.64716
3.6272,0.6821
2.9707,0.72776
3.374,0.69325
3.4271,0.69606
2.9451,0.73347
2.5657,0.76936
4.3641,0.62659
2.6718,0.74739
3.4261,0.69496
3.6906,0.67323
3.4917,0.6882
4.601,0.61069
3.9099,0.65825
3.7091,0.67642
4.3003,0.63686
4.777,0.59209
3.2341,0.69954
4.0667,0.64356
4.0145,0.64603
2.4365,0.76665
3.7184,0.6754
3.9723,0.66079
4.6188,0.62227
3.3714,0.7005
3.7961,0.67103
4.6232,0.61966
3.6495,0.67974
3.8506,0.6633
4.0139,0.64468
4.0342,0.63588
3.4516,0.69019
2.1987,0.79901
4.7092,0.61551
3.6972,0.67612
2.5468,0.76577
2.7546,0.74479
3.0785,0.70879
3.9495,0.6524
3.7314,0.67284
4.3085,0.62126
4.6777,0.59217
3.5222,0.6721
2.6433,0.75419
2.2548,0.7952
2.3278,0.78199
2.2007,0.79863
3.8519,0.66483
3.8087,0.66192
4.0069,0.65102
4.4282,0.62331
3.5089,0.69136
3.5083,0.68821
4.0951,0.63811
3.5706,0.68201
4.4777,0.62316
3.4271,0.68208
3.6053,0.68138
3.8423,0.66818
3.622,0.67575
3.4306,0.6896
3.7976,0.66658
4.172,0.63691
3.7056,0.66101
3.9088,0.64904
4.1245,0.6348
4.2776,0.6334
4.3092,0.62745
4.1262,0.63952
3.9661,0.65162
4.2613,0.63078
4.3294,0.62404
4.2499,0.63491
4.2881,0.63627
5.128,0.59758
4.0687,0.65132
3.8278,0.66956
5.4149,0.56375
5.3858,0.56264
4.3329,0.62627
4.3135,0.62903
4.3871,0.61873
3.8474,0.66007
3.6025,0.6792
3.899,0.65756
4.2938,0.62575
4.4189,0.62791
3.8635,0.6648
4.22,0.64508
3.7259,0.67371
3.8363,0.66792
4.4386,0.61381
3.6349,0.65901
3.3916,0.68071
4.9247,0.58992
4.6834,0.6005
4.3712,0.62244
3.0823,0.71342
4.05,0.65386
4.0528,0.64951
4.0787,0.64774
4.0449,0.6462
0.98716,0.95898
3.8996,0.65475
4.5909,0.60696
5.0357,0.58445
4.2684,0.63224
3.7769,0.67047
5.2467,0.58014
3.4993,0.68229
3.3659,0.68763
4.2951,0.62894
3.8314,0.65567
4.3676,0.61496
4.1125,0.63159
4.8689,0.59214
4.1408,0.64762
4.1715,0.65233
4.4403,0.62545
0.66417,1.0554
5.6288,0.56747
5.3117,0.58187
3.7498,0.66803
4.8611,0.59684
4.3135,0.61309
4.0135,0.65155
4.4253,0.63473
3.5299,0.68139
3.7313,0.67312
3.947,0.65967
4.4748,0.62189
4.4157,0.61663
4.0809,0.64185
4.7528,0.59622
4.7495,0.60595
3.5272,0.68386
3.849,0.66495
4.1522,0.64107
3.7025,0.66752
4.017,0.65125
4.0087,0.65988
4.452,0.61783
3.9046,0.65464
4.7109,0.61466
4.2138,0.63603
3.7283,0.67357
3.6034,0.68437
5.2076,0.58733
4.7658,0.60277
3.3833,0.69847
3.7678,0.66376
4.6573,0.60477
3.7415,0.66237
4.3316,0.62626
4.227,0.63862
4.1045,0.64115
4.0313,0.65465
4.5793,0.62244
5.1867,0.59291
3.9561,0.66731
4.2607,0.64506
4.9363,0.5968
3.9454,0.64854
4.3741,0.62349
4.4346,0.61635
4.9672,0.59925
4.1778,0.64554
4.1967,0.6445
4.4496,0.62748
4.2657,0.64473
4.7787,0.61544
4.8962,0.5858
4.3117,0.62558
4.4245,0.62166
4.0214,0.64786
4.5029,0.62347
4.5375,0.62561
4.0759,0.65312
4.2747,0.63526
4.3423,0.62472
4.4913,0.61654
4.8444,0.60431
5.5279,0.56868
5.106,0.58589
4.7586,0.60997
4.825,0.61997
4.3355,0.63338
4.5497,0.6175
3.2916,0.68624
5.0236,0.58867
5.0356,0.58593
3.7113,0.66974
4.2516,0.63358
4.8841,0.59552
3.827,0.6558
4.6311,0.61894
5.0855,0.60011
5.9305,0.54138
3.4748,0.68889
4.4572,0.63096
4.432,0.62136
4.2354,0.63435
4.0716,0.65781
4.6638,0.62793
5.0184,0.59911
3.3714,0.70563
3.8957,0.66825
5.0908,0.59329
3.9076,0.65094
3.6034,0.68079
3.7131,0.67272
3.8756,0.65536
3.8499,0.66354
3.5757,0.67672
5.3034,0.5816
4.1127,0.6433
3.9478,0.66365
4.0983,0.65534
4.7954,0.6036
3.1774,0.71541
3.8187,0.66677
4.0587,0.64676
4.0482,0.65096
3.4813,0.69926
3.9227,0.663
4.2975,0.62798
3.6234,0.67149
3.9197,0.65502
3.9997,0.64997
4.1051,0.64835
4.145,0.65039
4.1993,0.64256
3.4651,0.69391
3.5243,0.68348
3.6465,0.67327
4.1604,0.63615
4.6479,0.59258
4.8137,0.59558
3.7934,0.66643
4.3898,0.63859
4.0203,0.66188
4.6541,0.61019
3.6013,0.68943
4.4135,0.62695
4.0633,0.64992
4.2895,0.63251
3.9186,0.6639
5.1374,0.59468
4.2345,0.64567
3.7544,0.6792
3.7172,0.68167
4.0235,0.66298
4.3581,0.64283
4.2888,0.64204
3.9298,0.66849
4.1127,0.64462
5.4345,0.56938
5.8842,0.54792
3.4316,0.69321
4.5451,0.61479
4.1973,0.64103
3.6529,0.68735
4.2497,0.64994
4.607,0.6273
3.9835,0.6658
4.2609,0.64825
4.2784,0.64326
3.881,0.66476
3.9343,0.66653
3.9676,0.6702
4.1656,0.64905
3.732,0.67342
3.5041,0.69598
3.8908,0.67391
3.8701,0.67679
3.5044,0.69922
3.9793,0.66482
4.1401,0.65426
0.7706,1.0281
3.7932,0.67554
4.196,0.65819
4.2473,0.65596
4.3181,0.64447
3.0466,0.73598
3.84,0.67164
4.3263,0.6404
3.5307,0.70037
3.5313,0.70165
4.1364,0.64405
4.0978,0.64443
3.0215,0.7352
2.9463,0.74418
3.4688,0.70096
3.5726,0.69095
3.5731,0.69704
4.0567,0.6673
3.7561,0.68083
3.5616,0.70119
3.8621,0.67847
5.0374,0.60736
3.9301,0.66346
3.9993,0.66694
4.2534,0.65345
3.7703,0.68422
4.2336,0.64954
4.7236,0.61012
3.8645,0.67304
3.8018,0.67664
4.4542,0.63684
4.1597,0.65888
4.6378,0.62761
4.2746,0.64877
4.1184,0.65921
5.0906,0.60846
4.3936,0.64266
4.4169,0.64707
4.2377,0.65622
4.6105,0.63573
5.4827,0.58347
4.7046,0.62733
3.8581,0.6838
5.0926,0.61338
5.5138,0.58548
4.655,0.63728
3.9327,0.683
4.6477,0.64493
4.6417,0.63346
4.3518,0.65416
4.0949,0.66965
4.3988,0.64501
4.3255,0.64488
4.2538,0.65131
3.9285,0.68169
4.4203,0.64792
4.663,0.62969
3.9809,0.68308
3.9187,0.68758
5.4255,0.60267
4.1972,0.65939
4.2507,0.65556
3.8915,0.67654
4.5609,0.63838
4.8517,0.6148
3.9019,0.67973
3.8225,0.68929
4.4859,0.64645
3.7995,0.69194
4.2547,0.6622
4.1239,0.66793
3.6689,0.70031
4.1529,0.67069
4.1637,0.66329
5.0369,0.60517
3.8176,0.68362
4.2474,0.65887
4.6376,0.63272
4.8603,0.62495
4.0478,0.67333
4.2664,0.66584
3.9691,0.68679
4.3772,0.65834
5.0773,0.61424
4.3813,0.65157
4.2605,0.66659
4.5331,0.6481
4.4292,0.65144
4.6066,0.64297
4.1423,0.67791
4.1387,0.67688
4.7424,0.62931
3.674,0.69669
4.4932,0.65498
4.9098,0.63092
5.0755,0.61154
4.3644,0.66027
4.7783,0.64475
4.5743,0.65659
4.47,0.65768
4.2437,0.67264
4.3297,0.66715
4.4575,0.65747
4.1542,0.67479
3.9207,0.69235
4.2537,0.66705
4.3062,0.65849
4.4364,0.65351
3.6597,0.70863
4.1344,0.67699
3.749,0.69209
3.6618,0.70173
4.0626,0.67825
4.6651,0.64656
4.8276,0.63653
4.3412,0.667
4.2519,0.67508
4.1333,0.68342
4.2019,0.67987
4.4947,0.65875
4.2582,0.67203
4.1625,0.67775
4.1998,0.66897
3.9195,0.68219
4.4741,0.66122
3.5504,0.71663
5.0196,0.62623
5.167,0.61323
5.2354,0.61584
4.4525,0.66096
4.8002,0.64223
5.0995,0.62298
4.3578,0.66298
5.0482,0.62999
4.6698,0.64675
4.5102,0.65313
4.8656,0.63803
4.7529,0.64893
4.0584,0.68489
3.8557,0.69638
4.2229,0.67542
4.4522,0.66204
5.0033,0.62873
4.4859,0.65458
4.2601,0.6712
5.3577,0.61455
6.1139,0.58405
5.0716,0.6289
4.8197,0.64581
5.1508,0.62819
4.2327,0.67403
4.0904,0.67929
4.552,0.65306
4.5842,0.65073
4.2548,0.67423
5.1246,0.62522
4.7975,0.6418
4.3811,0.66936
4.7758,0.64586
4.4097,0.6684
4.5401,0.66133
4.6312,0.65484
5.0329,0.63272
4.2841,0.67468
4.4664,0.66857
4.6754,0.65399
4.6805,0.65153
4.6511,0.65691
3.1729,0.74518
4.2712,0.67444
2.914,0.76793
4.3274,0.67655
4.3559,0.67502
4.1783,0.68563
5.0816,0.62871
4.4682,0.66256
4.7551,0.65156
4.4451,0.67088
4.6859,0.65435
4.3903,0.67609
4.5235,0.67072
4.8569,0.65447
4.6638,0.663
4.9372,0.64447
4.6438,0.6645
4.5555,0.67078
4.366,0.67702
4.5273,0.66816
4.6309,0.66999
4.3872,0.67406
3.1405,0.75805
3.3418,0.73754
4.8915,0.64344
4.5501,0.66312
3.3139,0.74268
4.5731,0.66644
4.7853,0.65456
5.185,0.63607
3.0803,0.76535
3.0252,0.77242
3.4665,0.737
3.5077,0.72822
3.177,0.75713
2.9512,0.77757
3.2675,0.75095
4.0422,0.7001
3.1119,0.76432
3.2542,0.75234
3.3314,0.74187
3.3124,0.74418
4.6729,0.6636
4.7062,0.66091
5.4591,0.62423
5.101,0.63753
3.4343,0.73857
5.4747,0.62595
4.6802,0.66416
3.6114,0.71996
3.8251,0.70888
5.6982,0.61144
5.1721,0.6357
5.2476,0.63279
3.6012,0.72201
3.8278,0.70619
3.8176,0.70871
5.0775,0.64568
4.7411,0.66701
4.9995,0.65489
4.7029,0.67049
5.1879,0.63493
5.3468,0.63195
4.6691,0.66573
5.1913,0.63282
5.0802,0.64355
4.2917,0.68734
4.6848,0.66541
4.7792,0.66288
4.4179,0.68548
4.4739,0.68533
5.0036,0.65201
4.4318,0.68291
4.5869,0.67606
5.1529,0.64699
4.6939,0.66695
4.9397,0.65354
4.6576,0.66868
4.6508,0.66839
5.6862,0.61749
4.8972,0.66038
4.6377,0.67418
4.9688,0.65637
3.4964,0.74055
5.1215,0.64949
4.7252,0.67367
4.6768,0.67863
4.6274,0.68207
4.909,0.6606
4.9469,0.65757
4.7349,0.66454
4.7145,0.66825
4.9943,0.65111
3.7423,0.72122
5.2153,0.64383
4.9258,0.66053
5.1334,0.64971
5.5349,0.62673
5.0025,0.66369
4.6518,0.68374
0.98421,1.036
5.1443,0.64798
4.9652,0.65787
4.3293,0.69468
4.3484,0.69378
4.9123,0.66623
5.4756,0.63653
5.1989,0.6492
5.4786,0.63725
5.7838,0.62394
5.9311,0.61528
5.5499,0.6347
5.6224,0.63061
4.995,0.6647
4.8225,0.67112
5.1602,0.65426
5.6301,0.63255
4.6566,0.68384
5.7008,0.62925
5.9002,0.61945
5.2165,0.65555
4.9969,0.66514
5.6055,0.63064
5.7323,0.62288
5.8062,0.6196
6.2023,0.60116
5.2085,0.65681
5.0764,0.66703
5.0529,0.66774
5.2266,0.64809
4.9065,0.6705
5.3667,0.65337
4.8981,0.67819
5.5186,0.63807
5.3183,0.65095
5.046,0.6672
5.1172,0.6615
5.3181,0.64792
5.0609,0.66154
4.7926,0.68017
4.8966,0.67468
5.0753,0.66322
5.5545,0.63509
5.4281,0.64211
5.5262,0.63878
5.5846,0.63664
5.0637,0.66588
5.0672,0.66648
5.5899,0.63672
6.1511,0.60758
5.5193,0.63706
4.8031,0.67873
5.1621,0.66294
6.1833,0.61341
5.6097,0.63808
5.8865,0.62903
5.6214,0.64066
6.0927,0.61292
5.3856,0.64636
5.2888,0.65435
5.7979,0.6315
5.6444,0.63694
5.6355,0.639
5.2764,0.65945
5.1331,0.66674
5.1304,0.66463
5.4339,0.64858
5.4394,0.64776
5.4045,0.65272
5.4389,0.64967
5.5977,0.64355
5.7412,0.63802
5.4551,0.65008
5.4241,0.65444
4.8685,0.68208
4.9517,0.6774
6.3014,0.60269
5.1978,0.65937
5.6195,0.64389
5.3205,0.66102
5.5536,0.64829
6.1792,0.62171
5.7084,0.64527
5.734,0.64519
6.1116,0.62859
5.8591,0.63872
4.7228,0.6957
4.6917,0.69375
5.2415,0.66401
4.6598,0.69355
4.9754,0.68215
4.9649,0.68145
5.3816,0.6547
5.0608,0.67619
4.7175,0.69972
4.6767,0.70365
5.333,0.66822
4.9424,0.68655
5.2621,0.66789
6.0897,0.63252
6.4125,0.61902
5.5174,0.65733
6.0138,0.63704
5.4685,0.65645
5.936,0.63302
5.2316,0.67095
5.7582,0.64647
5.8319,0.64341
5.3304,0.6637
3.7295,0.75332
5.68,0.64734
5.5316,0.6571
5.5805,0.65433
5.3825,0.66527
4.785,0.698
5.7763,0.64746
5.8948,0.63668
5.8048,0.64584
5.7508,0.64985
5.766,0.64819
6.1506,0.62882
5.8633,0.64687
5.4434,0.66601
5.5827,0.65683
5.7603,0.64446
5.6288,0.65301
5.2431,0.6731
5.658,0.65489
5.5443,0.65849
5.5011,0.65899
5.8802,0.63923
5.4334,0.66366
5.2913,0.67137
5.2452,0.6737
5.0747,0.68243
5.0344,0.68001
5.1873,0.67434
5.3606,0.66933
5.8156,0.64921
5.7869,0.6469
5.263,0.67448
5.4727,0.66666
5.3363,0.67345
5.6148,0.65623
5.4967,0.66308
5.3548,0.67046
3.3606,0.78913
3.4302,0.78289
5.9373,0.6434
5.8017,0.65238
6.2391,0.63031
5.8527,0.64551
6.1393,0.6366
6.2322,0.63485
6.3458,0.6254
4.0522,0.74131
4.0731,0.73885
6.0762,0.63658
5.4539,0.67047
3.6902,0.76702
3.9365,0.7479
5.2626,0.67581
4.4058,0.71695
4.4181,0.71825
3.8368,0.75741
3.8273,0.7584
3.8859,0.75493
4.1674,0.73473
6.0235,0.63626
5.3769,0.67301
4.901,0.70027
5.5823,0.66327
3.9014,0.7499
4.9811,0.69243
5.2986,0.67451
4.9807,0.69117
5.7131,0.65191
5.9784,0.64521
5.5646,0.66614
4.0405,0.74964
4.9488,0.70256
5.5024,0.67387
5.1145,0.68837
5.443,0.66922
5.0982,0.68895
4.524,0.72246
6.1335,0.64258
5.0354,0.69142
4.2801,0.7261
4.3838,0.72017
4.406,0.72218
5.9284,0.64926
4.1787,0.73885
5.6666,0.66146
5.7802,0.65566
4.9618,0.69963
5.3256,0.67779
5.5829,0.66133
5.469,0.66529
5.4898,0.66514
5.5049,0.66643
4.8869,0.6982
4.5779,0.71491
4.8474,0.69904
5.0192,0.68763
5.4643,0.66335
3.8288,0.76206
3.5369,0.78534
3.5893,0.78451
3.979,0.75486
3.7683,0.7674
4.0596,0.74669
5.2409,0.68386
3.8949,0.75486
4.25,0.73136
6.5787,0.62115
7.0508,0.60745
5.4122,0.67638
5.4466,0.67674
5.5263,0.67075
5.6613,0.66236
1.3865,0.99685
5.5143,0.66998
6.3161,0.6307
6.2194,0.63824
5.9105,0.64887
6.7253,0.61902
6.3462,0.63385
6.2525,0.64011
6.2989,0.64169
5.2125,0.68965
6.4482,0.63283
1.2656,1.0205
6.2747,0.63554
5.3911,0.67488
5.7896,0.65572
5.9619,0.64636
6.85,0.61081
5.8071,0.65618
5.8617,0.65567
5.3321,0.68176
6.0805,0.6484
5.6846,0.66536
3.9396,0.75944
4.1874,0.74528
3.9298,0.76144
3.907,0.76176
4.4265,0.72874
4.2517,0.73957
5.0559,0.69677
5.7833,0.65957
6.1859,0.63981
5.8207,0.65974
3.8731,0.76848
5.692,0.66985
3.9589,0.75966
3.9151,0.7597
5.4536,0.67641
5.5512,0.67246
5.5805,0.67064
5.5378,0.6706
4.4248,0.72573
4.1321,0.74633
5.3259,0.6851
3.9822,0.75783
6.1562,0.64914
3.9162,0.76448
3.9916,0.75904
3.8919,0.76546
3.8211,0.76991
3.9785,0.75977
5.5585,0.67005
3.9029,0.76114
3.9068,0.7603
5.4421,0.67755
5.4619,0.67704
5.717,0.6678
5.4123,0.68092
6.3957,0.6399
4.0948,0.75508
4.0726,0.75478
6.2943,0.64298
4.1085,0.74762
4.204,0.74152
4.1916,0.74273
6.1775,0.64144
5.7929,0.65833
5.5711,0.67416
3.8706,0.76267
4.1092,0.74485
6.5658,0.62628
6.3277,0.63961
6.4856,0.63498
6.3993,0.63877
5.9779,0.6569
7.152,0.61132
6.226,0.64702
4.4141,0.73246
4.0309,0.75375
4.3258,0.73731
4.0762,0.75475
5.2901,0.69148
5.6811,0.67035
6.0805,0.65016
6.2033,0.64517
6.5381,0.62988
6.3398,0.63882
6.0572,0.6497
6.0852,0.6516
5.6053,0.67778
6.3173,0.64075
6.3048,0.64297
6.0695,0.65444
4.2647,0.74314
3.6378,0.78958
3.8134,0.77838
5.5636,0.68047
5.8413,0.66498
4.2506,0.74476
5.8185,0.66733
5.7341,0.67066
5.5724,0.67925
5.5469,0.67913
5.7529,0.66521
6.1286,0.64992
5.8237,0.66441
5.7944,0.66919
5.952,0.66221
6.0171,0.66059
6.4312,0.64268
6.0318,0.66068
6.0538,0.6579
6.3862,0.64375
5.7111,0.67129
6.2193,0.64802
5.7645,0.66652
6.2135,0.64801
5.8417,0.66628
5.4966,0.68404
5.6584,0.67426
5.3115,0.69203
5.5344,0.67928
5.4749,0.68471
5.4052,0.68682
5.5845,0.67553
5.431,0.68585
4.8744,0.71414
5.3906,0.68905
5.8527,0.664
5.5841,0.67681
3.8241,0.77237
3.9953,0.76684
5.4853,0.68401
3.9789,0.76609
4.1775,0.75045
4.4857,0.73322
5.9289,0.6655
3.7907,0.78128
3.8173,0.77915
4.0975,0.75972
4.1165,0.76081
5.5669,0.68109
5.8326,0.66761
6.424,0.6403
7.3153,0.60713
4.5246,0.73438
4.0168,0.76595
6.172,0.65459
4.429,0.73791
4.3912,0.73908
4.3537,0.74034
4.2038,0.75078
6.2122,0.65036
4.4491,0.73293
4.1886,0.74738
5.9657,0.66047
5.6372,0.67897
5.725,0.67565
5.732,0.67826
4.2101,0.75583
4.1066,0.76109
5.7916,0.67125
4.6136,0.72772
5.4739,0.68345
4.0867,0.75775
4.2333,0.75011
5.6433,0.67855
5.5571,0.68302
5.6103,0.67921
6.7248,0.62819
6.319,0.64449
6.3064,0.64961
6.4264,0.64545
6.4622,0.64042
4.6057,0.7253
4.3175,0.74625
4.2711,0.74921
4.439,0.74062
5.8414,0.67175
5.9794,0.66765
6.125,0.65924
6.0423,0.66131
5.9938,0.66378
6.0061,0.66721
6.4414,0.64855
4.9293,0.71481
6.1117,0.65816
6.2871,0.64925
6.0397,0.66154
5.5407,0.68684
6.1031,0.66207
4.003,0.76679
6.9978,0.62282
7.0758,0.62009
6.725,0.6366
7.0632,0.62373
6.1469,0.65924
6.1758,0.65668
6.24,0.65188
6.109,0.65723
6.9151,0.62887
6.7213,0.63778
5.4547,0.68913
4.3095,0.74806
5.6953,0.67585
5.5341,0.68387
5.8155,0.67293
5.8246,0.67203
4.2545,0.75313
5.5756,0.68611
4.1432,0.76134
5.7946,0.6732
5.8461,0.66981
4.318,0.74682
5.6569,0.6818
5.861,0.67241
6.2736,0.64967
6.3381,0.64796
6.3359,0.65079
6.2007,0.65848
