10.632,0.58769
11.298,0.56255
10.506,0.58893
11.49,0.5623
10.697,0.58256
10.058,0.60189
10.495,0.59438
10.713,0.58801
9.9778,0.60932
10.347,0.59794
9.8578,0.60955
10.511,0.5916
10.694,0.58696
10.546,0.59102
10.799,0.58011
10.904,0.57666
10.679,0.58149
10.762,0.58094
10.418,0.58943
9.71,0.61077
10.354,0.59228
10.303,0.59603
10.084,0.60268
10.128,0.60198
10.584,0.58916
11.251,0.56279
10.837,0.57812
11.134,0.56873
10.974,0.57641
10.821,0.5796
10.518,0.5865
10.455,0.59142
10.246,0.59419
10.692,0.58297
10.599,0.58742
10.293,0.59658
10.31,0.59805
8.4445,0.66129
9.018,0.63876
9.7627,0.61564
11.07,0.56925
10.259,0.59781
10.105,0.60564
10.31,0.59126
10.663,0.58411
9.0173,0.63395
9.6243,0.61414
9.1515,0.6321
11.047,0.57046
10.718,0.57738
10.51,0.58524
10.869,0.57672
9.4105,0.61807
9.2378,0.62266
8.8649,0.64071
9.7245,0.61377
9.6912,0.61218
8.0465,0.67932
8.6292,0.65363
8.8132,0.64312
8.4803,0.65117
9.2549,0.62562
7.6873,0.68364
8.8198,0.6458
8.8117,0.64691
8.686,0.64857
8.9809,0.63698
8.5492,0.65124
8.6913,0.64067
8.2153,0.65873
8.124,0.66531
7.5206,0.68735
8.4093,0.65203
8.5052,0.64778
8.7721,0.63665
9.0164,0.62773
8.7942,0.6381
8.2856,0.65366
8.513,0.64709
8.2191,0.65489
8.5009,0.64324
8.5058,0.64637
7.8678,0.67126
8.7055,0.64092
7.1752,0.70449
8.2376,0.65386
7.3773,0.69
7.4347,0.68622
7.3983,0.68907
7.3399,0.68922
7.1152,0.70043
7.8511,0.66564
7.2045,0.69392
8.2082,0.65017
7.9145,0.66323
8.7639,0.6309
6.9275,0.70557
7.5629,0.67494
7.487,0.67725
7.0734,0.69235
6.2497,0.74252
6.1565,0.74369
6.2789,0.73637
7.3328,0.68034
7.4654,0.67576
6.9234,0.69596
6.5121,0.71833
6.806,0.70537
6.5507,0.72075
6.7218,0.71046
5.4265,0.77849
6.0544,0.7435
5.6554,0.76543
5.5868,0.76452
6.084,0.73957
6.1015,0.73529
6.3276,0.72312
5.2667,0.78249
5.3314,0.77803
5.9552,0.74164
5.7617,0.74976
4.8925,0.80512
5.5315,0.76446
5.3399,0.77564
4.4419,0.82985
5.6015,0.75478
4.6562,0.81054
5.6249,0.75352
4.3918,0.82861
4.5948,0.81487
5.694,0.74423
6.6332,0.69598
5.8728,0.73043
6.4493,0.70379
5.836,0.73641
5.642,0.74691
5.9856,0.72541
5.7612,0.73982
5.6729,0.74446
5.328,0.76021
4.4453,0.81899
5.7475,0.73624
4.5539,0.8117
5.116,0.77251
4.8997,0.78584
6.185,0.71021
5.467,0.74784
5.8886,0.72548
4.7121,0.79448
4.8819,0.78263
5.0717,0.76919
5.0504,0.76864
4.6468,0.79722
5.1819,0.7596
4.4503,0.80987
4.463,0.80901
4.4518,0.80915
4.7285,0.79055
5.218,0.75561
4.9597,0.77393
4.6403,0.7929
4.7607,0.78424
3.9476,0.84405
3.9163,0.8464
4.8767,0.77407
3.7346,0.85994
4.2495,0.81804
4.1301,0.82643
5.2837,0.74789
5.0879,0.76148
4.9065,0.77143
5.5177,0.73419
5.4696,0.73529
4.7952,0.77824
4.9676,0.76512
4.9957,0.76376
5.0886,0.75692
5.4129,0.73915
5.2879,0.74622
3.4847,0.87818
5.0104,0.75948
5.2745,0.7452
5.1407,0.75268
4.874,0.76875
4.7012,0.78121
4.786,0.7737
5.0358,0.75854
4.7274,0.78033
4.5401,0.79366
4.1271,0.82095
4.7928,0.77294
3.8142,0.8449
4.7526,0.77309
4.6391,0.78184
4.9975,0.75863
4.8202,0.77043
4.5691,0.78542
4.6598,0.78088
4.1837,0.81215
4.5356,0.78643
4.487,0.79005
4.431,0.79613
4.6376,0.78225
4.5182,0.78692
3.7101,0.85171
3.7912,0.84451
3.7525,0.84542
4.4021,0.79586
3.003,0.91616
4.4587,0.79108
3.9988,0.82669
4.1729,0.81266
4.0624,0.81933
3.5792,0.85854
3.9695,0.82612
3.9301,0.82917
4.8735,0.76175
4.5263,0.78426
4.1198,0.81289
4.4041,0.79139
4.3215,0.79784
4.1427,0.81083
4.4845,0.7871
4.7156,0.77041
4.389,0.79239
4.0936,0.81321
4.3628,0.79421
4.3856,0.79261
4.7885,0.76195
4.3933,0.78713
4.1877,0.80237
3.5041,0.86146
4.5864,0.77759
4.2022,0.80385
3.6944,0.84568
3.8814,0.82962
3.2514,0.88587
3.8725,0.831
3.3064,0.88001
4.7584,0.76486
3.9257,0.82145
3.9361,0.82007
3.9163,0.82147
3.8626,0.82663
4.1133,0.80718
3.6086,0.84924
3.981,0.81925
3.7412,0.83794
2.9614,0.90876
3.5567,0.85267
3.6919,0.84037
3.0836,0.89578
3.8651,0.82812
4.7622,0.76349
3.6848,0.84356
3.8782,0.82861
3.187,0.88799
4.22,0.80048
3.5958,0.84854
3.9184,0.82305
3.5352,0.85434
3.3561,0.86967
3.4528,0.86159
3.0885,0.89642
3.4993,0.85905
3.3086,0.87547
3.1111,0.89496
3.6625,0.84352
3.4471,0.86246
3.7793,0.83397
2.919,0.91257
3.9438,0.82023
3.389,0.86508
3.7959,0.82956
3.6113,0.84423
3.7785,0.82865
4.0826,0.80561
4.2411,0.79635
3.4439,0.85963
4.4023,0.78141
2.8293,0.92139
3.8806,0.82482
3.4216,0.8632
3.2569,0.87844
3.4039,0.86404
3.739,0.83381
3.8229,0.82926
3.3437,0.87042
4.5119,0.7769
3.7448,0.83057
4.2308,0.79106
3.3632,0.86536
3.1842,0.88327
3.6872,0.83672
3.6893,0.83597
3.6349,0.84006
3.5102,0.85028
3.8617,0.82106
3.5424,0.84899
3.5731,0.84477
4.2603,0.78747
3.7283,0.82985
3.6808,0.83447
3.42,0.85697
3.7553,0.83014
3.6344,0.83862
3.808,0.82584
3.2214,0.87621
3.5993,0.8409
2.8977,0.90993
3.662,0.83428
3.9024,0.81524
2.6443,0.93734
2.4118,0.96372
3.6094,0.84267
2.6392,0.94004
3.1818,0.88182
2.9235,0.90722
3.177,0.8806
2.4096,0.96505
3.0341,0.89396
2.9411,0.9035
2.4791,0.95481
3.1689,0.8813
3.9563,0.81253
3.7314,0.82846
3.7339,0.82991
3.5531,0.84558
3.0404,0.89199
2.6439,0.93459
2.9935,0.89733
2.7295,0.92608
3.0983,0.88661
3.3543,0.86196
2.577,0.9441
3.7803,0.82719
3.7964,0.82096
2.9409,0.90483
3.1867,0.87889
2.7531,0.92072
3.2606,0.86929
3.0121,0.89245
3.3514,0.86197
3.7131,0.82961
3.0314,0.89365
3.0585,0.89008
3.293,0.86421
3.6288,0.83601
3.1632,0.87655
3.2117,0.87558
3.0167,0.89375
3.3675,0.85917
3.2164,0.87513
3.607,0.83819
2.8377,0.91192
3.1371,0.88182
3.4723,0.84956
3.7629,0.82544
3.4954,0.84836
3.5959,0.84139
3.6712,0.83179
3.1593,0.87933
2.9057,0.9044
3.8849,0.81248
3.3596,0.85924
3.1093,0.88218
3.433,0.85031
3.3037,0.86246
3.282,0.866
3.2655,0.8689
3.6577,0.83157
3.0895,0.88347
3.087,0.88502
3.3667,0.85953
2.2986,0.97618
2.7834,0.91888
2.9417,0.90106
3.2083,0.87452
3.2467,0.87008
2.8408,0.91018
3.1283,0.88283
2.9641,0.89582
3.4164,0.85099
2.7805,0.91804
3.4172,0.85081
3.3935,0.85519
3.1537,0.87532
3.667,0.83164
2.6576,0.93056
2.2118,0.98653
3.1796,0.87564
2.4403,0.95734
3.3666,0.85922
3.1098,0.88216
3.0551,0.88871
3.3725,0.85863
3.2735,0.86792
3.3421,0.85931
3.0444,0.88921
3.1003,0.88468
2.5467,0.94427
3.8553,0.81531
3.7139,0.82813
3.261,0.86674
2.651,0.9315
2.8986,0.90399
2.9685,0.89673
3.4023,0.85369
2.4879,0.94892
3.5907,0.83559
2.8446,0.90774
3.0059,0.89062
2.0018,1.0163
3.3271,0.85966
2.439,0.95285
2.2989,0.97284
2.7744,0.91646
2.9883,0.89307
3.0922,0.88366
3.6763,0.82759
3.3584,0.85426
3.1658,0.87415
3.1545,0.87608
3.1315,0.87843
3.0944,0.88191
3.1242,0.87807
3.4186,0.85186
3.4368,0.84817
3.4347,0.84684
3.2652,0.86341
3.0986,0.87887
3.4308,0.84677
3.6323,0.82995
3.2693,0.8631
3.239,0.86591
3.4327,0.84784
3.2466,0.8655
2.8778,0.90158
3.2766,0.86087
3.1411,0.87484
3.4825,0.84256
2.5173,0.94256
3.3577,0.85653
2.5216,0.94155
3.1085,0.87854
2.8784,0.90135
2.4238,0.95412
2.7756,0.91433
2.7319,0.91816
2.8235,0.90826
2.7017,0.92197
2.2401,0.97805
2.845,0.90572
2.9991,0.88754
2.6106,0.93046
2.5505,0.93743
2.9684,0.8909
2.8804,0.89947
3.3392,0.85328
2.9495,0.89349
2.8364,0.90511
3.3876,0.84926
2.8886,0.89906
3.1403,0.87338
2.958,0.89124
3.3912,0.84744
3.2255,0.8648
3.3283,0.85673
2.848,0.90148
3.095,0.87779
2.3675,0.95704
2.3386,0.96309
2.6436,0.92507
2.5438,0.9388
2.4559,0.94798
2.3524,0.96194
2.4852,0.94635
2.5886,0.93317
2.9906,0.8872
3.2213,0.8653
3.0581,0.88166
2.7635,0.91299
2.5209,0.94042
2.9039,0.89652
2.3735,0.95916
2.8135,0.9069
2.2793,0.97032
3.0531,0.88291
2.6246,0.92789
3.1562,0.87194
2.6369,0.92703
2.344,0.96401
3.1722,0.86973
3.1748,0.87073
2.5992,0.93031
2.7514,0.91372
3.1605,0.87098
2.6315,0.92691
2.5603,0.93584
3.0454,0.88373
2.9684,0.89125
2.8416,0.90426
3.2118,0.86647
2.4745,0.94641
3.6201,0.8283
2.3856,0.95619
2.8389,0.90297
2.0688,0.9982
3.089,0.87703
2.6625,0.92241
2.9268,0.89257
2.3112,0.96617
2.7868,0.90747
2.7031,0.91831
2.2263,0.9777
1.9196,1.0224
2.7597,0.91267
2.028,1.0052
2.6604,0.92451
2.029,1.0059
3.1563,0.87266
2.6271,0.92813
2.9736,0.89017
3.0673,0.87984
2.0744,0.99992
3.0397,0.884
2.3797,0.95739
2.9538,0.89148
3.2553,0.85973
2.8385,0.90417
2.7628,0.91312
2.6162,0.92934
2.834,0.90627
2.973,0.89085
3.1117,0.87677
2.7942,0.90964
2.4108,0.95327
2.5817,0.93294
2.3114,0.96526
2.488,0.94224
2.9034,0.89712
3.1286,0.8739
1.9764,1.0114
3.0426,0.88041
2.1746,0.98435
3.2863,0.85687
3.1621,0.86835
2.5889,0.92709
2.9088,0.89284
2.9282,0.89032
2.7092,0.9151
2.9459,0.88902
2.8113,0.9054
2.977,0.88745
1.9453,1.0162
2.6354,0.92382
1.9234,1.0206
2.9171,0.89334
2.9012,0.89469
3.0848,0.87531
3.134,0.8708
2.5721,0.9306
2.9827,0.88628
3.0015,0.88595
2.8426,0.89955
2.8321,0.90226
2.3408,0.95984
2.3337,0.96107
2.6267,0.92531
2.2306,0.97453
2.739,0.91353
2.6964,0.91974
2.6691,0.92166
2.26,0.97198
2.317,0.96251
2.1779,0.9806
2.6295,0.92566
2.8408,0.90069
3.0363,0.88006
2.9227,0.89324
2.9349,0.89142
2.2741,0.96904
3.0916,0.87344
3.1238,0.87062
3.2359,0.86032
2.7602,0.91005
3.0181,0.8834
2.2573,0.97235
2.6751,0.91979
2.6134,0.92793
2.7626,0.91008
2.6426,0.92492
2.3134,0.96447
2.7239,0.91369
2.8517,0.90107
3.3133,0.85476
2.5356,0.93642
2.3094,0.96359
2.8158,0.90197
2.7568,0.90862
2.3483,0.95571
2.2854,0.96596
2.1867,0.97959
2.9802,0.88384
2.8606,0.89732
3.0108,0.88001
2.5903,0.92894
2.2365,0.97382
2.5897,0.92724
2.0093,1.0063
2.9962,0.88493
2.8289,0.89968
2.0328,1.0015
2.5465,0.93111
2.6911,0.91533
2.3244,0.96108
2.5151,0.93602
2.4844,0.94059
2.3815,0.95198
2.0853,0.99191
2.442,0.94691
2.4762,0.94144
2.4166,0.94889
2.4812,0.94141
2.5589,0.93091
2.7186,0.91194
2.6788,0.91604
2.0531,0.99888
2.3438,0.95836
2.6219,0.92232
1.8891,1.0258
2.1355,0.98845
2.6996,0.91729
2.1501,0.98505
2.2568,0.97039
2.4042,0.95052
2.3929,0.95178
1.9748,1.0094
2.1732,0.98184
2.5356,0.93527
2.7508,0.90918
2.8103,0.90311
2.8044,0.90394
2.6958,0.91473
2.5194,0.93647
2.8211,0.90101
2.9816,0.88432
2.6503,0.92194
2.7352,0.91085
2.7327,0.91162
2.657,0.91987
2.2601,0.96908
2.6991,0.9153
2.8732,0.89589
2.16,0.98093
2.3458,0.95737
2.3124,0.96126
2.5095,0.93654
2.5759,0.92871
2.5377,0.93357
2.1629,0.98343
2.7408,0.90953
2.5674,0.93065
2.1753,0.98045
2.4419,0.94441
3.0077,0.88154
2.8447,0.89724
2.4132,0.94861
2.9278,0.88914
2.9591,0.88621
2.7388,0.91006
2.4391,0.94379
2.5305,0.93583
2.5247,0.93566
2.7525,0.9107
2.7364,0.91116
2.1739,0.98169
1.9557,1.012
2.4685,0.94222
2.5864,0.92827
2.3796,0.9525
2.2102,0.97438
2.4183,0.94899
1.9255,1.0162
2.9887,0.8825
2.7042,0.91074
2.8179,0.90032
2.8311,0.89779
2.7087,0.91173
2.5985,0.92421
2.5985,0.92415
2.6647,0.91869
2.8603,0.90009
2.9655,0.88673
2.895,0.89466
3.1002,0.87103
2.0638,0.99507
2.1017,0.9879
2.1917,0.9758
2.0889,0.99241
2.5341,0.93514
2.6291,0.92357
2.5274,0.93586
2.6665,0.92118
2.2758,0.96888
2.5764,0.93023
2.1969,0.97733
2.1597,0.98292
2.349,0.95251
2.7425,0.90902
2.8184,0.90006
2.915,0.89196
2.5069,0.93552
2.9659,0.88307
3.0682,0.87374
2.3704,0.95292
2.9737,0.88352
2.8299,0.89862
2.5401,0.92982
2.7113,0.91351
2.8328,0.89738
2.8244,0.89919
2.6996,0.91422
2.8428,0.89788
2.7775,0.90428
2.5132,0.93499
2.2529,0.96797
2.2657,0.96922
2.5149,0.93619
2.7806,0.9058
2.3039,0.96444
2.2231,0.97287
2.6663,0.91917
2.5026,0.93867
2.6483,0.92056
2.5616,0.93114
2.483,0.93977
2.3567,0.95529
2.4061,0.95019
2.616,0.92582
2.4077,0.95048
2.2917,0.96382
2.3837,0.95172
2.9772,0.88343
2.9599,0.88581
2.3936,0.95194
2.2127,0.97531
2.4076,0.95003
2.6574,0.92047
2.2894,0.96491
2.0463,0.99912
2.799,0.9047
2.4797,0.94151
2.4778,0.94021
2.6028,0.92663
2.6619,0.9199
2.691,0.91688
2.6269,0.92244
1.9586,1.0103
1.957,1.011
2.7007,0.91242
1.9212,1.0168
2.7276,0.91044
2.6021,0.92289
2.9008,0.89255
2.2866,0.96391
2.362,0.95447
2.5071,0.93597
2.4982,0.93754
2.5695,0.93016
2.7151,0.91319
2.696,0.91285
2.5763,0.92854
2.4574,0.94177
2.1137,0.98805
3.0673,0.87689
2.6281,0.92195
2.5681,0.92947
2.0519,0.99769
3.1215,0.86903
3.0892,0.87232
2.4867,0.94035
2.8958,0.89173
2.598,0.92542
1.9502,1.0121
2.4069,0.94913
2.4209,0.9477
2.2369,0.97209
2.635,0.92112
2.3808,0.95198
2.2133,0.97439
2.597,0.92526
2.5015,0.93717
3.142,0.86998
2.0932,0.99328
2.6591,0.9207
2.5235,0.93613
2.306,0.96397
2.3653,0.95623
2.6902,0.91494
2.1285,0.98727
2.3752,0.95485
2.5461,0.93232
2.712,0.91376
2.7904,0.9053
2.5716,0.9295
2.9422,0.88759
3.0867,0.87386
2.8671,0.89697
2.8144,0.90112
2.5953,0.92605
2.6929,0.91543
2.3865,0.95241
2.5294,0.93355
2.6833,0.91627
2.7593,0.90745
3.3003,0.85169
2.5403,0.93181
3.0554,0.87449
2.8589,0.89466
2.497,0.93825
2.3336,0.95971
1.8622,1.025
1.885,1.022
2.3755,0.95324
2.1589,0.98223
1.9451,1.0136
2.1214,0.98665
2.1339,0.98229
1.9936,1.0049
2.1721,0.97828
2.3031,0.96155
2.1739,0.97889
2.4476,0.94288
2.3734,0.95416
2.2607,0.96714
2.3816,0.95144
1.9325,1.0135
2.1854,0.97818
2.6176,0.92398
2.6471,0.91823
2.9188,0.88756
2.7114,0.91054
2.4812,0.93728
2.3005,0.95943
2.5775,0.92669
2.7208,0.90995
2.7556,0.90751
3.1344,0.86556
2.8075,0.90132
2.1864,0.97626
2.3343,0.95699
2.3749,0.94924
2.0786,0.99006
2.4637,0.9399
2.446,0.9438
2.4006,0.94865
2.4138,0.94802
2.2316,0.97297
2.6849,0.91611
2.4215,0.94699
3.0379,0.87684
2.9277,0.88903
3.0346,0.87835
2.7704,0.90644
2.4813,0.941
2.3077,0.96195
2.3001,0.96234
2.1087,0.99081
2.3783,0.95148
2.2198,0.97225
3.056,0.87557
2.1721,0.98031
2.1538,0.9828
2.4722,0.93992
2.0441,0.9968
3.0708,0.87209
2.5469,0.93063
2.9813,0.88272
2.5009,0.9384
3.2044,0.86197
3.2223,0.85921
2.9168,0.88894
2.9857,0.88099
2.8531,0.89463
2.2301,0.97048
2.7137,0.90951
3.1131,0.8677
2.351,0.95541
2.436,0.94415
2.4354,0.94445
2.2526,0.96797
2.2447,0.96728
2.8431,0.89686
3.0656,0.87243
2.839,0.89856
3.0103,0.87645
2.3602,0.95327
2.0727,0.99234
2.5905,0.92414
2.2379,0.96766
1.7389,1.0465
1.947,1.0137
2.3573,0.95609
2.5808,0.92531
2.454,0.94139
2.9949,0.88063
2.6092,0.92094
2.0323,0.99586
2.4792,0.93795
2.8202,0.89915
2.1733,0.97648
2.3803,0.9498
2.4513,0.9405
2.6157,0.92262
2.4473,0.94341
2.7576,0.90368
2.7386,0.90955
2.086,0.9891
2.4435,0.93972
2.1412,0.98081
2.1184,0.98571
2.1858,0.97548
2.4515,0.94213
2.665,0.91634
2.6924,0.91641
2.3076,0.96142
2.4049,0.94792
2.4442,0.94316
2.6695,0.91571
2.1837,0.97748
2.0836,0.98978
2.9745,0.88315
2.5622,0.92814
2.5606,0.92988
2.8296,0.89966
2.9193,0.88959
2.6803,0.91667
2.6284,0.91985
2.6655,0.91523
2.3758,0.95153
2.1595,0.98066
2.5077,0.93514
2.4794,0.93695
2.349,0.95396
2.6522,0.91703
2.5887,0.92438
2.5028,0.93463
2.217,0.97152
2.3556,0.95427
2.3122,0.95955
2.4535,0.94177
2.2449,0.96837
2.4261,0.94563
2.2965,0.96156
2.4953,0.93641
2.1213,0.98532
2.2775,0.9663
2.1807,0.97764
2.1693,0.97989
2.228,0.97096
2.3352,0.95767
2.4196,0.94801
1.9471,1.0136
2.6503,0.91972
2.8101,0.90104
2.2038,0.97424
2.9475,0.88642
2.8343,0.89615
3.0746,0.87264
2.4213,0.94394
2.5211,0.93245
2.0744,0.99205
2.5991,0.92303
2.2141,0.9721
1.9798,1.0052
2.1467,0.98025
2.789,0.90348
2.4102,0.9457
3.0131,0.87866
2.3267,0.95541
1.924,1.0139
2.0582,0.99275
2.0645,0.99272
2.2896,0.96343
2.2335,0.96998
2.5718,0.92671
2.7531,0.90605
2.6615,0.91542
2.5346,0.93101
2.4299,0.94307
2.479,0.93806
2.536,0.93093
2.4105,0.94585
2.1158,0.9866
1.9496,1.0101
2.5517,0.9247
2.518,0.92931
2.2164,0.97151
2.3898,0.94958
2.5901,0.92414
2.0536,0.99321
2.6996,0.91083
2.2078,0.97213
2.8076,0.89631
1.8992,1.0166
2.1655,0.97722
2.1643,0.97866
2.1824,0.97481
2.1409,0.98101
1.9545,1.0089
2.5666,0.92622
2.2239,0.96974
2.1068,0.98558
2.75,0.90492
2.3276,0.95474
2.7213,0.90782
2.1471,0.98015
3.1051,0.86688
2.2052,0.97195
2.081,0.98829
2.3804,0.95006
2.2514,0.96612
2.1715,0.97723
2.8433,0.89561
2.7488,0.9064
2.5027,0.93508
2.3488,0.95364
2.6207,0.9226
2.7288,0.90889
2.8267,0.89834
2.6694,0.91529
2.298,0.95968
2.6101,0.92186
1.9554,1.0076
2.5467,0.92998
2.5158,0.93187
2.4401,0.94182
2.2874,0.9605
2.5177,0.93268
2.0751,0.99245
2.3691,0.95052
2.7342,0.90963
2.7848,0.90289
2.5912,0.92413
2.475,0.93725
2.4483,0.94129
2.3653,0.95362
2.1194,0.98357
2.6176,0.91985
1.9856,1.0034
2.2643,0.96469
2.1305,0.98039
2.409,0.94406
2.3243,0.9563
2.4965,0.93436
2.7508,0.90374
2.4431,0.93964
2.3424,0.95349
2.4813,0.93438
2.3574,0.95132
1.9142,1.013
1.8845,1.0202
2.0121,0.99873
2.3011,0.96076
2.1853,0.97524
2.2248,0.97159
2.4487,0.94334
2.7718,0.90291
2.0061,0.99896
2.7219,0.90749
2.4486,0.93995
2.3308,0.95426
2.3945,0.94747
2.449,0.9407
2.564,0.92675
2.3308,0.95532
2.3078,0.95762
1.997,1.0004
2.1884,0.97378
2.2883,0.96225
2.1188,0.98446
2.2384,0.96846
2.2209,0.96996
1.9787,1.006
2.5994,0.92354
2.9648,0.88163
2.482,0.93845
2.4358,0.94169
2.2119,0.9732
2.182,0.9773
2.5151,0.93559
2.041,0.9956
2.1095,0.98454
2.0821,0.99006
2.0148,1
2.0656,0.99119
2.7063,0.90926
1.9262,1.0107
2.2154,0.96813
2.1089,0.98251
2.3341,0.95185
2.0723,0.98859
2.4889,0.93505
2.3845,0.94712
2.3753,0.94981
2.085,0.98961
2.812,0.90018
2.0332,0.99754
2.417,0.94596
2.962,0.88526
2.9338,0.88618
2.9378,0.88607
2.7392,0.90641
1.9854,1.004
2.2519,0.96494
2.7031,0.91089
2.2961,0.95921
2.5036,0.93287
2.1749,0.97574
2.1811,0.97723
2.2886,0.96268
1.9217,1.0148
2.261,0.96571
2.799,0.9002
2.4448,0.94142
2.3987,0.94825
2.2181,0.97171
2.4963,0.9352
2.0791,0.98872
2.2119,0.97195
2.1468,0.97801
2.0807,0.98752
2.4328,0.94192
2.8602,0.89061
3.1287,0.86482
2.4461,0.94064
2.9357,0.88372
2.4778,0.93501
2.0706,0.99019
2.553,0.93035
2.5494,0.92871
2.4788,0.93792
2.2925,0.95998
2.5299,0.92924
2.5412,0.93012
1.9624,1.0047
2.3235,0.95413
1.9781,1.0038
2.3153,0.95681
2.1103,0.98446
2.6862,0.91068
2.6202,0.91896
3.0017,0.87651
2.975,0.88092
2.9028,0.8884
3.04,0.87294
2.9353,0.88508
2.2923,0.95955
2.5197,0.93063
2.6259,0.91885
2.1683,0.97596
1.9712,1.0045
2.7954,0.89979
2.3109,0.95848
2.3904,0.94695
2.6781,0.91294
2.6676,0.91422
2.9272,0.88879
3.18,0.86043
2.1927,0.97532
2.0789,0.99045
2.1136,0.98419
2.8723,0.89055
2.0636,0.99201
2.2329,0.9686
2.5355,0.92838
2.0577,0.99206
2.276,0.96276
2.2568,0.9661
2.9116,0.88765
2.5294,0.93213
2.7108,0.91145
2.3423,0.95586
2.8898,0.89036
2.8924,0.88932
2.399,0.94849
2.3267,0.95542
2.7675,0.90441
2.5965,0.92479
2.4187,0.94487
2.3938,0.94772
2.3571,0.95104
1.8651,1.0212
2.6843,0.91106
2.4283,0.94148
2.2638,0.96387
2.0621,0.98993
1.9752,1.0056
2.1895,0.97218
2.6375,0.91631
2.0683,0.99039
2.2006,0.97281
2.2504,0.96469
2.2533,0.96575
2.1302,0.98053
2.2272,0.96851
2.5765,0.92523
2.8166,0.8983
2.6038,0.9231
2.6537,0.91548
2.6508,0.91643
2.4438,0.94122
2.6927,0.91298
2.3368,0.95326
3.4327,0.83719
2.5608,0.92708
2.3223,0.95639
2.3686,0.94784
2.2443,0.9653
2.4314,0.93999
2.4493,0.93916
2.2882,0.96176
2.3028,0.9582
2.2063,0.97257
2.789,0.90239
2.6506,0.91551
2.4943,0.93277
2.0608,0.99089
2.2505,0.96671
2.2897,0.95917
2.0817,0.98737
2.6857,0.91011
2.7198,0.90651
2.9582,0.87997
2.2639,0.96227
2.3881,0.94582
2.2151,0.96864
1.8265,1.0252
2.4651,0.93478
2.0058,0.99651
2.0393,0.99031
2.1887,0.97174
1.9396,1.0071
1.959,1.0042
2.0198,0.99423
2.2147,0.96684
1.9571,1.0039
2.8895,0.89072
2.8272,0.89706
2.6968,0.90918
2.442,0.93794
2.97,0.87909
2.3477,0.94906
2.3598,0.95008
2.4524,0.93613
2.4412,0.93776
2.1071,0.98212
2.3047,0.95497
1.8315,1.0241
2.7766,0.9016
2.0559,0.99167
1.9078,1.0115
2.1818,0.97193
2.3705,0.94655
2.2313,0.96526
2.4741,0.93368
2.0599,0.98952
2.9399,0.88417
2.5903,0.92078
2.6086,0.91986
2.4098,0.94217
3.0551,0.86607
2.3807,0.94407
1.9816,0.99944
2.3788,0.94662
2.7636,0.90212
2.9576,0.87729
2.0481,0.98901
1.8497,1.0169
1.9112,1.0103
2.2069,0.96589
2.6172,0.91434
2.0194,0.99225
2.0996,0.982
2.9302,0.88141
1.9946,0.99699
2.5358,0.92745
2.4476,0.93673
2.0751,0.98569
2.5953,0.918
2.1613,0.97281
1.9986,0.99431
2.1015,0.981
2.1818,0.97159
2.2376,0.96259
2.802,0.89389
2.1491,0.97232
2.2171,0.96531
2.5309,0.92504
2.6417,0.91473
2.7629,0.9015
2.7211,0.90169
2.4868,0.93101
2.5003,0.931
2.4075,0.94141
2.8445,0.89278
3.0736,0.86685
2.6388,0.91033
2.4966,0.92727
2.6862,0.9047
2.6744,0.90943
2.5878,0.92124
2.3841,0.94433
2.5017,0.9303
2.8883,0.88713
2.6652,0.91498
2.6,0.92014
2.64,0.91492
2.7495,0.90418
3.1521,0.86226
3.3558,0.84519
2.8013,0.90195
3.3522,0.84561
3.0273,0.87837
2.7575,0.90885
2.9743,0.88565
3.0784,0.87525
3.4252,0.8446
3.8642,0.80789
3.297,0.85853
4.1745,0.78981
4.1385,0.79171
3.7009,0.8296
3.7866,0.82596
4.618,0.76806
4.6476,0.76928
4.0622,0.81072
4.1927,0.79551
3.5639,0.84843
4.2229,0.79458
4.7753,0.76325
4.281,0.79439
4.7898,0.76562
4.4095,0.792
4.673,0.77803
4.7638,0.76971
5.3303,0.74655
5.6804,0.72594
5.7535,0.72582
5.841,0.72194
6.1789,0.70469
6.0168,0.71212
6.0385,0.70898
6.0237,0.70887
6.4776,0.6919
6.4483,0.69268
6.4842,0.69222
6.6453,0.68414
6.5747,0.68582
6.56,0.68665
7.2908,0.65409
7.121,0.66614
7.0478,0.669
6.9275,0.67294
7.1951,0.6624
6.8716,0.67462
7.1344,0.66577
7.111,0.66241
7.3765,0.65119
6.8959,0.67177
6.8831,0.66968
7.153,0.65814
6.8818,0.67267
6.9364,0.66999
6.9718,0.66651
7.1679,0.65897
6.9894,0.66667
7.3388,0.65309
7.3784,0.6516
8.2393,0.61537
7.7375,0.63792
8.2305,0.61952
7.8405,0.63171
8.3442,0.61764
8.0896,0.62499
8.1456,0.62263
8.4182,0.61075
8.2742,0.61851
7.6186,0.63624
7.8215,0.6311
7.7862,0.62974
7.9258,0.62529
8.9154,0.58755
7.898,0.62501
8.697,0.60207
9.7674,0.57275
9.0238,0.59027
8.426,0.61044
8.6401,0.60345
9.2383,0.585
9.9573,0.56539
10.001,0.56442
10.537,0.54872
9.6595,0.56865
10.205,0.55416
10.495,0.54752
10.316,0.55086
9.9893,0.56043
9.9924,0.55938
9.5983,0.56971
10.071,0.55808
9.9651,0.55997
10.492,0.54004
10.225,0.55211
10.42,0.54527
9.3823,0.56503
9.2457,0.56603
8.9358,0.57888
9.0068,0.5779
9.6134,0.56004
9.5502,0.56143
9.7577,0.55646
9.5185,0.56197
9.2043,0.57053
9.4362,0.56464
10.131,0.54775
10.184,0.54595
9.7396,0.55381
10.66,0.52641
10.252,0.53958
10.576,0.53014
10.315,0.53695
10.867,0.52349
10.971,0.51925
10.557,0.52844
10.455,0.53104
10.588,0.52669
11.468,0.50846
10.766,0.52445
10.525,0.5258
12.203,0.49007
12.776,0.47778
11.298,0.5066
11.862,0.49434
10.953,0.51451
10.94,0.51412
10.68,0.51956
10.237,0.53105
10.556,0.52369
11.405,0.5046
10.686,0.51921
12.711,0.47284
12.897,0.47118
10.926,0.51114
13.131,0.46429
12.197,0.48357
13.473,0.45701
10.814,0.51203
10.691,0.51424
10.047,0.52682
11.036,0.50262
11.447,0.49131
11.465,0.49244
10.639,0.5112
10.648,0.51245
12.954,0.46208
11.938,0.48369
12.096,0.48013
12.528,0.46964
12.185,0.4768
11.716,0.48525
11.322,0.49304
11.896,0.48068
11.692,0.48511
12.408,0.46906
12.811,0.45838
12.022,0.47643
11.932,0.47669
12.247,0.46916
11.81,0.4799
11.984,0.47504
11.59,0.48199
11.804,0.47702
10.081,0.51649
10.059,0.51755
12.43,0.46074
10.111,0.5133
9.8556,0.51726
10.804,0.49477
10.479,0.50217
10.587,0.50093
10.358,0.50596
11.092,0.48821
10.389,0.50541
10.161,0.51138
9.9361,0.51458
9.8133,0.5156
9.6858,0.52068
10.17,0.50836
10.627,0.49514
10.377,0.50179
10.492,0.49852
10.405,0.49984
10.952,0.48559
9.9494,0.509
10.126,0.50579
10.228,0.50133
10.592,0.49351
10.581,0.49274
10.685,0.49077
10.452,0.49636
10.226,0.50125
10.477,0.49481
7.4977,0.57434
7.1015,0.58715
9.9589,0.50686
9.6882,0.51324
6.6704,0.60044
9.725,0.51079
9.736,0.50865
9.7715,0.50691
9.5767,0.51026
10.198,0.49434
8.9495,0.52683
9.7005,0.5062
9.2203,0.51626
9.6374,0.50363
9.1983,0.51592
9.1654,0.51742
9.41,0.51336
9.0458,0.52476
8.8845,0.52583
9.1466,0.51852
6.2236,0.60893
9.6465,0.50441
6.1244,0.61143
5.7744,0.62611
6.022,0.61659
8.9566,0.52109
8.9605,0.5227
9.1513,0.51357
8.9953,0.5182
9.3057,0.51198
8.9956,0.51943
9.077,0.51709
9.0315,0.51476
9.1689,0.51388
8.9799,0.51581
8.3385,0.53345
9.1438,0.50896
9.1153,0.51248
9.2014,0.5099
9.255,0.50704
9.3646,0.50277
8.6871,0.5247
9.2062,0.50891
9.3573,0.50387
9.5167,0.5001
9.5884,0.4974
9.4889,0.49881
9.7146,0.49103
9.5573,0.49552
9.5706,0.49492
9.4694,0.49786
9.3464,0.49971
9.2493,0.50367
8.6693,0.51982
9.0835,0.50818
9.0572,0.50773
8.8848,0.51304
8.6259,0.52063
7.4032,0.55836
8.171,0.53144
7.9778,0.53771
8.4691,0.52299
8.073,0.53548
7.8707,0.54106
8.1006,0.53444
7.7792,0.54194
7.7166,0.5456
7.879,0.54089
7.9027,0.53757
7.9175,0.53793
8.508,0.51925
7.4245,0.55479
7.5134,0.55055
8.305,0.52386
8.3357,0.52147
8.3297,0.52181
8.3591,0.52139
8.3642,0.52084
8.398,0.52032
8.4455,0.51863
7.7286,0.54096
7.7088,0.54109
7.9,0.53426
8.0567,0.52966
8.2648,0.51704
8.2355,0.52226
8.0514,0.52726
7.7315,0.53661
8.3133,0.51975
8.3075,0.51916
8.2455,0.52082
7.8264,0.53457
8.2363,0.5221
7.6932,0.53935
7.1505,0.55471
7.5642,0.53983
7.6288,0.53957
7.4139,0.54629
7.5572,0.54132
7.5897,0.54021
7.2886,0.54977
7.6406,0.53534
7.1609,0.5542
7.6801,0.53619
7.2885,0.54955
7.6924,0.53606
7.4752,0.54317
7.5253,0.54082
7.5442,0.54066
7.1665,0.55377
7.7322,0.53455
7.4017,0.5445
7.5198,0.54034
7.3758,0.54617
7.7198,0.53359
7.3674,0.54554
7.8079,0.53112
7.6424,0.53777
7.111,0.55393
7.6798,0.53357
7.6237,0.53584
7.3017,0.54771
7.6439,0.53659
7.3416,0.54566
7.9111,0.52794
7.7543,0.53263
7.4712,0.54116
7.2517,0.54872
7.2817,0.54786
6.9528,0.5591
6.9273,0.55857
7.1258,0.55179
7.6554,0.53292
6.8829,0.56107
7.011,0.55552
7.441,0.54037
7.3632,0.54441
7.198,0.54943
7.3734,0.54427
7.2976,0.54622
7.0565,0.55512
7.1937,0.55
7.2813,0.54666
7.3642,0.54361
7.5117,0.5379
7.4909,0.53873
7.2623,0.54746
7.7558,0.53134
7.7472,0.53145
7.1995,0.55034
7.1587,0.55096
7.6616,0.5336
7.4448,0.54028
7.4554,0.53894
7.1512,0.55026
7.4936,0.53766
7.0199,0.5552
6.6569,0.56803
6.9489,0.55684
7.2092,0.54767
7.007,0.55547
7.1619,0.54954
7.2863,0.54527
7.4213,0.5405
7.3652,0.54276
7.166,0.54919
7.1269,0.55009
7.2476,0.54617
7.1766,0.54839
7.3082,0.54404
7.2184,0.54732
7.2321,0.54572
6.9451,0.55551
7.7311,0.52865
7.5776,0.53446
7.5402,0.53592
7.3222,0.54336
7.1298,0.54926
7.4492,0.5387
7.5209,0.53639
7.6971,0.53017
6.9237,0.55764
7.4856,0.53655
7.1244,0.54901
6.9528,0.55441
6.9144,0.55652
7.3228,0.54206
7.3953,0.54073
7.2511,0.54601
6.9899,0.55513
7.3632,0.54158
6.9501,0.55596
7.5822,0.5334
7.5386,0.53442
6.8599,0.55855
6.9164,0.55615
7.3572,0.54108
6.9319,0.55431
7.2016,0.54609
7.4965,0.53586
7.7902,0.52651
7.8326,0.52397
7.7189,0.52873
7.6593,0.52957
7.108,0.5486
7.098,0.54876
7.6421,0.53114
7.1246,0.54821
7.2945,0.54196
6.9647,0.55344
7.7555,0.52807
7.142,0.54936
7.0419,0.55172
7.258,0.54329
8.1913,0.51137
8.6886,0.49717
8.1412,0.51339
8.2653,0.51004
8.2668,0.50998
8.4392,0.50518
8.3207,0.50868
7.9855,0.51952
7.7643,0.52719
8.6145,0.49982
8.0197,0.51867
7.966,0.51971
6.8353,0.55811
7.1521,0.54756
7.1038,0.54875
7.5887,0.5318
7.9796,0.51896
7.5787,0.53073
7.4735,0.53414
7.6805,0.52766
7.9125,0.52059
7.4182,0.53664
7.9683,0.51885
7.4114,0.53634
8.1822,0.51299
8.4512,0.5055
8.4918,0.50329
8.4681,0.50395
5.1802,0.62005
5.1828,0.61976
8.5319,0.50078
8.2028,0.51212
4.9592,0.63269
8.2579,0.5105
7.6595,0.5298
5.0549,0.62791
7.1019,0.54642
8.0361,0.51637
7.1807,0.54502
7.048,0.54744
7.9772,0.5176
7.4873,0.53351
6.6405,0.56376
6.8748,0.55561
6.9533,0.55184
7.086,0.54765
7.5741,0.53055
7.5184,0.53357
6.768,0.55792
4.8912,0.63335
4.9352,0.63101
8.3936,0.50527
7.494,0.53431
6.9571,0.55138
7.707,0.52637
7.7621,0.52376
7.7277,0.5257
8.0799,0.51444
7.7437,0.52508
7.4267,0.53577
4.8382,0.63503
6.9076,0.55387
6.7005,0.56077
6.6852,0.56137
7.3156,0.53877
7.0245,0.54951
7.6676,0.52769
8.8492,0.492
7.7332,0.52543
7.4003,0.53603
7.7662,0.5249
7.8533,0.52101
8.3308,0.5066
8.4639,0.50288
8.8786,0.49039
8.1701,0.51224
8.2693,0.50992
6.8232,0.55665
8.1029,0.51553
8.5165,0.50331
7.5169,0.53358
8.4324,0.50544
8.3784,0.50759
8.6904,0.49909
7.1854,0.54415
7.2752,0.54025
7.6721,0.52713
7.4369,0.53538
7.6933,0.52625
7.9594,0.51764
7.843,0.52175
7.6099,0.52902
7.6003,0.53045
7.9723,0.51762
8.0828,0.51397
8.2459,0.5094
7.5379,0.52909
7.2739,0.53813
7.0135,0.54793
8.1014,0.51403
7.8362,0.52242
6.92,0.55269
6.8238,0.55618
7.1067,0.54575
8.0789,0.51341
8.0491,0.51445
6.8843,0.55316
7.0055,0.54828
8.2084,0.51058
7.3689,0.53711
7.107,0.54677
8.6115,0.49889
7.5804,0.52901
7.2397,0.54017
7.3249,0.53762
7.1527,0.54289
6.9999,0.54828
7.2422,0.54019
8.0683,0.51466
8.5716,0.50056
8.7156,0.49577
8.4428,0.50408
8.6261,0.4982
8.9331,0.49016
8.6484,0.49833
7.9241,0.51871
8.1751,0.51087
8.0721,0.51379
7.7427,0.52387
7.4782,0.5319
7.8502,0.52134
7.1035,0.5457
7.8936,0.5186
4.8974,0.63147
8.0085,0.51686
7.8374,0.52115
7.4234,0.53479
8.0659,0.51439
7.5113,0.53148
7.6143,0.52754
7.648,0.52678
8.1846,0.5093
7.8726,0.51989
7.9957,0.51513
6.9376,0.55044
8.3256,0.50552
7.2184,0.54227
7.2949,0.53884
7.2652,0.5394
7.3891,0.53652
7.3596,0.53694
8.5934,0.49813
7.9664,0.51538
8.0118,0.51442
7.8434,0.51999
7.8592,0.51973
7.9627,0.51573
8.2488,0.5073
8.3871,0.50266
8.0021,0.51423
7.5923,0.52804
8.148,0.51053
7.6896,0.52581
7.6173,0.52711
8.2947,0.50601
7.9733,0.51596
8.1593,0.51007
8.3787,0.50286
8.4117,0.50214
8.3241,0.50517
7.8816,0.51913
8.0248,0.51548
8.0557,0.51444
7.815,0.52121
7.7309,0.52403
7.3191,0.53681
7.9075,0.5177
8.2304,0.50934
8.1531,0.51069
7.4099,0.5357
7.828,0.52008
8.4348,0.50121
7.3238,0.53588
8.002,0.51488
6.9865,0.54833
7.3309,0.5348
7.3486,0.53563
7.7973,0.52194
8.5813,0.49748
8.3925,0.50348
8.1137,0.51211
8.2715,0.50805
7.1997,0.54156
8.0433,0.51259
7.8799,0.5186
7.9312,0.51751
7.8924,0.51805
8.1398,0.51068
8.3969,0.50301
7.966,0.51604
8.0109,0.51515
8.4713,0.50131
8.4907,0.49988
8.1816,0.51032
7.5964,0.52789
7.5984,0.52808
7.4821,0.53125
7.2724,0.53893
8.1545,0.51067
7.4223,0.53262
7.8089,0.52035
8.1782,0.50947
7.66,0.52467
8.3223,0.50413
7.7967,0.52192
7.2179,0.53967
7.3711,0.53528
7.4735,0.53364
7.4312,0.53381
7.3638,0.53639
9.1755,0.48182
6.8911,0.55061
6.9283,0.5494
7.2075,0.53883
7.5227,0.53029
7.2138,0.53932
7.1352,0.54222
7.2402,0.5392
7.5871,0.52896
7.8257,0.52118
7.6545,0.52632
7.2613,0.54035
4.5946,0.64664
7.613,0.52856
7.2027,0.54013
7.6815,0.52417
8.0352,0.51372
7.7817,0.52193
7.9228,0.5176
7.8286,0.52032
6.7035,0.55923
7.2109,0.54071
7.4751,0.53126
7.3544,0.5347
7.3451,0.53521
6.9537,0.55073
7.6674,0.52601
7.1951,0.54223
7.9407,0.51933
7.8184,0.52243
7.5277,0.53092
7.5728,0.52834
7.883,0.51882
7.6918,0.52455
7.8911,0.51767
7.4458,0.53285
7.5946,0.52909
7.5112,0.53109
6.8262,0.55388
8.3827,0.50352
7.6832,0.52411
8.029,0.51372
8.7417,0.49252
8.0874,0.51198
7.7918,0.52069
7.7789,0.52174
7.6267,0.52648
7.6202,0.52707
7.4395,0.53268
7.5086,0.53083
7.7332,0.52336
7.6965,0.52506
7.7727,0.52274
8.1075,0.51198
8.0431,0.51389
7.6877,0.5246
7.3807,0.53459
7.1709,0.54209
7.6926,0.52483
7.9097,0.51809
6.7831,0.55459
8.2449,0.50702
8.2401,0.50647
8.6054,0.49586
8.4323,0.49971
7.1402,0.54061
8.2936,0.50516
8.1366,0.51053
7.6448,0.52528
7.9914,0.51497
7.8844,0.51746
8.1564,0.50835
8.0049,0.51418
8.5134,0.49832
8.1961,0.50905
7.8447,0.51952
8.3088,0.50445
8.1435,0.50956
7.9288,0.51576
7.989,0.51281
7.9915,0.51444
7.7251,0.52388
8.1793,0.50904
7.8973,0.51772
8.7182,0.49185
8.1127,0.51051
4.9353,0.62765
7.906,0.51704
8.3107,0.50494
7.9804,0.51511
6.8478,0.55226
8.0954,0.51093
6.6714,0.55827
7.0949,0.54264
7.921,0.51757
6.7846,0.55395
7.3384,0.53413
7.258,0.53705
6.7828,0.5536
7.8926,0.51662
6.9135,0.54939
6.9695,0.54707
8.1505,0.51061
6.9117,0.55042
7.4057,0.53432
4.4252,0.65323
6.4838,0.56544
8.0235,0.51271
7.324,0.53606
7.2782,0.53739
7.954,0.51657
7.6974,0.52549
7.5831,0.52978
7.4947,0.53159
7.3128,0.53794
7.4218,0.53235
7.9348,0.51545
7.4732,0.53067
8.3062,0.50352
7.8395,0.51818
8.0013,0.51331
7.1366,0.5399
6.9057,0.54987
7.639,0.52581
8.0952,0.51126
7.913,0.51664
7.9875,0.51403
8.0015,0.51317
7.8982,0.51711
8.1146,0.50966
8.0825,0.50931
8.0275,0.51252
7.3187,0.53587
7.9087,0.51598
8.0927,0.50698
6.881,0.54975
7.1125,0.5411
7.6131,0.5258
8.022,0.51258
8.0659,0.51088
7.6444,0.52507
7.7288,0.52221
7.677,0.52307
7.7257,0.52152
7.8489,0.51725
7.6578,0.52416
7.5733,0.52655
7.5377,0.52817
8.017,0.51263
7.7503,0.52186
7.8099,0.51932
7.9043,0.51696
6.6149,0.56058
7.4903,0.53048
7.5571,0.52761
7.6114,0.52606
7.2497,0.53905
8.0806,0.51178
7.5371,0.52913
7.7358,0.52235
6.5358,0.56292
7.7644,0.51974
6.4522,0.5658
7.2549,0.53846
7.7138,0.52144
7.5988,0.52595
8.0658,0.51082
7.6756,0.52381
7.7052,0.5239
8.0023,0.51301
7.6442,0.5244
7.2629,0.53726
7.4318,0.53146
4.5655,0.64618
7.5377,0.52867
8.3384,0.50331
8.034,0.51286
6.8121,0.55339
7.5163,0.52941
7.8118,0.51897
8.0267,0.51214
7.8541,0.51781
7.8971,0.51574
8.1934,0.50727
7.9036,0.51654
8.1555,0.50802
7.7373,0.52172
7.9445,0.51459
7.5457,0.52224
8.0227,0.51024
7.4786,0.52724
8.4415,0.49951
4.8202,0.6334
8.2999,0.50414
8.0504,0.5126
8.0028,0.51262
7.7872,0.51874
7.6291,0.52336
7.7828,0.51833
7.562,0.52521
6.3998,0.56486
6.4293,0.56561
6.4092,0.56714
6.5343,0.56221
7.9581,0.51472
6.7781,0.55262
6.5308,0.56161
8.1718,0.50729
6.9523,0.54606
6.6795,0.5567
7.7518,0.52245
7.6431,0.52596
8.627,0.49359
7.8675,0.5164
4.7046,0.63727
8.2124,0.50681
5.0276,0.62297
4.9109,0.6287
4.7967,0.63231
7.9595,0.51451
7.8358,0.51788
4.8453,0.63116
8.0292,0.51265
7.9443,0.51523
7.4991,0.52989
7.1333,0.54085
7.57,0.52653
7.0997,0.54299
7.7274,0.52172
7.7265,0.52283
7.543,0.52946
7.9908,0.5162
6.3694,0.56897
8.0381,0.51286
6.7073,0.55525
6.41,0.56592
7.9913,0.51418
8.0845,0.5112
7.6924,0.52275
7.8605,0.51791
7.7718,0.52025
7.9537,0.51481
8.1214,0.5083
7.9741,0.51374
8.1531,0.50812
7.9973,0.51266
7.9739,0.51344
7.7496,0.51992
6.2113,0.57463
7.6004,0.52604
7.3889,0.53371
8.7056,0.49212
7.5955,0.52718
7.7015,0.52356
7.9322,0.515
7.5035,0.5301
7.4641,0.53038
7.4006,0.5327
7.5627,0.52629
7.236,0.53802
8.5281,0.49501
7.5309,0.52626
7.9025,0.51515
7.9843,0.51279
4.2864,0.65969
7.9149,0.51533
7.7841,0.52005
7.7506,0.52083
7.9127,0.51528
7.746,0.51999
7.8134,0.51782
8.083,0.50882
7.0256,0.54304
6.1954,0.57419
6.1992,0.57445
7.8211,0.51755
8.0746,0.50964
7.6534,0.52439
8.0068,0.51102
7.7418,0.51924
7.5356,0.52682
7.5278,0.52573
7.5246,0.52663
7.6576,0.52208
7.5347,0.52801
8.2594,0.50447
7.899,0.51569
8.0389,0.5114
8.1273,0.50882
8.1023,0.50961
8.2263,0.50544
8.0521,0.51024
8.2832,0.50224
8.2,0.50687
8.1105,0.50861
8.5353,0.49531
8.3207,0.50225
8.0296,0.51092
7.4738,0.52944
7.0957,0.5422
8.0916,0.51032
8.3666,0.50182
8.1539,0.50757
8.0297,0.51235
7.8771,0.5174
7.497,0.5289
7.0091,0.54544
7.3776,0.53137
7.2306,0.53597
7.5956,0.52452
7.6302,0.52437
8.0839,0.50934
7.6827,0.52254
7.8036,0.51879
7.9817,0.51285
7.6378,0.523
8.2398,0.50325
7.3564,0.53205
7.6359,0.52234
7.7872,0.51718
7.6639,0.52247
8.1969,0.50562
7.4385,0.53022
7.907,0.51507
7.7112,0.52053
7.8549,0.5161
8.0537,0.50917
8.1969,0.50529
7.8694,0.51495
7.9507,0.51252
7.8154,0.51725
7.8164,0.51771
6.1143,0.57669
6.4263,0.56421
7.3062,0.53453
6.9773,0.54506
7.5143,0.52716
6.116,0.5768
6.0784,0.57875
6.0508,0.57978
6.3835,0.56643
6.2954,0.56897
6.2865,0.56843
7.695,0.52097
6.9636,0.5444
7.003,0.54305
7.9087,0.51356
7.2924,0.53531
7.6509,0.52252
6.6626,0.55549
7.8996,0.5137
8.0859,0.50761
8.1098,0.50755
7.7411,0.5198
7.1983,0.53797
6.4726,0.56438
7.5412,0.52843
6.0685,0.58007
7.5704,0.52607
4.2694,0.65804
7.9911,0.51252
7.8065,0.51768
7.5418,0.52663
6.2919,0.57039
6.8948,0.54927
7.6803,0.52222
7.8681,0.51715
5.9536,0.58258
7.1429,0.53934
7.8899,0.51602
7.9382,0.51298
7.6114,0.52379
8.2162,0.5043
7.9887,0.51234
7.5603,0.52521
7.0852,0.54008
7.8383,0.51647
7.4783,0.52818
7.8612,0.51587
8.2104,0.50409
7.989,0.51208
7.1401,0.54007
7.431,0.52897
7.6275,0.5227
7.3517,0.53288
7.276,0.53431
8.1887,0.50558
7.8255,0.5162
7.6935,0.52049
7.8338,0.51694
7.6606,0.52101
7.9347,0.51304
7.7463,0.51945
7.3728,0.53153
7.4365,0.52795
7.1366,0.53934
8.0566,0.50789
7.6976,0.51979
8.023,0.51051
6.3721,0.56493
7.5628,0.52473
7.2243,0.53822
8.0187,0.51085
6.6248,0.55641
6.752,0.55294
6.976,0.544
7.4051,0.52861
7.8822,0.5156
7.5338,0.52639
7.5523,0.52698
6.5586,0.56009
7.5417,0.52524
7.6679,0.52093
7.5849,0.52363
7.4558,0.52795
8.0407,0.50921
4.3423,0.65381
4.2186,0.66123
7.7802,0.51818
6.7026,0.55405
7.8997,0.51321
7.5697,0.52367
7.5352,0.52601
7.8683,0.51717
7.6367,0.52299
8.2237,0.50421
7.5449,0.52686
7.7067,0.52166
7.2674,0.5352
7.4077,0.53024
4.1872,0.66247
7.6101,0.52197
5.8069,0.58777
7.7008,0.52029
7.6466,0.52199
6.2535,0.57136
6.2584,0.57041
6.5963,0.55777
6.3005,0.56896
6.6092,0.55658
6.3934,0.56508
8.1628,0.50567
7.6885,0.52021
8.1182,0.50721
7.9152,0.51288
8.0119,0.50926
8.3566,0.50005
8.109,0.50823
8.3304,0.50139
8.1376,0.50559
8.1538,0.5059
8.2494,0.50333
7.8607,0.51498
8.0048,0.50947
7.7871,0.51822
7.9618,0.51287
7.6458,0.52275
7.5393,0.52576
7.6157,0.52087
7.7422,0.5176
7.9912,0.50971
7.5606,0.52418
7.66,0.52063
7.5874,0.52293
6.7591,0.55137
7.4807,0.52725
7.3618,0.5305
7.5796,0.52343
7.5768,0.5232
7.3824,0.53057
7.8382,0.51577
7.8673,0.51485
6.3106,0.5678
7.5653,0.52402
7.8463,0.51437
7.6916,0.51918
8.4412,0.49406
6.173,0.57179
7.6877,0.51967
7.5375,0.52567
6.0211,0.57944
8.425,0.49692
7.516,0.52622
7.4213,0.52622
7.7007,0.51834
7.3919,0.52959
6.8145,0.54884
7.5737,0.523
7.6133,0.52188
7.8494,0.51374
7.5907,0.52267
7.6161,0.52096
6.3736,0.5646
7.0399,0.54119
7.4153,0.52859
7.0816,0.53965
6.2054,0.57051
7.4474,0.52699
4.5354,0.6421
4.4975,0.64357
7.2011,0.53579
7.6069,0.52195
7.3481,0.53372
6.8996,0.54759
7.8881,0.51375
7.5001,0.52692
7.7829,0.517
7.7368,0.51815
7.1952,0.53688
8.1269,0.50609
7.592,0.52177
7.7993,0.51553
7.3457,0.53172
7.049,0.54003
7.2315,0.53317
7.4109,0.52667
7.6545,0.51826
7.7971,0.51476
7.9093,0.51075
7.8764,0.51047
7.2907,0.53129
7.9214,0.51119
7.1448,0.53539
7.9386,0.50961
7.1705,0.53337
7.8387,0.51391
8.0684,0.50412
8.225,0.50051
8.3244,0.49843
8.5916,0.48988
6.2385,0.56784
8.1279,0.50341
7.7144,0.51651
6.1103,0.57331
7.7832,0.51344
8.074,0.50471
5.6322,0.5917
7.5127,0.52525
7.5223,0.52223
7.2251,0.53312
7.6875,0.51768
7.8804,0.51054
7.7473,0.51525
7.7997,0.51262
7.3795,0.52758
4.6066,0.63774
7.8273,0.51123
8.0187,0.50569
7.2534,0.53019
7.7913,0.51266
6.8664,0.5433
7.7033,0.51401
8.1373,0.50148
6.1764,0.56722
6.1483,0.56848
6.2547,0.5649
7.3716,0.52635
7.2908,0.52837
7.6117,0.51695
7.6022,0.51703
7.207,0.52981
7.3002,0.5264
7.6243,0.5161
7.3598,0.52515
4.1749,0.65822
7.6427,0.51539
7.8002,0.5104
5.552,0.5915
5.8328,0.57932
7.4983,0.51873
7.7246,0.51052
7.888,0.50561
5.588,0.58822
7.416,0.52114
7.4158,0.52137
7.526,0.5178
7.7411,0.51135
7.5888,0.51516
7.6281,0.50905
5.7892,0.57881
5.5657,0.5881
5.8904,0.57303
5.8274,0.57676
7.5956,0.51229
5.2745,0.59952
6.907,0.53573
6.4715,0.55087
5.718,0.58041
5.5439,0.58758
6.1493,0.5612
7.7633,0.50652
5.8287,0.57524
5.4328,0.59132
5.5569,0.58543
5.6771,0.58043
5.4554,0.58956
6.6966,0.54313
7.3448,0.5149
7.1461,0.52314
7.3403,0.51705
7.652,0.50042
7.8454,0.50186
8.4078,0.47637
6.0787,0.56267
7.9456,0.48497
8.1393,0.48632
7.814,0.4968
6.3474,0.54113
7.9634,0.49625
5.8138,0.56268
6.15,0.55766
7.9595,0.4906
5.7182,0.56936
5.4528,0.58733
7.6149,0.50363
7.8773,0.49867
7.4495,0.51096
7.6532,0.50447
6.1008,0.54983
4.047,0.65186
7.73,0.49312
7.8759,0.49626
7.8469,0.49903
7.6304,0.5041
7.532,0.50465
6.9822,0.52597
7.5131,0.5099
7.4544,0.50975
7.363,0.51156
7.5588,0.50409
9.3179,0.45263
8.08,0.48807
7.134,0.51917
7.1378,0.51832
7.5189,0.50183
8.2418,0.4811
8.1452,0.485
7.1928,0.51546
7.8913,0.49174
7.6163,0.49982
7.8588,0.49188
7.7009,0.49795
8.0646,0.48726
8.6347,0.46881
7.4172,0.48847
7.8503,0.48272
7.6267,0.49095
5.1812,0.57161
4.5194,0.62289
6.8044,0.52481
8.0133,0.4858
7.7878,0.47712
4.0262,0.64661
7.25,0.5089
7.2138,0.50542
5.0077,0.59771
7.9328,0.48973
8.844,0.45478
0.55465,1.069
8.7611,0.46324
4.7492,0.60902
8.7149,0.46136
9.1105,0.44659
6.4938,0.52993
7.5108,0.49503
6.7701,0.52143
7.7379,0.48643
9.8692,0.43091
11.359,0.39161
10.934,0.40085
11.283,0.38669
11.624,0.3884
12.064,0.36597
11.352,0.37927
13.885,0.30366
11.922,0.36262
11.16,0.37008
12.783,0.33414
11.122,0.37435
12.068,0.36666
12.259,0.35755
11.787,0.36001
10.511,0.39555
11.333,0.38139
9.3356,0.42952
10.346,0.40091
11.735,0.36342
11.858,0.36229
10.209,0.40375
11.377,0.37782
9.9645,0.41905
11.692,0.37
9.649,0.41041
9.4356,0.41361
10.581,0.3885
8.6548,0.4446
8.7275,0.4451
8.5631,0.44897
9.1862,0.42987
9.061,0.43363
11.045,0.388
8.8334,0.44822
8.4268,0.45987
8.3286,0.46128
10.465,0.39569
8.4467,0.42451
10.816,0.38479
10.225,0.39315
11.111,0.38905
11.352,0.35915
11.042,0.36773
10.185,0.40222
11.413,0.35827
12.975,0.31998
11.472,0.35717
10.141,0.38728
7.7972,0.42004
7.1266,0.45319
9.1192,0.43194
12.592,0.34142
7.8073,0.43617
12.473,0.34563
14.241,0.31037
11.249,0.35633
9.7803,0.38678
13.12,0.32199
13.37,0.30932
12.688,0.3282
7.1664,0.46688
11.865,0.35103
11.137,0.37084
5.0396,0.56178
11.166,0.3674
6.2343,0.4783
9.5589,0.41064
10.782,0.38174
12.047,0.34595
11.316,0.36814
10.008,0.3879
12.412,0.32274
11.396,0.35747
11.378,0.34384
10.69,0.36878
12.311,0.3437
12.416,0.33768
9.7061,0.3876
10.031,0.38333
9.7791,0.39294
11.706,0.34923
11.515,0.33605
10.58,0.36705
12.118,0.32249
6.0675,0.51479
4.912,0.5658
8.749,0.43956
10.765,0.37066
11.717,0.34587
10.967,0.36977
13.499,0.29714
11.639,0.34204
5.4182,0.53416
11.308,0.34448
12.084,0.33537
8.0872,0.43547
10.093,0.39618
16.664,0.24838
11.495,0.34122
10.736,0.36726
11.25,0.35739
11.832,0.33837
10.902,0.3635
11.907,0.33657
11.75,0.34382
11.724,0.34422
10.616,0.36749
10.804,0.35229
10.276,0.37108
15.332,0.25922
13.162,0.30311
10.95,0.35113
9.646,0.39441
10.574,0.30716
14.382,0.30598
14.232,0.28844
10.238,0.36914
10.156,0.37106
10.611,0.34978
5.0583,0.53205
13.213,0.29004
12.389,0.31131
11.946,0.32339
5.9125,0.49635
16.713,0.22742
5.4444,0.51711
8.566,0.40245
15.607,0.25144
9.604,0.37194
8.1872,0.41402
12.406,0.32083
13.724,0.29539
7.9565,0.44537
8.1652,0.4369
8.7287,0.41379
5.9336,0.48692
7.9195,0.43156
8.1844,0.43982
12.921,0.32587
13.394,0.30533
6.4683,0.47819
7.0576,0.47469
8.1651,0.43065
8.2696,0.42706
10.606,0.34511
9.9148,0.36757
7.6711,0.43615
9.0318,0.38357
4.5731,0.5533
11.743,0.32584
6.9508,0.45145
6.0008,0.50155
9.8763,0.37345
12.356,0.31815
10.135,0.37015
12.65,0.30686
3.4409,0.59746
11.424,0.34526
8.1809,0.38811
9.8437,0.36289
7.1995,0.41755
6.5222,0.46542
10.458,0.35922
7.2439,0.4077
9.2377,0.39712
10.368,0.33983
9.1865,0.36
6.5616,0.46291
10.121,0.36924
15.821,0.25821
7.3147,0.4585
11.616,0.33157
9.0222,0.4049
8.4603,0.36554
16.031,0.25024
16.789,0.22723
8.1324,0.43967
7.8972,0.43482
9.465,0.38645
15.07,0.27076
11.142,0.33623
9.6986,0.38627
12.086,0.33267
12.498,0.32324
10.194,0.37633
11.19,0.33332
10.069,0.36483
5.7052,0.46647
11.477,0.34778
11.624,0.33927
14.052,0.2816
8.688,0.40811
9.0268,0.3978
12.963,0.31851
10.43,0.30687
15.491,0.23403
7.6621,0.44154
7.3677,0.45403
15.165,0.26271
13.045,0.28691
14.142,0.28998
12.403,0.29874
15.265,0.23871
15.178,0.26303
10.834,0.34449
6.8364,0.43895
7.9658,0.43171
9.9189,0.38623
8.952,0.36009
11.971,0.32405
5.6702,0.46531
8.359,0.38747
8.4199,0.41845
10.17,0.37169
13.277,0.30718
14.392,0.27432
7.7984,0.41966
2.958,0.63269
10.319,0.37209
10.209,0.36423
10.991,0.35076
11.135,0.35531
10.171,0.36894
5.943,0.45114
10.712,0.35436
11.748,0.32978
10.616,0.34765
10.692,0.36255
6.923,0.47908
8.9941,0.40475
8.5898,0.40348
7.1619,0.46679
6.8551,0.48116
8.6896,0.41498
12.201,0.31801
10.718,0.35446
8.2476,0.42251
9.8858,0.37948
9.9122,0.37695
11.784,0.34337
6.9641,0.46512
12.369,0.31718
7.1077,0.47181
12.353,0.32115
7.9092,0.43646
12.73,0.31122
13.758,0.28354
6.6876,0.43198
8.0601,0.43963
8.4067,0.42969
6.9605,0.47091
12.621,0.30852
12.375,0.29662
14.494,0.26836
7.9072,0.37648
8.2804,0.35528
7.9867,0.41534
16.909,0.20796
5.8625,0.44829
8.0843,0.3703
8.7965,0.34141
13.496,0.26121
6.1557,0.4322
6.4792,0.4261
12.966,0.2841
11.987,0.31873
13.109,0.30181
12.058,0.33977
12.127,0.32305
12.305,0.32008
12.913,0.30532
11.599,0.3444
9.6695,0.36777
10.244,0.34433
9.353,0.37639
10.664,0.34273
6.7638,0.43101
10.058,0.34362
10.778,0.33289
12.018,0.31676
10.675,0.35422
10.094,0.36345
5.1943,0.49302
12.418,0.32125
11.309,0.34228
7.4215,0.39464
11.776,0.33069
7.2993,0.44862
11.347,0.32359
10.645,0.36254
13.735,0.27246
11.481,0.33484
10.871,0.35465
11.243,0.32864
10.981,0.34944
13.226,0.27935
11.453,0.32424
13.708,0.26953
5.5956,0.46907
6.5142,0.42451
5.4138,0.52594
11.61,0.32262
5.9173,0.45413
12.538,0.30867
11.054,0.33236
10.714,0.34999
10.575,0.33032
10.974,0.33406
5.0756,0.52118
5.5781,0.50181
4.1277,0.58992
5.3272,0.52446
3.9087,0.59003
11.724,0.33113
11.888,0.32727
11.218,0.34295
11.259,0.33216
10.422,0.3595
11.121,0.33943
12.665,0.2994
10.512,0.3656
10.596,0.35387
10.591,0.3584
7.8333,0.40325
4.2349,0.56859
11.66,0.34004
10.994,0.34964
7.9037,0.41068
7.9311,0.40638
10.358,0.37178
9.0304,0.39665
10.297,0.35619
10.846,0.34569
9.2676,0.36838
11.274,0.33699
11.061,0.35434
8.3858,0.40238
8.5238,0.39875
9.5098,0.34669
3.7023,0.5802
5.9953,0.48834
6.2162,0.46384
5.8253,0.48087
7.5299,0.4379
6.6352,0.42176
8.8823,0.35903
11.941,0.33081
4.0825,0.59586
12.645,0.29727
11.115,0.33235
5.6903,0.50201
10.338,0.36748
8.6632,0.36957
5.5863,0.46827
6.7661,0.47473
11.346,0.33491
10.251,0.38024
10.808,0.35537
11.423,0.34402
10.782,0.35691
9.9026,0.36613
10.537,0.34473
12.161,0.29121
11.117,0.32237
11.218,0.34845
9.7127,0.37243
8.8482,0.40765
9.1788,0.39718
9.6154,0.37819
8.8919,0.39117
11.751,0.33173
12.102,0.32945
11.15,0.36088
11.912,0.34002
11.239,0.35697
11.249,0.34263
12.744,0.30933
10.934,0.3663
11.476,0.34995
11.853,0.33143
10.827,0.36404
11.302,0.34774
11.088,0.35387
11.642,0.33209
11.986,0.32135
11.648,0.32676
11.311,0.34182
11.609,0.33254
13.075,0.30186
11.393,0.33842
12.288,0.31946
12.563,0.31622
5.3877,0.5357
10.13,0.37869
11.275,0.3506
13.116,0.30297
10.753,0.33007
11.572,0.32743
11.717,0.30869
10.829,0.33697
3.8867,0.6016
4.2327,0.57511
12.361,0.30118
12.632,0.31345
11.351,0.33729
12.024,0.31896
10.71,0.34138
9.9618,0.36326
9.679,0.38508
9.5757,0.37168
9.0015,0.37702
10.84,0.34422
10.474,0.36445
11.258,0.34366
12.314,0.30715
10.931,0.34385
10.573,0.35206
9.7052,0.37414
10.035,0.3637
9.6573,0.39024
5.9131,0.45754
7.2057,0.40213
11.715,0.33217
4.5138,0.54876
6.245,0.4945
8.4205,0.39337
5.799,0.51926
11.167,0.33277
7.1742,0.44278
12.278,0.31088
8.349,0.38498
13.757,0.2898
5.6636,0.46519
8.581,0.35466
11.072,0.33481
6.532,0.41388
8.6139,0.39913
10.583,0.3606
6.5906,0.46631
6.7671,0.45468
8.8168,0.3985
9.2875,0.39148
8.4235,0.38619
11.27,0.33949
5.9072,0.4572
10.884,0.32764
6.1037,0.492
6.3993,0.47519
6.4375,0.46226
4.5416,0.5342
7.0537,0.43011
6.2022,0.47865
4.3078,0.54431
12.96,0.30006
8.2775,0.36751
7.4446,0.38856
6.3828,0.48746
7.1691,0.45749
9.6535,0.37748
7.1614,0.45822
8.768,0.40578
8.5075,0.40215
8.6984,0.39174
6.2497,0.45755
8.9123,0.40199
9.0007,0.38443
10.912,0.34735
10.388,0.36082
9.937,0.38363
9.8693,0.38151
11.13,0.34165
5.9228,0.50834
5.7041,0.51583
5.808,0.50462
6.1927,0.49746
10.152,0.37383
6.2742,0.47545
6.3088,0.49346
6.774,0.47045
6.4913,0.47028
5.5396,0.50996
5.6025,0.5203
8.8165,0.40508
5.6491,0.51692
8.9295,0.40715
8.9085,0.4085
10.202,0.36857
11.29,0.34021
11.293,0.34272
9.9073,0.35416
9.9559,0.36153
8.9683,0.39339
6.8009,0.45202
11.531,0.31362
7.2183,0.44077
6.8864,0.45136
10.132,0.36828
10.175,0.36969
9.0525,0.37592
5.9788,0.48294
10.251,0.37461
4.9885,0.54175
5.4752,0.51484
6.0135,0.48337
6.2476,0.47452
4.0772,0.5825
6.0226,0.49383
5.1886,0.5205
6.0631,0.50163
8.156,0.41387
4.7066,0.54331
5.7167,0.51698
11.178,0.34657
9.8771,0.36107
10.873,0.35777
11.203,0.34967
5.1819,0.53585
5.8934,0.49999
6.7692,0.47708
5.2836,0.52709
9.4381,0.37889
9.3839,0.38957
9.6499,0.37721
8.2154,0.40631
9.6732,0.39012
9.8534,0.38095
8.4641,0.40144
9.0771,0.3968
6.8764,0.44705
6.7621,0.424
7.1886,0.43748
7.1671,0.42649
10.299,0.37045
10.63,0.3658
9.6314,0.38686
10.638,0.36232
12.046,0.33607
10.131,0.37226
10.427,0.3632
7.1102,0.46661
9.6986,0.3764
5.1917,0.53321
4.8484,0.53986
5.3744,0.53066
10.084,0.37307
10.238,0.36099
9.9195,0.36987
9.9263,0.36919
9.3221,0.39929
11.155,0.33828
7.6095,0.42259
8.2322,0.39371
13.446,0.3028
10.651,0.34822
10.325,0.37086
12.475,0.31461
10.725,0.35126
9.5511,0.38658
9.3616,0.39208
9.7826,0.38623
9.9421,0.38834
9.2774,0.38778
9.9983,0.36411
8.8747,0.38477
6.5808,0.45068
5.2735,0.48732
5.0274,0.50765
4.926,0.50568
5.0074,0.51123
5.9851,0.44797
5.2974,0.49019
10.336,0.36674
5.3662,0.47365
13.554,0.28856
7.4811,0.40041
8.642,0.34833
5.9375,0.49066
10.436,0.35544
11.288,0.3209
11.061,0.34581
11.02,0.34616
11.556,0.34221
11.414,0.3382
5.7666,0.50171
5.0077,0.54351
6.5763,0.46658
5.6253,0.52055
3.881,0.59439
7.7349,0.43548
7.5065,0.43894
4.5133,0.53999
7.8147,0.41807
4.3273,0.55308
11.158,0.35176
7.418,0.44098
6.8873,0.46725
11.853,0.31943
7.9562,0.36074
6.7358,0.46395
9.8821,0.36457
11.731,0.32598
9.16,0.37541
8.17,0.3882
7.7338,0.40964
5.8936,0.50182
6.4029,0.47721
7.5461,0.42309
11.109,0.34154
8.9577,0.37946
7.6642,0.40388
9.3361,0.38257
11.181,0.3425
9.8865,0.37312
10.136,0.37072
9.854,0.38509
9.6436,0.37996
5.5339,0.52053
5.6898,0.49985
10.063,0.37163
5.7087,0.50597
10.197,0.36525
9.847,0.38545
11.359,0.33794
5.6963,0.50635
4.4377,0.55138
4.3621,0.56765
3.9585,0.59037
4.0995,0.58638
6.2435,0.49465
4.6097,0.55504
3.7452,0.61569
4.2618,0.58266
4.4177,0.56607
8.2489,0.39429
5.3479,0.47749
5.6579,0.49998
10.27,0.36748
9.4384,0.38976
3.6008,0.61606
10.622,0.36016
8.2796,0.39491
9.8407,0.38076
9.8428,0.38095
9.9468,0.38358
9.8742,0.38526
10.105,0.36999
11.117,0.34081
10.013,0.3721
10.918,0.3483
9.4175,0.39659
9.2665,0.39528
9.8518,0.3739
9.6115,0.38599
5.6871,0.51247
8.9487,0.40857
10.486,0.37407
10.096,0.37785
8.9229,0.41241
9.698,0.38394
7.737,0.38904
8.9437,0.37182
5.8789,0.45846
9.7675,0.36016
10.706,0.3313
9.1891,0.37491
9.9285,0.36765
9.8613,0.34346
9.2382,0.3592
13.125,0.28321
10.911,0.32842
11.02,0.33954
8.9315,0.38207
10.847,0.3434
11.434,0.33385
10.801,0.34174
11.16,0.33845
8.112,0.41116
11.034,0.34956
11.816,0.32931
10.804,0.35125
9.7784,0.37231
10.013,0.37752
11.352,0.33359
6.5459,0.47503
7.5483,0.4227
8.4192,0.37601
5.4397,0.52099
8.5993,0.3975
9.6745,0.35681
8.0511,0.40319
10.49,0.33359
8.4221,0.40673
9.099,0.37692
9.1802,0.37868
9.6157,0.35196
9.9184,0.36154
10.329,0.34591
5.1392,0.54695
10.637,0.3497
10.346,0.35366
10.319,0.35403
11.345,0.33455
7.8389,0.41929
7.3241,0.44284
7.03,0.44997
12.144,0.3328
9.8525,0.37179
9.3759,0.39096
6.6376,0.458
5.9136,0.49289
5.7275,0.47661
6.7942,0.45491
4.4804,0.54574
2.8617,0.63173
7.053,0.42424
5.9045,0.4971
10.64,0.34193
3.6097,0.61249
9.9132,0.3781
9.6873,0.38977
4.7202,0.53812
4.9805,0.51917
10.128,0.35926
5.0896,0.52288
4.5923,0.54629
4.0738,0.57312
9.5567,0.37292
6.7408,0.44912
9.9917,0.38082
11.836,0.32881
10.093,0.37136
9.971,0.36767
9.8396,0.38079
9.8057,0.39091
7.218,0.41605
10.638,0.35429
8.4065,0.39087
4.0752,0.55934
6.142,0.48487
5.4849,0.53128
10.226,0.37313
7.0143,0.43273
5.6756,0.50918
5.9818,0.49605
6.9857,0.44771
6.7147,0.47395
9.2308,0.39243
4.5942,0.5258
5.991,0.50555
10.541,0.35439
9.8944,0.37347
9.4629,0.39765
7.9651,0.41922
11.87,0.32637
7.2988,0.44187
8.037,0.42146
10.831,0.34307
12.998,0.27817
7.8478,0.39437
4.5736,0.54047
10.265,0.33243
8.9491,0.37503
8.9397,0.38245
6.1267,0.47775
6.2417,0.48428
9.9473,0.37152
6.2,0.46317
7.3783,0.43872
10.499,0.36304
7.6368,0.41622
7.6212,0.41508
11.014,0.33777
9.368,0.37086
10.199,0.36007
11.457,0.33171
6.8476,0.43832
11.933,0.32357
9.8922,0.35155
10.458,0.36327
10.624,0.34809
7.4322,0.41381
10.547,0.36805
6.0395,0.50356
9.7167,0.38332
10.288,0.36282
10.775,0.35443
10.675,0.35145
10.422,0.35401
11.007,0.34246
11.205,0.34204
6.2898,0.45108
10.438,0.36026
9.1167,0.39747
11.082,0.34754
5.9617,0.45124
10.565,0.35069
5.5648,0.45252
4.8672,0.50178
9.7655,0.38587
5.3026,0.4949
5.5132,0.52425
9.4991,0.38965
10.825,0.35262
10.951,0.35565
6.0626,0.47547
6.5329,0.4694
4.8323,0.53862
6.6134,0.46745
4.6718,0.52389
11.95,0.31768
6.4741,0.47739
5.3688,0.51984
4.9657,0.49884
4.4424,0.55719
4.3579,0.56756
10.416,0.36755
5.4816,0.52576
6.8046,0.47898
5.949,0.49206
10.683,0.36352
10.637,0.35516
5.9608,0.49777
5.7714,0.51849
9.1506,0.39707
6.9491,0.45478
9.774,0.37402
6.9886,0.44746
4.8609,0.52837
6.3653,0.47088
10.093,0.36305
5.4212,0.52679
5.8437,0.49345
6.7954,0.47038
7.3806,0.44032
6.9231,0.45816
7.0045,0.45011
6.0873,0.47987
5.5828,0.51787
6.6965,0.46421
5.0885,0.54622
7.3321,0.43899
5.7737,0.49913
9.4598,0.38137
5.2314,0.49483
3.2854,0.59642
5.9362,0.4682
6.656,0.45824
8.2391,0.39909
5.7138,0.50294
8.263,0.38467
8.2331,0.39608
6.9854,0.44121
6.5691,0.45544
6.5455,0.47275
9.6769,0.38022
10.411,0.35155
9.0359,0.39218
10.51,0.3461
8.9513,0.39749
9.3673,0.39151
10.733,0.34744
9.5276,0.3853
10.691,0.34448
10.34,0.36655
10.941,0.35093
10.048,0.349
5.3086,0.4952
10.807,0.35966
9.1322,0.3944
3.4506,0.61872
5.5356,0.52382
3.705,0.58852
6.4353,0.46881
5.163,0.51328
5.8163,0.50537
4.9515,0.53225
5.1419,0.52456
10.572,0.35674
9.6088,0.38066
8.9544,0.39086
8.868,0.39922
9.4481,0.37236
9.5281,0.38017
10.072,0.3717
9.7841,0.38181
8.3876,0.40069
9.4056,0.37005
8.5619,0.40127
9.6139,0.38308
7.0891,0.43257
9.5923,0.38851
12.161,0.32415
9.7278,0.37781
9.9015,0.3656
10.828,0.35348
10.119,0.3646
10.917,0.34265
11.061,0.33908
9.6835,0.38265
4.9305,0.49131
9.9133,0.36024
13.691,0.27372
10.956,0.34973
14.918,0.24638
11.494,0.33397
14.678,0.26977
10.668,0.3531
13.835,0.28706
11.715,0.3248
10.685,0.35614
10.068,0.36116
13.828,0.25942
5.7116,0.47709
8.3311,0.39466
5.297,0.47708
2.5586,0.63964
6.6239,0.46489
5.8211,0.4941
5.9622,0.49389
10.195,0.37304
9.842,0.382
11.406,0.33702
10.583,0.35195
7.5146,0.42823
10.107,0.36078
10.952,0.32744
11.224,0.34093
7.6493,0.41799
3.9315,0.56342
7.169,0.45584
10.382,0.343
7.8597,0.41303
7.0992,0.43804
7.848,0.37206
10.048,0.35643
9.2242,0.37282
6.8482,0.45982
4.0036,0.5758
5.4023,0.49901
6.2234,0.48375
5.5759,0.4682
10.294,0.35947
4.7133,0.52873
6.2351,0.49305
11.047,0.35026
5.8149,0.50071
10.256,0.36868
12.552,0.32263
7.7633,0.42189
9.1037,0.38642
7.3302,0.40381
9.0034,0.38508
7.0584,0.4367
9.4809,0.38231
10.093,0.37436
9.5581,0.37964
10.978,0.3379
9.2548,0.38111
10.643,0.35934
11.901,0.31237
8.0954,0.42641
12.184,0.29543
9.3272,0.35019
10.339,0.36772
6.3804,0.47548
10.649,0.35383
6.4291,0.47408
5.5308,0.50539
9.4528,0.36985
6.4366,0.47705
11.335,0.34403
10.668,0.34656
9.8243,0.36266
10.215,0.35939
9.6947,0.35931
10.702,0.34723
2.8799,0.63425
6.7052,0.40494
11.81,0.30947
9.848,0.36873
7.8094,0.41581
10.201,0.35756
12.112,0.31617
10.97,0.34625
11.533,0.33337
12.316,0.31605
12.787,0.29779
11.835,0.31764
10.02,0.36789
11.226,0.33255
10.368,0.35942
11.445,0.33113
11.064,0.33246
12.092,0.31468
10.433,0.35119
11.1,0.32706
5.9215,0.49387
5.1806,0.53921
6.192,0.47557
10.473,0.34933
5.3638,0.52239
10.072,0.37802
11.276,0.33705
10.716,0.35725
10.266,0.36651
10.753,0.34556
7.5982,0.4329
8.2215,0.3948
11.759,0.31227
11.83,0.32958
10.898,0.3476
10.453,0.35022
11.1,0.3265
11.687,0.33287
9.8355,0.38326
10.145,0.37606
10.244,0.36108
10.694,0.35267
10.007,0.37095
10.028,0.36783
12.01,0.3013
12.476,0.29631
11.87,0.31638
11.553,0.32948
11.077,0.34823
10.698,0.34473
11.107,0.33065
10.766,0.34408
11.854,0.3134
11.065,0.34215
6.0478,0.48799
11.412,0.33383
11.257,0.32441
10.77,0.33808
9.94,0.37346
10.649,0.35147
10.032,0.37767
10.402,0.34572
10.626,0.35279
10.621,0.3592
10.041,0.36361
9.6028,0.37543
10.239,0.35286
10.226,0.36956
6.1692,0.491
10.478,0.36346
10.476,0.36529
11.091,0.34874
10.454,0.3587
10.317,0.36265
10.113,0.37879
10.852,0.35267
10.214,0.35707
10.867,0.35068
10.681,0.35861
9.7941,0.38001
10.905,0.3473
11.567,0.32799
10.279,0.36124
6.5605,0.47109
11.824,0.32841
10.156,0.37158
10.356,0.35823
11.145,0.33098
10.719,0.35826
10.065,0.37231
10.368,0.35195
11.317,0.32984
6.6904,0.45146
5.7258,0.50668
12.345,0.29663
5.9528,0.48749
9.8455,0.38244
11.058,0.3363
6.7314,0.46333
6.119,0.49828
6.0865,0.48893
6.6016,0.46472
5.4432,0.51508
5.753,0.50153
10.872,0.33436
6.9813,0.43245
11.222,0.34613
10.504,0.35717
10.267,0.37109
10.972,0.33278
10.812,0.34473
10.632,0.35079
14.506,0.25647
9.9898,0.36058
10.784,0.33693
10.664,0.3455
7.2485,0.44782
5.8519,0.49228
6.8577,0.45303
10.235,0.3617
10.915,0.34273
10.946,0.33432
7.455,0.42064
11.665,0.33577
9.1828,0.39729
11.478,0.33075
11.445,0.33298
11.18,0.34774
6.8057,0.44231
6.2557,0.4813
7.307,0.42495
6.1171,0.48107
6.9617,0.44624
11.179,0.3304
11.75,0.33338
11.259,0.34342
11.436,0.33501
10.709,0.35858
11.261,0.32341
10.988,0.34055
10.049,0.36186
11.84,0.30466
11.074,0.33199
11.519,0.31824
6.5319,0.46344
6.2981,0.46496
6.7715,0.4295
6.9119,0.44202
6.5177,0.46426
6.0304,0.49268
9.8263,0.37412
6.0972,0.48834
6.4717,0.451
6.0563,0.47719
7.7314,0.39033
11.899,0.30253
14.74,0.25465
10.697,0.3372
11.494,0.31308
6.4273,0.46108
9.9785,0.35711
11.302,0.30893
10.931,0.32665
10.38,0.35042
11.881,0.30964
9.8613,0.36293
12.676,0.2872
12.527,0.28979
6.2116,0.4681
11.901,0.31557
11.244,0.31976
10.95,0.34342
11.057,0.34224
11.124,0.3351
12.309,0.31081
10.359,0.36362
11.197,0.32827
11.197,0.33552
10.866,0.33865
11.13,0.33264
10.689,0.33907
5.876,0.49435
5.7701,0.49646
6.1294,0.47118
5.6341,0.50077
11.995,0.31211
10.508,0.35292
6.9352,0.43627
10.464,0.35767
5.9275,0.48398
12.231,0.30431
10.943,0.33333
10.78,0.34811
11.318,0.324
7.5569,0.43708
9.9908,0.37249
11.145,0.33631
11.227,0.3236
10.696,0.35699
10.593,0.36284
7.3495,0.412
5.4768,0.49895
7.3329,0.41912
6.5384,0.45473
10.536,0.35121
6.9873,0.42333
7.3721,0.40891
11.407,0.29497
11.009,0.31866
5.2007,0.53024
7.0212,0.44454
7.0825,0.42283
8.9915,0.36253
6.9231,0.43508
7.099,0.42823
5.7674,0.47358
6.9002,0.46582
8.3644,0.39008
4.2971,0.49967
9.3364,0.34513
6.6578,0.46726
7.0968,0.44553
14.968,0.2483
9.6545,0.38302
4.5629,0.55877
9.172,0.3951
10.17,0.35719
10.409,0.35171
10.469,0.35391
10.476,0.34019
10.439,0.34476
10.278,0.34628
10.913,0.32587
4.4352,0.5636
9.7389,0.37473
11.164,0.32258
10.132,0.36237
10.08,0.36489
9.8487,0.37851
11.039,0.30894
10.601,0.35348
11.552,0.32184
4.937,0.54002
5.8554,0.48913
11.195,0.3387
10.724,0.33297
5.6612,0.49014
10.281,0.34233
10.698,0.33879
12.045,0.3022
10.607,0.34285
13.507,0.29056
11.013,0.33437
11.511,0.30896
10.713,0.33248
11.674,0.32234
7.3261,0.41734
12.973,0.26811
11.981,0.31162
7.9146,0.41136
10.248,0.33714
12.617,0.29537
11.862,0.31714
11.391,0.33048
6.9264,0.4412
6.4553,0.45947
7.5519,0.4096
12.307,0.30313
12.864,0.27853
10.66,0.35236
12.456,0.29848
12.583,0.30185
6.4023,0.46129
5.8966,0.48221
5.3492,0.52242
4.8031,0.5535
11.381,0.33623
5.1411,0.53602
5.5433,0.5134
11.353,0.32659
5.7716,0.4974
5.6228,0.49706
5.9165,0.48038
5.1675,0.53154
5.9402,0.48172
7.1383,0.42492
6.6226,0.45616
6.7821,0.44022
6.0937,0.48991
12.821,0.28136
12.11,0.30761
6.8507,0.44541
5.6357,0.50979
11.822,0.30474
6.43,0.46329
6.4703,0.44867
5.2565,0.50989
8.9685,0.38679
7.8538,0.4182
9.0622,0.37427
10.797,0.35413
11.185,0.33176
9.7296,0.38544
9.6611,0.38834
5.491,0.51697
6.0285,0.49021
5.6083,0.50921
7.0876,0.43267
10.565,0.35236
11.174,0.33639
10.822,0.33827
11.039,0.334
11.186,0.34056
12.65,0.29219
10.742,0.34556
10.632,0.34583
11.417,0.33017
10.587,0.35184
11.406,0.32808
10.783,0.34447
10.303,0.36116
9.7663,0.36915
10.517,0.3416
10.514,0.3481
10.958,0.34408
5.7612,0.50296
11.025,0.33985
10.177,0.3651
9.5241,0.38184
11.111,0.34125
9.4057,0.3874
9.6361,0.38508
10.795,0.33119
11.352,0.3276
13.069,0.29085
11.558,0.3135
11.444,0.30719
5.7773,0.49753
11.435,0.31465
13.962,0.2677
10.875,0.32562
11.831,0.31422
11.18,0.34231
11.273,0.3241
7.4421,0.43192
11.623,0.32274
7.5834,0.42165
7.2966,0.44043
11.641,0.31071
11.88,0.29758
11.671,0.3028
10.865,0.34273
5.6296,0.50544
10.27,0.36331
7.2886,0.44303
6.9337,0.44842
10.663,0.33838
9.0867,0.38616
6.3059,0.46243
10.222,0.34539
9.2077,0.37875
9.5228,0.37399
10.539,0.34891
9.4496,0.3844
9.4637,0.3849
5.8311,0.48902
5.1087,0.53292
5.2966,0.52369
6.1584,0.47635
5.4806,0.51434
11.274,0.32281
11.265,0.33339
11.827,0.33249
12.17,0.30469
10.652,0.37047
12.298,0.31708
12.476,0.31189
12.466,0.30289
9.0414,0.39317
5.6716,0.50614
11.015,0.34424
11.192,0.34156
9.4324,0.39017
8.3206,0.40271
9.7611,0.36381
7.9642,0.42911
11.293,0.33603
10.632,0.35669
8.7261,0.41363
9.0644,0.40302
10.965,0.33958
10.96,0.34318
10.664,0.34928
11.251,0.32715
10.203,0.36806
10.706,0.34793
13.444,0.27644
12.948,0.30923
10.647,0.35827
10.791,0.34909
10.529,0.36459
10.126,0.37374
9.896,0.37248
10.825,0.35182
11.678,0.32685
11.415,0.33218
11.111,0.3442
11.346,0.33784
11.296,0.33749
10.238,0.36795
11.262,0.3472
10.895,0.3362
11.275,0.33569
10.419,0.36327
11.015,0.34495
11.16,0.34365
9.8915,0.36787
9.3849,0.37854
10.23,0.36844
10.758,0.36856
10.635,0.34647
11.012,0.34655
10.277,0.37313
7.7744,0.43033
7.174,0.46514
7.8286,0.43587
11.238,0.35434
10.957,0.35862
11.517,0.32943
10.983,0.35556
11.265,0.34728
11.795,0.32828
11.373,0.32934
11.527,0.33054
9.3981,0.38723
10.442,0.36402
10.127,0.36851
11.112,0.3397
11.606,0.33536
11.446,0.33059
11.797,0.32094
10.912,0.35417
10.58,0.37281
6.4893,0.49099
10.348,0.37151
6.2436,0.50165
10.694,0.36131
11.683,0.33391
10.599,0.3507
10.781,0.35496
11.373,0.34176
6.3177,0.4941
7.228,0.43898
6.1788,0.48625
5.8667,0.51228
5.4943,0.51654
11.031,0.34146
12.686,0.30224
5.9436,0.50099
5.5823,0.51897
7.6137,0.43577
7.6798,0.413
4.3944,0.57241
11.333,0.34357
11.182,0.3487
11.747,0.32283
10.944,0.35398
11.632,0.32617
10.837,0.36338
12.87,0.29013
6.9313,0.44191
10.481,0.35421
12.346,0.30398
14.073,0.2834
6.2023,0.48364
11.082,0.35206
10.491,0.37238
6.1528,0.49748
11.453,0.34854
6.5106,0.4723
5.8346,0.51685
10.087,0.38029
9.5706,0.40177
9.6674,0.39814
6.2444,0.5095
9.2841,0.40864
10.014,0.3897
7.2798,0.47152
9.2714,0.40245
11.188,0.34576
11.651,0.34226
10.603,0.36872
3.8138,0.62569
4.2591,0.58018
10.923,0.36749
10.721,0.3729
10.552,0.37452
11.384,0.35611
5.7997,0.51868
11.46,0.34171
4.5941,0.56535
6.3512,0.5083
6.5341,0.48596
6.8568,0.4738
10.89,0.34438
7.4799,0.44542
13.071,0.29566
9.3748,0.39052
5.1865,0.52677
9.3485,0.4083
6.8236,0.48749
6.356,0.49774
11.448,0.34374
11.543,0.34243
10.593,0.37093
6.2282,0.49773
5.9334,0.51242
10.035,0.39414
8.9752,0.40188
10.805,0.36952
9,0.38039
8.001,0.42872
6.8549,0.44676
10.293,0.36291
10.572,0.35801
11.013,0.35779
6.3428,0.48226
10.373,0.34977
6.2881,0.48387
6.241,0.48112
6.0658,0.49719
7.1202,0.45058
6.6076,0.46989
6.442,0.48637
6.5936,0.47855
6.4268,0.48271
6.1613,0.49825
10.258,0.36315
5.4417,0.53364
6.2441,0.50431
8.9434,0.4062
5.7675,0.50833
11.257,0.35565
7.9716,0.42609
8.9692,0.40798
7.4411,0.44454
7.5664,0.45902
6.9997,0.47399
4.8468,0.54828
7.5114,0.43604
5.2863,0.51834
7.1372,0.46506
5.7217,0.52339
6.9457,0.45864
7.4494,0.45441
7.5607,0.44882
6.9533,0.46727
6.5485,0.49052
5.4034,0.533
5.8195,0.5093
10.266,0.3811
10.123,0.37899
9.7533,0.38079
6.3017,0.48875
5.1966,0.53392
5.9429,0.51978
6.2942,0.51178
6.4764,0.48281
6.1287,0.51101
6.4351,0.49481
6.1578,0.49837
7.6473,0.43253
6.6047,0.48183
6.7257,0.48655
6.1816,0.50829
6.5189,0.498
6.6381,0.47482
5.4304,0.54711
6.2217,0.50595
9.8219,0.394
6.5232,0.48345
6.903,0.46814
6.9649,0.46304
11.313,0.34215
7.005,0.45292
6.3743,0.48274
6.2095,0.49344
7.4629,0.45333
7.4586,0.46877
5.9567,0.4858
7.4936,0.43824
6.8699,0.47815
6.7289,0.47839
6.8274,0.4708
6.8288,0.46308
5.8024,0.51503
9.333,0.40617
8.4057,0.41501
8.108,0.42228
6.3367,0.47545
8.7457,0.39611
8.4817,0.4387
6.4903,0.45576
6.2172,0.48994
5.5692,0.54303
6.8033,0.47508
6.3123,0.49609
6.362,0.50022
6.4564,0.49054
7.5162,0.44207
8.2846,0.41777
6.6516,0.47731
8.1136,0.43851
7.0732,0.46287
7.022,0.47132
7.1539,0.4654
7.7231,0.45168
7.3491,0.46522
6.3312,0.49019
6.4408,0.49374
7.3848,0.45404
6.2827,0.50344
8.5703,0.41465
5.9323,0.52362
11.053,0.36132
10.301,0.38765
8.5733,0.41975
6.842,0.491
7.27,0.46831
8.5601,0.42329
8.9512,0.40766
7.1703,0.47946
6.4398,0.50364
6.7709,0.48806
7.2709,0.45595
5.9746,0.51683
5.5657,0.51791
6.2385,0.5145
5.2512,0.55274
6.0816,0.50749
5.9805,0.52573
5.8005,0.52624
5.7544,0.5266
5.9045,0.51858
6.1664,0.50543
4.5966,0.55828
6.5765,0.48727
7.1953,0.47241
11.3,0.36938
6.8417,0.47213
6.0534,0.52667
10.895,0.36504
6.5497,0.4891
6.2539,0.51309
5.7684,0.52641
6.6963,0.48951
5.7657,0.52495
8.8696,0.41352
8.9013,0.41469
9.3232,0.41819
9.9025,0.39538
9.9475,0.38474
8.6007,0.42745
9.8381,0.40403
8.9405,0.43019
9.4709,0.41844
8.8555,0.42977
8.1195,0.44404
6.7442,0.47613
7.2177,0.45092
6.4061,0.48466
8.1597,0.44067
10.341,0.36566
8.1776,0.44004
5.8679,0.50863
4.9741,0.56434
6.265,0.51379
7.3081,0.46494
6.9442,0.47959
6.8572,0.48397
6.0941,0.51861
6.277,0.50514
8.5224,0.41622
6.6583,0.50418
6.607,0.50213
5.9657,0.53782
6.3939,0.50094
6.0982,0.52209
5.7336,0.52436
5.5623,0.53862
6.343,0.50785
6.1003,0.52815
6.8129,0.45033
6.7922,0.46011
10.715,0.34197
6.8269,0.46741
11.758,0.33889
12.003,0.32912
11.127,0.34764
10.082,0.39492
10.899,0.35693
11.157,0.35167
10.944,0.35619
11.087,0.35053
8.2663,0.43822
10.304,0.40398
6.8393,0.48377
6.4082,0.50658
10.598,0.38146
6.7529,0.50583
10.334,0.39361
10.4,0.39528
10.271,0.39375
10.474,0.38264
6.3938,0.51952
6.0879,0.52545
8.1657,0.43399
11.02,0.36603
11.128,0.36527
11.197,0.35243
10.613,0.39018
10.737,0.3657
10.675,0.37913
11.148,0.37108
10.469,0.39569
7.3103,0.47626
9.3046,0.41478
10.91,0.36854
5.6653,0.53384
5.8968,0.54113
6.3041,0.52595
7.455,0.47749
6.744,0.51125
6.5265,0.50552
7.0598,0.49103
7.6773,0.46107
11.181,0.37197
10.121,0.40283
5.912,0.5404
7.5227,0.47114
8.1229,0.41783
14.223,0.27785
6.9339,0.48036
9.1034,0.39411
7.2259,0.46317
11.044,0.34075
11.291,0.35076
6.1234,0.52619
11.944,0.32208
9.7539,0.37479
7.6055,0.45594
6.1179,0.49939
6.6674,0.48833
6.353,0.50556
5.9695,0.52536
5.068,0.55786
6.2218,0.51492
6.3122,0.51105
5.8493,0.53847
5.6738,0.54415
5.6686,0.5415
5.1549,0.57014
5.0306,0.58126
9.279,0.41714
9.7726,0.39115
5.343,0.55497
6.1626,0.51926
10.038,0.40721
6.2953,0.52494
5.8009,0.54564
6.1607,0.53351
5.8819,0.547
10.476,0.39726
11.047,0.37796
6.2196,0.5299
5.7549,0.54292
9.1848,0.39821
7.5193,0.45119
6.372,0.50265
7.0276,0.47897
6.218,0.51739
6.7706,0.48733
6.5155,0.50639
8.3728,0.43543
6.1627,0.52096
7.026,0.49078
6.8576,0.49808
8.5442,0.43964
7.7195,0.43054
7.1328,0.46347
7.2644,0.45047
11.426,0.34601
9.2964,0.41915
10.635,0.37966
6.0022,0.53121
6.6124,0.50221
7.4629,0.45378
6.3756,0.50949
10.66,0.38026
6.4074,0.50735
6.2131,0.52303
6.0235,0.51709
7.7112,0.45122
6.5253,0.4898
9.0875,0.41632
7.7331,0.46592
8.1061,0.43492
10.96,0.35894
10.234,0.38619
7.6268,0.44249
10.501,0.38227
9.9293,0.40587
6.7458,0.48377
7.5385,0.44545
5.9528,0.51391
6.2962,0.52294
6.8198,0.49437
6.0956,0.52813
6.3915,0.50728
9.8556,0.39704
7.3144,0.46929
6.2113,0.52404
7.0022,0.47972
7.4357,0.48335
9.4875,0.4121
11.487,0.38088
10.325,0.3985
9.2296,0.43122
8.7771,0.43321
6.2954,0.53057
7.8481,0.45309
10.361,0.40439
8.7326,0.42504
9.7536,0.40279
9.8885,0.39632
9.9155,0.40826
8.5816,0.4451
10.703,0.36419
6.8988,0.47873
6.6911,0.48849
5.7465,0.53117
6.7748,0.50628
6.5511,0.49925
6.4695,0.51213
6.2787,0.51449
6.1363,0.50902
6.9338,0.48779
5.6192,0.54171
6.6166,0.50711
6.7625,0.50362
6.8121,0.49412
7.9152,0.4532
7.9785,0.44831
7.6188,0.46446
8.0268,0.45592
8.0006,0.45055
7.2874,0.47992
6.1683,0.54469
6.0972,0.53373
6.7936,0.50044
7.8858,0.45148
7.6329,0.47051
6.8393,0.49272
7.0643,0.48356
6.627,0.50725
10.881,0.38005
6.4169,0.51426
7.0013,0.49076
7.1765,0.48326
