4.5046,0.89726
3.4991,0.95774
3.6357,0.94606
3.8726,0.93421
4.7675,0.88582
4.4821,0.90253
3.9828,0.92864
4.3441,0.9105
4.4662,0.90431
4.5705,0.89698
4.6577,0.89231
4.647,0.89283
4.4772,0.90371
4.1594,0.9175
4.1917,0.9202
4.2016,0.92035
3.9615,0.9318
3.9541,0.93257
4.1306,0.92481
4.076,0.9254
4.1358,0.91987
4.2311,0.91578
4.4462,0.90291
4.4024,0.90685
4.5839,0.89852
4.3991,0.9064
4.4697,0.90563
4.4482,0.90584
4.3191,0.91321
4.5315,0.90043
4.3141,0.91207
4.3289,0.91029
4.5006,0.90187
4.5382,0.89919
4.6241,0.89665
4.5891,0.89653
4.1092,0.92224
4.6385,0.89566
3.9445,0.93314
4.3529,0.91173
4.5653,0.89781
4.5046,0.90207
4.0675,0.92379
4.0182,0.92803
4.4941,0.90181
4.0153,0.92703
3.9894,0.92873
4.0535,0.92354
6.3877,0.81388
4.5875,0.89484
4.5313,0.89514
4.6318,0.89081
4.5888,0.89299
4.4172,0.90096
4.6873,0.88653
4.4342,0.89746
4.398,0.8997
4.5372,0.89522
4.3277,0.90389
4.4868,0.89508
4.5747,0.89177
4.5598,0.89158
4.4494,0.89682
4.5965,0.889
4.2015,0.90923
4.6619,0.8838
4.1966,0.9088
4.1636,0.91054
4.3849,0.89761
4.5284,0.88871
4.424,0.89502
4.4589,0.89209
4.4781,0.89133
4.2631,0.90228
3.8979,0.92096
4.1122,0.9094
4.1701,0.90751
4.1791,0.90597
4.1693,0.9051
4.1737,0.90517
4.2628,0.89825
4.5406,0.88453
4.3299,0.89512
4.4489,0.88884
4.1719,0.90409
4.2887,0.89735
3.985,0.91426
4.2425,0.89725
4.2497,0.89651
4.2524,0.89623
4.1851,0.89881
4.3795,0.88735
4.2382,0.89572
4.2447,0.89474
4.4671,0.88248
4.2895,0.89021
4.5908,0.87624
4.4419,0.88336
4.6006,0.87369
4.3705,0.88596
4.475,0.87958
4.6149,0.87239
4.4795,0.87836
4.6384,0.86986
4.5608,0.87136
4.5886,0.87004
4.6471,0.86577
4.4294,0.87773
4.2161,0.88709
4.4789,0.8721
4.3318,0.87797
4.1405,0.88978
4.2379,0.88298
4.2553,0.88103
4.2173,0.88291
4.2651,0.87891
4.3525,0.87245
4.2142,0.87989
4.3628,0.87113
4.225,0.87879
4.1688,0.8801
4.1515,0.8799
3.7294,0.90504
3.9368,0.89345
3.8686,0.89563
3.9118,0.89204
3.9199,0.89072
3.6507,0.90417
3.8908,0.89199
3.7442,0.90004
3.9119,0.88816
3.7304,0.89928
4.1694,0.87444
4.3558,0.86311
4.2194,0.86974
4.1347,0.87299
4.2556,0.86804
4.2078,0.86868
4.2397,0.86724
4.3425,0.8606
4.2253,0.86604
4.2405,0.86494
4.8125,0.83708
4.1707,0.86878
3.6881,0.89335
4.3494,0.8588
4.0659,0.87181
4.2829,0.85952
4.3266,0.85921
4.2991,0.85914
4.3468,0.85553
4.2249,0.86272
4.1431,0.86641
4.354,0.85446
4.3617,0.85351
4.3004,0.85688
4.2619,0.85877
4.2145,0.861
4.2155,0.86072
4.2506,0.858
4.2549,0.85717
4.2255,0.85934
4.2783,0.85586
4.1287,0.86329
4.1924,0.86016
4.0919,0.86537
4.1637,0.86149
4.1016,0.86423
4.4482,0.84559
4.5576,0.83944
4.2223,0.85695
4.2525,0.85518
4.2148,0.85773
4.3338,0.85109
4.2533,0.85326
4.2662,0.85325
4.2401,0.85437
4.2325,0.85541
4.0503,0.86552
4.1702,0.85909
4.0189,0.86654
4.0343,0.86511
4.1644,0.85677
4.1113,0.86016
4.1275,0.85921
4.1549,0.85791
4.2876,0.85075
4.181,0.8566
4.1381,0.85701
4.1314,0.85814
4.2374,0.85278
4.1434,0.85886
4.2896,0.85113
4.0983,0.86032
4.1147,0.85901
4.0512,0.8618
4.155,0.85432
4.0384,0.86189
4.0549,0.86074
4.0223,0.86282
4.0873,0.85845
4.3211,0.84744
4.0206,0.86241
4.0652,0.85887
4.4136,0.84008
4.2277,0.84975
4.2532,0.84769
3.9272,0.86417
4.2058,0.85172
4.0321,0.86047
4.1043,0.8564
4.1359,0.85385
3.8665,0.86653
3.8693,0.86563
3.8665,0.86689
3.8698,0.86689
3.8594,0.86775
3.7859,0.8721
4.0305,0.86045
4.1233,0.85317
4.0686,0.85756
4.3029,0.8438
4.2203,0.848
4.1394,0.85192
4.2458,0.84626
4.1917,0.84941
4.2734,0.84507
3.91,0.86388
3.9544,0.86106
3.9314,0.86024
4.5558,0.82864
3.9815,0.85811
4.1794,0.84728
4.4819,0.83249
4.3925,0.83472
4.1197,0.8501
4.1065,0.85037
4.0214,0.85331
4.1297,0.84873
4.0409,0.85342
4.363,0.83558
4.2226,0.84563
4.362,0.83675
4.5583,0.8273
4.2651,0.84286
4.2695,0.8419
4.2046,0.84601
4.2243,0.8445
4.3616,0.83825
4.3252,0.83789
4.3007,0.83907
3.5459,0.87992
4.2362,0.84166
4.4374,0.83269
4.3147,0.83697
4.6194,0.82304
4.4416,0.83119
3.6394,0.8732
4.691,0.8184
4.6813,0.81931
3.9893,0.85338
4.0615,0.84879
3.9903,0.85372
4.0505,0.85042
3.5437,0.87813
3.4326,0.88556
3.467,0.88307
3.5861,0.87498
3.4969,0.88168
3.3925,0.88801
3.6455,0.87184
3.5354,0.87774
3.6307,0.87303
3.6728,0.87012
3.5933,0.87395
3.6598,0.86974
3.4872,0.88119
3.5619,0.87512
3.4461,0.883
3.5733,0.87412
3.5533,0.87565
3.6341,0.87042
3.5152,0.87776
3.5445,0.87667
3.5886,0.87441
3.5524,0.87648
3.5196,0.87866
3.5519,0.87542
3.3892,0.88661
3.6816,0.86996
3.5749,0.87558
3.5416,0.87728
3.6951,0.86773
3.4169,0.88462
3.4685,0.8812
3.6462,0.86974
3.5496,0.87555
3.3799,0.88619
3.5298,0.87637
3.539,0.8764
3.602,0.87357
4.0851,0.84568
3.7049,0.86677
3.7161,0.86563
3.5648,0.87453
3.7371,0.8637
3.7354,0.86441
4.1834,0.8389
3.7566,0.86345
3.6719,0.86799
3.747,0.863
3.7376,0.86363
3.4587,0.88053
3.47,0.87929
3.4732,0.87911
3.4872,0.8788
3.5003,0.87692
3.4837,0.87715
3.4282,0.88194
3.5758,0.87215
3.7944,0.86014
4.3121,0.83327
4.2775,0.83531
4.2664,0.83563
4.5989,0.81927
4.3765,0.83089
4.4301,0.82763
4.3117,0.83434
3.562,0.87355
4.2952,0.83401
4.262,0.83611
4.1333,0.84395
4.1615,0.84224
4.387,0.82944
4.2302,0.83864
4.2371,0.83754
3.3552,0.88648
3.974,0.85147
3.3561,0.88603
3.3749,0.88416
4.2978,0.83403
3.4019,0.88222
3.9871,0.85002
4.2192,0.83744
4.2161,0.83722
4.1874,0.83865
3.5503,0.87404
4.2944,0.83298
3.4413,0.87949
3.3322,0.88638
3.5221,0.87647
3.4637,0.87937
4.1372,0.84264
3.5273,0.87448
3.3677,0.88483
3.5651,0.87287
3.4988,0.87616
3.5912,0.87075
3.4781,0.87834
3.6772,0.86557
3.5896,0.87111
3.6752,0.86555
3.5528,0.87117
4.4928,0.82294
3.9733,0.85114
4.0371,0.84659
4.4969,0.82263
4.4703,0.8242
4.309,0.83408
4.2545,0.83745
4.3192,0.83332
4.524,0.82106
3.4218,0.88178
3.4192,0.88213
3.4439,0.88005
3.3701,0.88319
3.4574,0.87879
3.4452,0.87896
4.5065,0.82151
4.3461,0.83022
3.4134,0.88071
4.3837,0.8285
3.8104,0.85824
3.4965,0.87536
3.4602,0.87667
3.4693,0.87585
4.0802,0.84097
3.4432,0.87792
3.4925,0.87428
3.5734,0.87082
3.3423,0.88534
4.0048,0.84675
3.414,0.88024
3.423,0.87938
3.3912,0.88168
4.4692,0.82346
3.4038,0.88032
3.3956,0.88097
3.5259,0.87251
3.9507,0.84923
4,0.84597
3.9455,0.84969
3.9478,0.84886
4.2274,0.83543
4.2323,0.83509
4.2354,0.83333
3.9719,0.84692
3.5208,0.87271
4.1389,0.83866
3.5841,0.8678
4.6118,0.81497
4.4847,0.82145
3.8599,0.85417
4.0272,0.84433
3.425,0.879
3.357,0.88233
3.9836,0.84633
3.5076,0.87381
3.84,0.8559
3.8257,0.85506
3.388,0.8814
3.394,0.88036
3.6586,0.86449
3.4393,0.87699
3.2967,0.88725
3.6367,0.86517
3.447,0.87678
3.6076,0.8657
3.6132,0.86711
3.5198,0.87193
3.477,0.87469
3.4752,0.87447
4.5134,0.81914
3.6672,0.86368
3.6758,0.86288
3.7538,0.85817
3.7586,0.85755
3.7551,0.85838
3.4332,0.87808
3.3581,0.88271
3.6873,0.86343
3.34,0.88349
3.6814,0.8626
3.431,0.87737
3.2287,0.89078
3.3099,0.88545
3.3122,0.88481
3.4008,0.87955
3.5285,0.87034
3.4296,0.87706
3.4289,0.87777
3.5694,0.86884
3.3965,0.87882
3.3059,0.88411
3.333,0.88307
3.3745,0.88043
3.4237,0.87744
3.3841,0.87988
3.3163,0.88478
3.355,0.88187
3.3873,0.87964
3.3873,0.87899
3.4188,0.87864
3.3714,0.88215
3.4024,0.87939
3.3997,0.87918
3.3908,0.8796
3.4183,0.8781
3.9448,0.8475
3.398,0.87888
3.8724,0.85162
3.4473,0.87521
3.4363,0.87574
3.7495,0.8576
3.3845,0.87917
3.9042,0.84959
3.8257,0.85406
3.8643,0.85142
3.4002,0.878
3.3551,0.88154
3.3244,0.88406
3.2583,0.88754
3.3132,0.88453
4.4617,0.82044
3.2875,0.88538
4.445,0.82159
4.45,0.82214
4.5161,0.81808
4.4469,0.82192
4.4925,0.81912
4.5031,0.81859
4.4756,0.81919
3.35,0.88136
3.3765,0.88014
3.3562,0.88058
3.3569,0.88005
3.3959,0.87736
3.3945,0.87857
3.3562,0.8806
3.3354,0.88237
3.4914,0.87333
3.4032,0.87929
3.4092,0.87851
3.4825,0.873
3.9758,0.84512
4.3913,0.82484
3.8845,0.85157
3.9599,0.84649
3.922,0.84824
3.8497,0.85329
3.8638,0.85258
3.8598,0.85259
3.854,0.85267
3.9384,0.84662
3.9059,0.8485
4.0277,0.84124
3.3688,0.87966
3.4793,0.87205
3.4284,0.8762
3.367,0.87992
3.4332,0.87505
3.4599,0.8732
3.4941,0.87157
3.4682,0.87364
3.4012,0.87814
4.4987,0.81792
3.5196,0.87018
3.3929,0.87869
3.3362,0.88226
3.3445,0.88085
3.3245,0.88207
3.3184,0.88226
3.4274,0.8764
3.2958,0.88464
3.4611,0.8743
3.4148,0.87819
3.3187,0.88265
3.4168,0.87753
3.3752,0.87888
3.4586,0.87436
3.9707,0.84497
3.3776,0.87889
4.0011,0.84313
3.7246,0.85888
4.0873,0.83778
4.0219,0.84081
3.5151,0.86872
3.4643,0.87219
3.5686,0.86514
3.4005,0.87632
4.563,0.81397
3.4469,0.8729
3.8043,0.85358
3.3582,0.87941
3.2952,0.88325
3.3703,0.87808
3.4592,0.8733
3.3758,0.87804
3.5973,0.86515
3.7184,0.85895
3.4929,0.87121
3.7292,0.85842
3.3637,0.87888
4.4055,0.82358
3.3896,0.87733
3.8658,0.85007
3.9301,0.84584
3.4316,0.87532
3.8801,0.8498
3.9164,0.84744
3.4233,0.87588
3.8922,0.84856
4.5798,0.81306
3.3604,0.87935
3.4448,0.87351
3.8402,0.85144
3.2887,0.88275
3.3798,0.87816
3.8813,0.84917
3.3222,0.88131
3.437,0.87369
3.5615,0.86624
3.3068,0.88293
3.3421,0.88041
3.4045,0.87561
3.3752,0.8774
3.3883,0.87641
3.7023,0.85828
3.4986,0.8705
3.5403,0.86767
3.5496,0.86593
3.383,0.87656
3.447,0.8724
3.4235,0.87448
3.4358,0.87342
3.4847,0.87061
3.5002,0.87031
3.45,0.87247
3.515,0.86962
3.5406,0.86843
3.2387,0.88657
3.9253,0.84558
4.597,0.8121
3.9528,0.84432
3.9516,0.84381
3.9809,0.84269
3.9964,0.84091
3.9485,0.84394
3.8881,0.84792
3.9065,0.84678
3.9293,0.84475
3.8672,0.84926
3.9028,0.84623
3.421,0.8755
3.8038,0.85316
3.6251,0.86424
3.422,0.87534
3.3201,0.88149
3.3709,0.87933
3.3692,0.8785
3.7671,0.8557
3.4557,0.87381
3.4683,0.87287
3.3944,0.8763
3.3977,0.87662
3.4239,0.87475
3.3811,0.87736
3.3738,0.87759
3.4022,0.87551
3.4103,0.87421
3.4588,0.87153
3.3935,0.87595
3.3895,0.87607
3.3161,0.88171
3.8753,0.84846
3.399,0.87579
3.3677,0.87841
3.3825,0.87736
3.685,0.85981
3.3853,0.87694
3.7011,0.85843
3.4398,0.87294
3.7034,0.85835
3.3385,0.88076
3.9362,0.8447
3.4048,0.87566
3.4215,0.87425
3.4192,0.87488
3.8652,0.84975
3.3938,0.8763
3.3786,0.87746
3.4464,0.87269
3.3515,0.87937
3.3897,0.87655
3.4263,0.87463
4.016,0.84031
3.5697,0.86538
3.5508,0.86507
3.4402,0.87274
3.5098,0.86895
4.5438,0.8145
4.5082,0.81643
3.4186,0.87431
4.4698,0.81913
3.4213,0.87523
3.3193,0.88182
3.5897,0.86537
3.3916,0.87596
4.4154,0.8219
3.8417,0.85071
3.405,0.87526
3.8125,0.85318
3.4445,0.873
3.4562,0.87293
3.4051,0.8761
3.4249,0.87471
3.3976,0.87616
3.3479,0.87987
3.4762,0.87079
3.3467,0.87998
3.3749,0.87806
3.3817,0.87756
3.3488,0.88081
3.3523,0.8798
3.3708,0.87754
3.3235,0.8808
3.3396,0.8789
3.3664,0.8784
3.4166,0.87451
3.3938,0.87595
3.3919,0.876
3.4664,0.87137
3.4057,0.87506
3.5073,0.86854
3.402,0.8752
3.439,0.87247
3.4898,0.87071
3.4539,0.87238
3.4959,0.87029
3.3642,0.87835
3.3614,0.8778
3.4569,0.87229
3.3917,0.87499
3.5218,0.86737
3.3544,0.87771
3.4377,0.87315
3.5098,0.86853
3.3185,0.87985
3.3701,0.87711
3.3804,0.87725
3.3565,0.87819
3.4027,0.87561
3.4083,0.87498
3.439,0.87445
3.4808,0.87157
3.454,0.87303
3.4691,0.87208
3.4328,0.87351
3.4594,0.87228
3.4465,0.87379
4.4681,0.81904
4.5371,0.8148
4.502,0.81661
3.295,0.88208
4.4512,0.81946
3.4448,0.87377
3.3566,0.8787
4.4501,0.81958
3.4064,0.87646
4.474,0.81779
3.3486,0.87818
3.4667,0.87155
3.4265,0.87309
3.9498,0.84374
3.9116,0.84605
3.8694,0.84903
3.9027,0.84716
3.9179,0.84607
3.942,0.84487
3.9288,0.84536
3.9128,0.84595
3.9069,0.84665
3.8824,0.84867
3.4224,0.87507
3.3441,0.87905
3.369,0.87761
3.3363,0.87895
3.3679,0.87664
4.1156,0.83403
4.5489,0.81347
3.2779,0.88328
3.315,0.88132
3.3625,0.87758
3.3884,0.87569
3.4026,0.87449
3.3672,0.87735
3.9696,0.84348
3.3511,0.87822
3.8672,0.84798
3.985,0.84163
3.3772,0.87687
3.3713,0.87754
3.5031,0.86883
3.455,0.87106
3.4228,0.8735
3.4557,0.87133
3.3752,0.87577
3.4912,0.86914
4.0011,0.8406
3.8482,0.84827
3.7345,0.8549
3.3856,0.87529
3.3754,0.87572
3.3553,0.87785
3.3785,0.87598
3.3149,0.88024
3.3578,0.87771
3.3517,0.87791
3.3414,0.87831
3.7072,0.85745
3.3189,0.88067
3.3423,0.87897
3.2669,0.88366
3.3697,0.8771
3.3357,0.87974
3.3394,0.87896
3.7774,0.85267
3.3249,0.87951
3.752,0.85433
3.8543,0.84812
3.4672,0.87031
4.4533,0.81772
4.4408,0.81947
3.8464,0.84913
3.3683,0.87765
3.8781,0.8489
4.4378,0.81904
3.3045,0.88171
4.329,0.82535
4.3988,0.82164
3.6296,0.86163
4.2582,0.82966
3.6493,0.86034
4.3809,0.82225
3.3898,0.87456
3.3534,0.87758
3.353,0.8778
3.3296,0.87911
3.4032,0.87396
3.3486,0.87779
3.402,0.87382
3.3528,0.8778
3.3083,0.88022
3.7683,0.85374
4.0177,0.83906
3.8123,0.85045
3.343,0.87822
3.314,0.88051
3.3742,0.87626
3.2702,0.88261
3.3144,0.87943
3.3277,0.87977
3.3064,0.88144
3.2869,0.88176
3.2716,0.88285
3.34,0.87778
4.3564,0.82279
3.7294,0.8559
4.0349,0.83874
3.3896,0.87561
3.6824,0.85831
3.4037,0.8736
3.3339,0.87869
3.4805,0.86946
3.4179,0.87384
3.4066,0.87473
3.4612,0.87103
3.409,0.87433
3.518,0.86729
3.474,0.86986
3.3178,0.88029
3.3272,0.87931
3.3523,0.87811
3.3935,0.8756
3.347,0.87764
3.3415,0.87832
3.3715,0.87595
3.3009,0.88055
3.4165,0.87289
3.3651,0.87722
3.3778,0.87649
3.6672,0.85947
3.9589,0.84296
3.3597,0.87694
3.4409,0.87258
3.3362,0.87944
3.3975,0.87566
3.3839,0.87571
3.4448,0.87242
3.436,0.87197
3.4705,0.8707
3.8412,0.84877
3.4639,0.87045
3.4912,0.86865
3.4537,0.87084
3.3679,0.8762
3.4015,0.87462
3.4699,0.86956
3.4291,0.8726
3.434,0.87227
3.4556,0.87135
3.4332,0.87225
3.4451,0.87097
3.4159,0.87294
3.3849,0.87566
3.3426,0.87819
3.9215,0.84518
3.4668,0.87015
4.1673,0.83104
3.9322,0.84366
3.8772,0.84756
3.4673,0.86977
3.7343,0.85467
3.9448,0.8434
3.8541,0.84881
3.7624,0.85275
3.8842,0.84656
3.4551,0.87006
4.542,0.81332
4.5739,0.81122
4.4408,0.81895
3.3842,0.87539
4.4416,0.81875
3.9915,0.84006
3.9278,0.84406
4.5029,0.81548
3.9354,0.84377
3.9455,0.84304
3.8201,0.85099
4.3801,0.82154
3.3825,0.87547
3.3776,0.87621
3.3623,0.87653
3.371,0.87578
3.4176,0.87292
4.4992,0.8147
3.3887,0.87374
3.3161,0.87939
3.3692,0.87565
4.4265,0.81826
3.3276,0.87884
3.5164,0.8667
3.4193,0.87172
3.9059,0.84415
3.518,0.86651
3.3544,0.87607
3.3783,0.8747
3.5501,0.86374
3.4169,0.87194
3.4047,0.87282
3.3965,0.87359
3.429,0.87137
3.448,0.87053
3.4552,0.86966
3.3243,0.87888
3.4439,0.87097
3.4067,0.87296
3.9444,0.84242
3.3681,0.87603
3.4907,0.86799
3.4856,0.86818
3.464,0.86964
3.3117,0.87851
3.3972,0.87262
3.4438,0.87001
3.529,0.86571
3.4078,0.87257
3.3152,0.87814
3.5022,0.86703
4.565,0.81027
3.3851,0.8739
3.3553,0.87566
3.3152,0.87794
4.5687,0.8106
3.7512,0.85329
4.5,0.81464
3.3612,0.87613
4.4594,0.81671
3.4142,0.87277
3.4272,0.87163
3.4558,0.87095
3.3524,0.87781
3.3816,0.87565
3.3614,0.87724
3.4585,0.87048
3.3414,0.87756
3.3673,0.87653
3.3892,0.87452
3.4154,0.87345
3.3472,0.87741
3.2809,0.88216
3.3566,0.87684
3.4282,0.87288
3.3834,0.87451
3.4418,0.87123
3.4673,0.86913
3.3998,0.87423
3.4754,0.86872
3.7494,0.85216
3.4436,0.8714
3.4341,0.87172
3.423,0.87278
4.5313,0.81246
3.9892,0.83953
4.4373,0.81742
3.3784,0.875
3.3857,0.87415
3.4306,0.87071
3.3864,0.87366
3.3863,0.87402
3.3844,0.87384
4.5485,0.81072
3.4055,0.87216
3.3558,0.87552
3.798,0.84949
4.4332,0.8168
3.4077,0.87202
4.5259,0.81233
3.3731,0.87427
4.4029,0.81959
4.4771,0.81447
4.4174,0.81745
4.447,0.81718
4.5233,0.81291
4.5328,0.8122
3.3673,0.87489
3.301,0.88088
3.3973,0.87462
3.4394,0.87119
3.4153,0.8725
3.384,0.87458
3.4492,0.86966
3.3973,0.87339
3.4121,0.87286
3.3771,0.87391
3.3562,0.87574
3.7667,0.85165
3.3475,0.87715
3.4395,0.87076
3.3483,0.87566
3.3744,0.87456
3.3734,0.87467
3.3626,0.87572
3.3934,0.87434
3.4428,0.87083
3.6502,0.85896
3.416,0.87242
3.4677,0.86935
3.3232,0.87756
3.3927,0.87401
3.7338,0.85482
3.1838,0.88728
3.3459,0.8768
3.325,0.8787
3.3292,0.87881
3.3717,0.87579
3.2722,0.88258
3.3821,0.87483
3.3751,0.87554
3.7389,0.85461
4.0117,0.83933
3.2724,0.88193
3.4111,0.87229
3.4389,0.87083
3.918,0.84364
3.9092,0.84322
3.4918,0.86703
3.3355,0.87604
3.4473,0.86943
3.4001,0.87238
3.9623,0.84003
3.4107,0.87261
3.9085,0.8436
3.9193,0.84289
3.7754,0.85111
3.4396,0.87093
3.3338,0.87672
3.3614,0.87516
3.6697,0.85667
3.3579,0.87515
3.3328,0.87797
3.347,0.87717
3.3858,0.87434
3.4106,0.87219
4.4521,0.81631
3.3128,0.87847
3.8516,0.84911
3.9152,0.84439
3.9582,0.84126
3.3266,0.87836
3.8236,0.84933
3.9811,0.83982
3.9096,0.84394
3.3828,0.87362
3.8514,0.84778
3.9142,0.84384
3.8883,0.84543
3.882,0.84596
3.3127,0.87907
3.8552,0.84731
3.2625,0.88241
3.3037,0.8792
3.8751,0.84603
3.3235,0.87863
3.2733,0.881
3.4758,0.86805
3.3464,0.87695
3.4085,0.8733
3.4177,0.87269
3.3684,0.87488
3.8101,0.84947
3.3697,0.87485
3.8402,0.84687
3.8312,0.84741
3.3806,0.87352
3.3571,0.87464
3.4341,0.87049
3.3625,0.87517
3.3344,0.87739
3.371,0.87471
3.3695,0.87497
3.3469,0.87649
3.3593,0.87622
3.4975,0.86828
4.4915,0.81473
3.33,0.87779
3.3976,0.87346
4.3624,0.82033
3.3274,0.87775
3.4071,0.87218
3.3573,0.87521
3.4347,0.87123
3.365,0.87445
3.3443,0.87582
3.3062,0.8788
4.5366,0.81124
3.3273,0.87641
3.3427,0.87535
3.3787,0.87221
4.5579,0.80996
3.672,0.85584
4.5787,0.8092
3.36,0.87434
4.5389,0.81149
4.5399,0.81135
3.2842,0.88054
3.4056,0.87274
3.8139,0.84962
3.8607,0.84693
3.7933,0.85124
3.4236,0.87283
3.8538,0.84713
3.8634,0.84638
4.466,0.81576
3.8452,0.84839
4.4279,0.81806
4.0564,0.83575
3.854,0.84713
3.8446,0.84751
3.9463,0.84188
3.8572,0.84656
3.3072,0.87801
3.2867,0.88012
3.3593,0.87505
3.8204,0.84851
3.8955,0.84404
3.353,0.87589
3.3644,0.87472
3.2806,0.88101
3.8742,0.84586
3.2664,0.88244
3.896,0.84641
3.2821,0.88029
3.8604,0.84614
3.8569,0.84642
3.9117,0.84333
3.3189,0.87817
3.8364,0.84763
3.8726,0.84534
3.9303,0.84265
3.36,0.87487
3.8609,0.84693
3.4369,0.87025
3.2636,0.88104
3.4325,0.8702
3.3869,0.87198
3.3605,0.87381
3.9725,0.83792
3.4389,0.86971
3.4464,0.86892
3.4964,0.86635
3.4481,0.8686
3.3377,0.8756
3.3209,0.87767
3.2973,0.879
3.2541,0.8811
3.8861,0.84565
3.3477,0.8765
3.3547,0.87574
3.3703,0.87493
4.4505,0.81604
3.3207,0.87828
3.3557,0.87554
3.8236,0.84844
3.4465,0.87003
3.9263,0.84364
3.332,0.87783
3.2548,0.88247
3.9186,0.84324
4.3813,0.82055
4.3284,0.82284
3.8376,0.84837
3.3127,0.87856
3.3057,0.87895
3.8257,0.84823
3.4338,0.87082
3.3455,0.87592
3.8279,0.84757
3.9196,0.84291
3.3901,0.87328
3.9543,0.8405
3.9725,0.83893
4.5089,0.81305
3.9596,0.84016
3.843,0.84703
3.926,0.84261
4.3345,0.82255
4.4457,0.81667
3.4484,0.86998
3.9397,0.84201
3.356,0.87527
3.3965,0.87134
3.4478,0.86844
3.4043,0.87158
3.8331,0.84706
3.7171,0.85213
3.3808,0.87293
3.3657,0.87395
3.8936,0.84255
3.3012,0.87726
3.9977,0.83644
3.8554,0.8463
3.3117,0.87757
4.3414,0.82195
4.4261,0.81741
3.9144,0.84283
3.4154,0.87044
3.4011,0.87271
3.8932,0.84417
4.0099,0.83739
3.959,0.83996
3.9705,0.84016
3.9519,0.8411
3.9565,0.8402
4.0067,0.83797
3.3677,0.87467
3.8773,0.84587
3.8564,0.84752
3.8195,0.84875
3.839,0.84778
3.79,0.84929
3.7515,0.85187
3.7855,0.84951
3.8364,0.84596
3.7306,0.85225
3.8923,0.84399
3.3668,0.87292
3.3532,0.87362
3.4058,0.87115
3.3806,0.87285
3.291,0.87918
3.2465,0.88179
3.4277,0.87061
3.3737,0.87349
3.4545,0.86843
3.4175,0.87069
3.4042,0.87218
3.4306,0.87011
3.407,0.87143
3.4079,0.87072
3.3114,0.87657
3.3355,0.87543
3.3376,0.87588
3.842,0.84637
3.3792,0.87223
3.2973,0.8778
3.5411,0.86318
3.3842,0.87296
3.8941,0.8429
3.9653,0.83882
4.0129,0.8368
3.3593,0.87428
3.9142,0.84313
3.9837,0.83861
4.5017,0.81293
3.3872,0.87232
4.5233,0.81169
3.4073,0.87066
4.5965,0.80773
4.5441,0.8104
4.6131,0.8071
4.6016,0.80794
3.2749,0.88066
3.3773,0.87354
3.2926,0.87907
3.4476,0.86889
3.3893,0.87215
3.3449,0.87567
3.3757,0.87267
3.4674,0.8671
3.922,0.84213
3.843,0.84608
3.3159,0.8769
3.8925,0.84444
3.669,0.85724
3.3136,0.87682
3.3187,0.87714
3.2792,0.87972
3.3478,0.87603
3.4508,0.86862
3.3151,0.87786
3.3811,0.87286
3.3585,0.87441
3.4706,0.86714
3.4934,0.86567
3.5034,0.8663
3.9946,0.83754
3.3183,0.87667
3.3382,0.87515
3.291,0.87784
3.6646,0.85697
3.7112,0.85339
3.809,0.84761
3.7623,0.85017
3.7417,0.85284
3.7424,0.85185
3.7441,0.85298
3.7808,0.84982
3.3808,0.87262
3.3879,0.87341
3.3082,0.87859
3.3422,0.87655
3.345,0.87592
3.3653,0.87481
3.7232,0.85374
3.396,0.87232
3.4818,0.86731
3.7539,0.85133
3.4407,0.86849
3.4429,0.86928
3.4229,0.86894
3.3367,0.87503
3.3798,0.87221
3.3256,0.87631
3.8606,0.84501
3.9152,0.84211
3.3444,0.87449
3.3155,0.87676
3.9471,0.84014
3.3511,0.87394
3.4836,0.86632
3.9692,0.83784
3.3148,0.87724
3.2977,0.87782
3.8139,0.84869
3.3715,0.87374
3.3862,0.87307
3.3587,0.8751
3.27,0.88069
3.3818,0.87273
3.36,0.87484
3.356,0.87453
3.8385,0.84663
3.3431,0.87571
3.8742,0.84549
3.6973,0.85531
3.7857,0.84949
3.7842,0.84975
3.7575,0.85126
3.7734,0.85053
3.7909,0.84925
3.7198,0.85374
3.7372,0.85297
3.7832,0.85018
3.7609,0.85114
3.8252,0.84749
3.903,0.84271
4.3687,0.82004
4.0263,0.83578
3.3031,0.87764
3.8333,0.84753
3.8342,0.84745
3.8159,0.84937
3.8105,0.84802
3.8257,0.84854
3.2857,0.87967
3.81,0.84794
3.9025,0.84321
3.9587,0.83977
3.2984,0.87686
3.901,0.84311
3.793,0.84929
3.9045,0.84315
3.8903,0.84421
3.8947,0.84365
3.7689,0.85158
3.8423,0.84733
3.8498,0.84661
4.3519,0.8204
3.737,0.85297
3.5936,0.86058
3.4641,0.8683
3.341,0.87479
3.2821,0.8785
3.4083,0.87081
3.2343,0.8822
3.2595,0.88029
3.3849,0.87302
3.7674,0.85081
3.2208,0.88326
3.4081,0.87221
3.2166,0.88352
3.8813,0.84474
3.7845,0.84956
3.3458,0.87447
4.4339,0.81505
3.3231,0.87608
3.84,0.84628
3.358,0.87377
3.7632,0.84896
3.8814,0.8427
3.3406,0.87504
3.346,0.87408
3.3863,0.87103
3.4135,0.86873
3.4106,0.86889
3.9133,0.84005
3.7145,0.85287
3.4831,0.86525
4.1839,0.82526
3.4192,0.86924
3.4133,0.86909
3.4276,0.86826
3.9559,0.83744
3.8789,0.84258
3.7902,0.84849
4.5723,0.80733
3.4053,0.86903
4.5718,0.80686
4.5628,0.80736
4.489,0.81074
4.5342,0.80875
4.5126,0.80991
3.8173,0.84558
3.3936,0.86939
4.4332,0.81392
4.5041,0.8095
4.4616,0.81111
3.317,0.87435
3.352,0.87185
3.614,0.85583
3.3261,0.8733
4.0757,0.83043
4.1449,0.82722
4.0656,0.83112
3.3704,0.86985
3.9328,0.83706
3.4946,0.86202
3.3826,0.86789
4.0466,0.83037
3.2692,0.87547
3.3161,0.8723
3.7435,0.84764
3.4106,0.86618
3.8437,0.84104
3.385,0.8679
3.3338,0.87119
3.3793,0.86756
4.0948,0.82803
4.1704,0.82311
3.4253,0.86497
3.3535,0.86941
3.2684,0.87379
3.2826,0.87243
3.2681,0.87286
3.2715,0.87271
3.8912,0.83672
3.4137,0.86414
3.2582,0.87346
3.7989,0.8424
3.9137,0.83449
3.2767,0.87121
3.9425,0.83312
3.929,0.83352
3.3935,0.86385
3.4134,0.8629
4.0413,0.82751
4.084,0.82464
4.0996,0.82294
3.3628,0.86403
4.0791,0.82358
4.094,0.82256
4.0563,0.82397
3.4376,0.85732
3.4122,0.85855
3.4719,0.85469
3.9546,0.82775
3.4707,0.85406
3.5687,0.84879
3.5222,0.8498
3.5148,0.85106
3.4381,0.85589
3.4981,0.85122
4.0299,0.82237
4.203,0.81234
4.0157,0.82089
4.0637,0.81855
4.0888,0.81684
3.4365,0.85318
3.4025,0.85469
3.4376,0.85132
3.7099,0.83603
3.784,0.83077
3.7319,0.83323
3.7281,0.83318
3.7935,0.82835
3.7797,0.82928
3.8034,0.82764
3.7957,0.82795
3.7743,0.8282
5.1267,0.75862
8.8331,0.63172
5.2357,0.75338
3.7644,0.8292
3.6385,0.83628
3.1323,0.86722
3.7686,0.82792
3.6694,0.83439
3.7738,0.82677
3.6248,0.83655
3.7126,0.83038
3.1799,0.86082
3.0736,0.86757
3.0726,0.86755
3.606,0.83427
3.1843,0.85996
3.524,0.83981
2.9451,0.87808
3.2921,0.85365
2.8671,0.88361
2.814,0.88886
2.7187,0.89738
2.7067,0.8983
2.6799,0.90011
3.1949,0.86258
2.6535,0.903
2.6559,0.90171
2.5744,0.90655
2.5317,0.90711
2.5181,0.90806
2.4839,0.90885
2.9499,0.86999
3.0155,0.86278
2.3319,0.91682
2.6427,0.88833
2.4277,0.90526
3.1804,0.84642
2.2157,0.92241
2.2344,0.91826
2.2283,0.91707
2.1862,0.91934
2.1055,0.92653
2.4027,0.897
2.4195,0.89424
2.1662,0.91802
2.3654,0.89963
2.4078,0.89503
2.1876,0.91526
2.1779,0.91621
2.1207,0.92231
2.068,0.92745
2.038,0.93173
2.1612,0.91735
2.0435,0.93089
2.1253,0.92125
2.0971,0.92339
2.1048,0.9232
2.0802,0.92698
2.4082,0.8931
2.3793,0.89693
2.3431,0.89932
2.7149,0.86807
2.1626,0.91631
2.6261,0.87375
2.6048,0.87546
2.4971,0.8851
2.4933,0.88361
2.4716,0.88606
2.5766,0.87578
2.5627,0.87655
2.7802,0.85996
2.5305,0.87905
1.9742,0.93364
2.1686,0.91185
2.0088,0.92797
2.2233,0.90619
2.1354,0.91418
2.5103,0.87921
2.4928,0.88087
2.6023,0.87017
2.5644,0.87318
2.7723,0.8556
2.4215,0.88321
2.5997,0.86805
2.1029,0.91377
2.4742,0.87907
2.4873,0.87635
2.7321,0.85451
3.9228,0.77481
3.9542,0.77283
3.9736,0.77183
3.0204,0.83191
2.4659,0.87549
2.9638,0.83638
3.0934,0.82549
2.0867,0.90976
2.6261,0.85927
2.634,0.85927
2.2359,0.89234
2.19,0.89639
1.9726,0.91832
2.1587,0.89839
2.0006,0.91487
2.0148,0.91271
1.9511,0.91929
2.0405,0.90938
2.5382,0.86362
2.4769,0.86869
3.304,0.80194
2.1436,0.89858
2.1888,0.89284
2.3035,0.88177
2.2751,0.88478
2.239,0.88782
2.3624,0.87623
2.4766,0.86465
2.4648,0.8661
2.469,0.86576
2.4545,0.86686
2.3611,0.87405
2.5775,0.85531
2.2126,0.88718
2.707,0.84374
3.1597,0.80914
2.2951,0.87607
4.1707,0.74433
4.8258,0.70588
2.1357,0.89128
2.7291,0.83966
2.5315,0.85488
2.7392,0.83719
2.2488,0.87958
3.8814,0.75906
2.1078,0.8932
2.0819,0.89457
2.2424,0.87842
2.2168,0.88056
2.5842,0.84821
2.5131,0.85384
2.564,0.84752
2.275,0.87237
2.7244,0.83384
4.4986,0.72019
3.3404,0.7881
4.7519,0.70134
2.483,0.8504
2.4613,0.85208
2.3383,0.86128
2.3232,0.86178
2.3748,0.85668
4.551,0.70682
4.5344,0.70712
4.4433,0.7107
3.0334,0.79795
4.4983,0.70603
2.7723,0.81861
2.2439,0.86823
2.1894,0.8736
2.7844,0.81682
2.87,0.8109
2.2231,0.86727
3.9284,0.74051
2.9618,0.80352
4.2675,0.71843
3.0195,0.79722
3.1491,0.78766
3.0994,0.7902
3.2093,0.78171
4.2744,0.71325
2.8801,0.80462
4.12,0.72044
4.2031,0.71548
4.2447,0.7124
4.553,0.69493
4.4514,0.70017
4.325,0.7068
4.2452,0.71454
4.1399,0.71941
4.2422,0.7104
3.9059,0.73402
2.825,0.80488
4.3825,0.70144
2.9129,0.79739
4.4927,0.69399
2.8339,0.80131
4.3333,0.70228
4.1646,0.71127
4.227,0.70762
4.1673,0.71061
2.8894,0.79423
4.0822,0.71297
2.86,0.79447
3.0948,0.77639
3.3519,0.7578
3.3722,0.75533
3.3904,0.75347
3.8208,0.72866
4.1964,0.70256
3.0541,0.77653
3.0879,0.77268
3.0128,0.77658
3.0709,0.7737
2.9926,0.77964
3.1265,0.76915
2.8829,0.78633
2.9788,0.77792
3.0874,0.77136
3.249,0.75908
2.9994,0.77772
3.017,0.77479
3.0454,0.77236
3.971,0.71156
2.8959,0.78399
3.0057,0.77387
4.1166,0.70048
3.0685,0.76956
3.6633,0.73216
4.1207,0.69959
3.7266,0.72228
2.4661,0.81734
2.4874,0.81635
4.1181,0.69649
2.7396,0.79369
2.5992,0.80419
2.5388,0.80914
3.75,0.71818
2.685,0.79522
2.7914,0.78641
3.6974,0.72519
3.5191,0.73272
4.4589,0.67714
3.9419,0.70703
3.9037,0.70901
3.1962,0.75521
3.9249,0.70762
4.1164,0.69158
3.8691,0.70994
4.1506,0.68875
3.9616,0.70085
4.247,0.68313
2.656,0.79441
2.9802,0.76583
2.6336,0.79291
2.6826,0.79025
2.6068,0.79631
2.601,0.79667
2.5235,0.80186
2.6588,0.78858
2.5429,0.79804
2.5931,0.79618
2.5508,0.79831
2.5629,0.79549
2.6539,0.78936
2.6746,0.78698
2.5639,0.79581
4.0897,0.68589
2.5008,0.80079
2.5015,0.80015
2.5059,0.79919
2.5822,0.79265
2.5709,0.79465
2.6688,0.78418
2.4703,0.80203
2.5306,0.79563
2.8773,0.76981
3.7504,0.7026
2.4279,0.80335
2.5638,0.79039
2.5658,0.79068
2.5666,0.79008
4.0654,0.68459
2.7325,0.77579
2.6749,0.78034
2.4951,0.79612
2.3422,0.81176
2.525,0.79302
2.4486,0.79735
2.4184,0.79809
2.5732,0.78561
3.9898,0.68308
2.5257,0.79116
2.706,0.7748
2.4469,0.79606
3.9426,0.68553
2.6262,0.78152
2.5929,0.78203
2.5565,0.78532
2.4572,0.79488
3.5432,0.71072
3.6298,0.7045
3.6174,0.70515
2.4855,0.79133
2.4189,0.79765
2.485,0.79079
2.4945,0.79034
3.6227,0.70186
3.5322,0.70867
3.5165,0.70951
4.1246,0.6718
3.585,0.70483
2.5291,0.78589
2.4912,0.788
2.4659,0.78889
2.506,0.78625
2.4934,0.78804
2.5015,0.78629
2.4532,0.79031
2.4849,0.7865
3.6657,0.69598
3.1745,0.73465
2.5199,0.78323
2.4706,0.78778
2.55,0.78098
2.4298,0.79121
2.4139,0.79303
2.5482,0.78023
4.0563,0.67486
2.4495,0.78994
2.9061,0.75396
2.4624,0.78824
2.4301,0.79193
2.3981,0.7947
2.6039,0.77669
3.8489,0.68477
2.5151,0.78356
2.5608,0.78016
2.5167,0.78389
2.4701,0.78844
2.5631,0.78001
2.5662,0.77909
2.5389,0.78172
2.4321,0.79167
2.483,0.78719
3.184,0.73271
3.1677,0.73453
2.4816,0.78706
2.9572,0.75035
2.5544,0.77913
2.4645,0.788
3.1531,0.73451
3.0578,0.74163
2.9792,0.74825
3.1447,0.73553
2.9522,0.74964
3.078,0.73985
3.0559,0.7421
2.4739,0.78695
3.0496,0.74199
2.5306,0.77881
2.4673,0.78687
2.5396,0.7798
2.5963,0.77488
2.5716,0.77566
2.531,0.77981
2.4056,0.79111
2.4606,0.78748
2.5042,0.78255
2.6235,0.77125
2.5637,0.77666
2.5481,0.77911
3.5913,0.70339
3.4988,0.70968
3.5889,0.70401
3.5638,0.70615
3.0578,0.74167
3.5123,0.71194
3.1789,0.73237
3.1359,0.73682
3.4725,0.7158
3.496,0.71369
2.5693,0.77832
2.5698,0.77877
2.4121,0.79351
2.3694,0.79722
2.3383,0.7992
2.4279,0.7903
2.4777,0.78623
2.3523,0.79899
2.334,0.79986
2.4911,0.78348
2.3897,0.79391
2.4459,0.78824
2.4504,0.78779
2.4874,0.78395
3.498,0.70888
2.4116,0.79146
2.4095,0.7921
2.3427,0.7981
2.4418,0.78797
2.3667,0.79542
2.4154,0.79163
2.4905,0.78445
2.4667,0.78667
2.5672,0.77546
2.4368,0.78668
2.4523,0.78559
3.0212,0.74429
3.3702,0.72036
3.5538,0.70173
2.579,0.7775
3.5372,0.70352
2.8043,0.75993
2.9207,0.74929
2.9192,0.7485
3.432,0.71146
2.5515,0.77913
2.6111,0.77357
2.5806,0.77594
2.4458,0.78616
2.5387,0.77642
2.5438,0.77652
2.3451,0.79689
2.5473,0.77561
2.4645,0.78445
2.3765,0.79285
2.5155,0.77919
2.4758,0.784
2.5534,0.77517
2.5302,0.77966
2.4301,0.78849
2.3225,0.79726
2.4122,0.78833
2.418,0.7864
2.3656,0.79191
2.3477,0.79357
2.3983,0.78907
2.3606,0.79196
2.5397,0.77743
2.4679,0.7845
2.5471,0.77605
2.583,0.77258
2.3242,0.79778
2.2525,0.80496
2.4293,0.78871
2.4408,0.78576
2.3738,0.79266
2.4447,0.78518
2.6723,0.76892
2.349,0.79788
2.4987,0.78299
2.5099,0.78081
2.4986,0.78193
2.4761,0.78325
2.4841,0.78285
2.4474,0.78857
2.3304,0.79718
2.344,0.79439
2.4381,0.78707
2.438,0.78665
2.2947,0.80022
2.3147,0.79888
2.4571,0.78437
2.4545,0.78515
2.523,0.77843
2.4518,0.78457
2.2771,0.80202
2.3646,0.79263
2.3645,0.79295
2.3423,0.79587
3.4185,0.70767
2.391,0.79183
2.4368,0.7861
2.4298,0.78707
2.4498,0.78508
2.5425,0.77614
2.4458,0.78595
2.5126,0.77921
2.4688,0.78308
2.5936,0.77127
2.3487,0.79242
2.437,0.7873
2.4178,0.7892
2.3315,0.79526
2.3738,0.79135
2.4874,0.78163
2.4947,0.78175
2.4482,0.78729
2.4758,0.78186
2.4809,0.78254
2.5516,0.77544
2.4676,0.78334
3.3026,0.71678
2.4532,0.78558
3.3956,0.70824
2.5191,0.77767
2.4477,0.78498
2.4741,0.78347
2.4037,0.79162
2.5084,0.77971
2.4189,0.78859
2.4787,0.78156
3.2836,0.71732
2.3586,0.79502
2.2135,0.8075
2.2202,0.80657
3.2841,0.71492
2.3619,0.79301
2.4028,0.79161
2.3964,0.78986
2.4518,0.79017
2.5328,0.77716
2.3892,0.79747
2.4301,0.79304
2.3217,0.796
2.5758,0.77872
2.4508,0.78416
3.5816,0.69585
2.3541,0.79437
3.1364,0.72827
3.5108,0.7002
3.785,0.68402
3.7756,0.68509
3.4558,0.7049
2.3009,0.80764
3.1319,0.72854
3.2755,0.71671
2.3276,0.79584
3.3721,0.7092
3.4194,0.70643
3.4128,0.70693
3.4576,0.70317
3.4618,0.70831
3.4754,0.70211
3.4473,0.709
3.4854,0.70714
3.4419,0.70438
3.5272,0.70356
3.481,0.70136
3.3932,0.70729
2.2636,0.80342
2.3123,0.79796
2.3981,0.78782
2.4867,0.78067
2.3975,0.78902
2.3367,0.79537
2.477,0.7831
2.6444,0.76763
2.4821,0.78108
2.7135,0.76276
2.4718,0.78209
2.4632,0.78475
2.3395,0.79562
2.4443,0.78535
2.4159,0.7877
2.434,0.78664
2.4217,0.78786
2.403,0.78965
2.4943,0.77964
2.5032,0.77875
2.5156,0.77695
2.4242,0.78747
2.555,0.77586
3.4964,0.70195
3.5892,0.69494
3.5683,0.69604
2.4609,0.78485
3.4727,0.70356
2.5376,0.77651
2.5222,0.77827
3.5129,0.70013
2.4675,0.78336
2.4383,0.78795
2.4247,0.78692
2.4785,0.78211
2.8816,0.75035
3.2004,0.72671
2.323,0.79821
2.3496,0.79471
3.4778,0.70148
2.4424,0.78405
2.3861,0.78935
2.334,0.79596
2.4674,0.7827
2.5256,0.77551
2.3827,0.79069
2.3543,0.79327
2.6753,0.76559
2.5641,0.77686
2.7137,0.76277
2.7076,0.76282
2.3994,0.78949
2.4427,0.78461
2.4553,0.78568
3.3223,0.71293
3.3142,0.71338
2.4322,0.78685
3.3534,0.7097
3.3863,0.70771
2.4329,0.78666
2.4631,0.78229
2.4208,0.78665
2.8512,0.75179
2.4517,0.78301
2.384,0.79048
2.4514,0.78322
2.4588,0.78277
2.7754,0.75791
3.2621,0.72236
2.3947,0.7896
3.1545,0.72997
2.347,0.79355
2.3174,0.79429
2.2406,0.80345
3.4157,0.70653
2.4442,0.78378
2.385,0.79041
2.4469,0.7827
2.4157,0.78634
2.3672,0.79205
2.4315,0.78631
2.4183,0.7858
2.4199,0.784
2.3173,0.79514
2.3322,0.79417
2.3107,0.79645
2.332,0.79402
2.3986,0.78747
2.3216,0.79511
2.2631,0.80108
2.6465,0.76584
2.343,0.79268
2.3259,0.7958
2.3842,0.79094
2.3529,0.79274
3.0086,0.73827
3.0645,0.73461
2.4977,0.77923
2.4928,0.77904
2.4643,0.78114
2.4056,0.78803
2.4775,0.77912
2.4518,0.78149
2.4213,0.78312
2.4341,0.78323
2.3143,0.7958
2.3946,0.78763
2.5279,0.77559
2.4994,0.77761
2.3086,0.7966
2.3123,0.79688
2.5466,0.7751
2.6184,0.77426
2.4321,0.78463
2.4074,0.78621
2.3548,0.79186
2.4284,0.78447
2.4432,0.78438
2.4714,0.78124
2.3301,0.79449
2.3134,0.79494
2.3503,0.79151
2.5938,0.76903
2.4865,0.77866
2.5404,0.77473
2.38,0.79019
2.5935,0.7717
2.6713,0.76389
2.4619,0.78124
2.5299,0.77522
2.4537,0.78312
2.2826,0.80161
2.4072,0.78729
2.2855,0.79916
2.4836,0.78003
2.2732,0.801
2.1874,0.80906
2.3454,0.79228
2.4401,0.78413
2.3252,0.79345
2.4837,0.77926
2.2796,0.80181
2.2498,0.80247
2.2384,0.80403
2.2266,0.80441
2.2982,0.79726
2.2246,0.80525
2.2266,0.8059
3.2628,0.7159
3.3359,0.71135
3.4267,0.70393
3.3845,0.70735
3.2719,0.71775
2.4265,0.78607
2.2754,0.7997
2.3211,0.79542
2.3707,0.79208
2.236,0.80301
2.3901,0.78993
2.4234,0.78558
2.4606,0.78091
2.4517,0.78241
3.2995,0.71267
2.3393,0.79383
2.1626,0.8129
2.3855,0.78978
2.428,0.78389
3.0315,0.73539
2.8765,0.74906
2.916,0.74671
3.0973,0.73167
3.0217,0.73681
2.9006,0.74719
2.5781,0.77099
2.5625,0.7734
2.6275,0.76612
2.6775,0.76052
2.5817,0.77038
2.579,0.77042
2.3085,0.79578
2.3071,0.79613
2.9876,0.73948
2.3139,0.79368
2.5019,0.7773
2.358,0.79047
2.2992,0.79733
2.4381,0.78392
3.5832,0.70027
2.981,0.74095
2.3508,0.79178
2.3683,0.79061
2.3456,0.79164
2.3472,0.79216
2.3986,0.78653
2.2725,0.80025
2.4267,0.78311
2.3523,0.79152
2.4499,0.78371
2.5465,0.77454
3.0259,0.73795
2.3571,0.79172
2.6211,0.76731
2.5882,0.77168
2.3,0.79654
2.4479,0.78236
2.2906,0.79983
2.3216,0.79326
2.936,0.74392
3.1193,0.73061
3.0262,0.73634
2.4078,0.78566
2.4128,0.78544
3.2533,0.72263
3.2667,0.72143
3.357,0.71412
2.3352,0.79217
2.9899,0.73869
2.2878,0.79865
2.3271,0.79492
2.3766,0.78928
2.4144,0.7848
2.4248,0.7845
3.045,0.73464
2.4691,0.78059
2.4433,0.78193
2.5093,0.77583
2.3039,0.79521
2.7672,0.75716
3.2558,0.71951
2.2812,0.79871
2.3193,0.79452
2.3162,0.79493
3.2352,0.71639
3.252,0.71441
2.2211,0.80449
2.2715,0.79943
3.2909,0.71135
2.2479,0.80148
2.3034,0.79623
2.5952,0.7713
2.6027,0.77017
2.6275,0.76747
2.7123,0.75838
2.3105,0.79523
2.3432,0.79885
2.614,0.76857
2.6466,0.76536
2.4483,0.78198
3.0474,0.73319
2.4186,0.7862
2.3889,0.78922
3.868,0.67984
2.4358,0.78241
2.4338,0.78396
2.3928,0.7871
2.3336,0.79449
2.3112,0.79647
3.1554,0.7221
2.3181,0.79434
2.2801,0.79912
2.3132,0.79468
2.2922,0.79681
2.3187,0.79478
2.3721,0.7881
2.2696,0.79915
2.4614,0.77921
2.3763,0.78893
2.3716,0.78868
2.4427,0.78289
2.3387,0.79156
2.5358,0.77239
2.5419,0.77359
2.5536,0.77075
2.4029,0.78563
2.586,0.76789
3.075,0.72896
2.1746,0.81179
2.3554,0.79289
2.3372,0.79542
2.4074,0.7857
2.4386,0.78284
2.3776,0.79091
2.3754,0.79676
2.9627,0.74217
2.3389,0.79335
2.3623,0.79204
2.3568,0.79296
2.3991,0.78854
2.5302,0.77579
2.5164,0.77556
2.3947,0.78879
2.9322,0.74477
3.029,0.73561
2.4879,0.77524
2.3789,0.78742
3.4761,0.7075
2.4535,0.78304
2.4124,0.78482
2.4347,0.77962
2.3421,0.78968
2.2796,0.79888
2.2903,0.79794
2.3328,0.79142
2.3273,0.79207
2.3319,0.79219
2.326,0.79377
2.3702,0.78697
2.6447,0.76361
2.634,0.7661
2.5777,0.77141
2.6528,0.76431
2.36,0.79121
2.3338,0.79325
2.2613,0.80098
3.1494,0.72145
3.3027,0.71109
3.3342,0.70853
2.2095,0.80529
2.3276,0.79399
2.4362,0.78357
3.5768,0.69238
3.457,0.7008
2.3071,0.79739
3.1075,0.72607
2.3022,0.79522
2.306,0.79603
2.3466,0.79909
2.2864,0.79883
2.3665,0.78983
2.2763,0.79938
2.3124,0.79567
3.3819,0.7152
2.3056,0.7965
2.1942,0.80793
2.3065,0.79578
3.6491,0.68644
3.692,0.68519
2.2044,0.80635
3.2074,0.71872
3.2942,0.71211
2.248,0.80221
2.2588,0.80162
2.3318,0.79362
2.9328,0.74389
3.2416,0.71657
3.9871,0.67112
2.4527,0.78829
3.0945,0.73072
3.0449,0.73568
2.9294,0.74591
2.3748,0.78793
3.179,0.7242
2.2182,0.80443
2.3177,0.7931
2.2202,0.80428
2.2736,0.79728
2.2954,0.79345
2.8969,0.74544
2.1541,0.8106
3.0513,0.73434
2.2453,0.80379
3.4775,0.69914
3.458,0.70195
3.1776,0.72168
2.3192,0.79538
2.4155,0.78587
2.2532,0.80227
3.3062,0.71127
2.3535,0.79066
3.3027,0.71086
2.3,0.7963
2.2832,0.79781
2.3845,0.78604
2.3545,0.78945
2.3831,0.78744
2.3502,0.79748
2.2846,0.79746
2.3074,0.79471
2.2782,0.79816
2.3255,0.79215
2.259,0.79937
2.474,0.78478
2.3008,0.7941
2.2773,0.79814
2.3245,0.79306
2.2816,0.7984
2.3363,0.79158
2.3318,0.79312
2.3885,0.78593
2.3075,0.79479
2.3234,0.79267
2.2812,0.79862
2.3648,0.78895
2.3491,0.79165
2.3509,0.79067
2.997,0.73585
2.5222,0.77388
2.2659,0.79744
2.499,0.77406
3.0632,0.73061
2.4199,0.78247
2.3298,0.7926
2.4045,0.78395
2.4344,0.7811
2.3922,0.78495
2.4098,0.78365
2.4427,0.77933
3.2104,0.72032
3.0572,0.73297
2.9099,0.74445
3.1876,0.72355
3.2236,0.72058
3.1229,0.7284
3.1188,0.7289
2.5549,0.77059
2.5546,0.76831
2.3048,0.79406
3.1589,0.72535
2.3154,0.79244
2.2649,0.80495
2.2322,0.80038
2.2655,0.79758
3.132,0.72185
2.1968,0.80522
2.3187,0.79909
2.2945,0.79223
2.3271,0.79273
2.2908,0.79535
2.377,0.79394
2.2931,0.79523
3.1991,0.71525
2.3315,0.79293
2.2386,0.80217
2.2719,0.79756
2.8234,0.74996
2.2904,0.79501
2.876,0.74692
3.0025,0.73609
2.9745,0.73694
2.996,0.73696
2.2907,0.79567
2.2756,0.79685
2.8778,0.7455
2.6248,0.76712
2.2182,0.80256
3.1545,0.71931
2.1877,0.80361
2.1661,0.80664
2.1536,0.80761
2.2515,0.79779
2.1635,0.80893
3.1859,0.71547
3.3405,0.70946
2.1989,0.80264
3.22,0.71096
3.0932,0.7217
2.2026,0.80248
2.2532,0.79588
2.2159,0.7998
2.2672,0.79346
2.1538,0.8053
2.3388,0.78639
2.1994,0.80144
2.165,0.80454
2.2411,0.79686
2.267,0.79275
2.3576,0.7833
2.9757,0.73475
2.2664,0.79477
2.7731,0.75121
2.2207,0.79916
2.2796,0.79042
2.8148,0.74474
2.3186,0.78662
2.3031,0.78809
2.4006,0.77941
2.3048,0.7874
2.3107,0.78651
2.3114,0.78655
2.3296,0.78413
2.2897,0.78881
2.3742,0.78677
2.2862,0.78987
2.4461,0.77843
2.3421,0.78289
2.2748,0.78945
2.3386,0.78334
2.3046,0.78695
2.2685,0.78952
2.2912,0.78606
2.3485,0.78091
2.129,0.80282
2.1735,0.79686
2.2478,0.79013
2.147,0.80237
2.374,0.78282
2.2611,0.78835
2.3024,0.79075
2.2717,0.78554
2.373,0.78135
2.7991,0.74009
2.8614,0.73454
2.3194,0.78105
2.2312,0.79077
2.5927,0.75914
2.7247,0.74573
2.217,0.79091
2.295,0.78388
2.247,0.78777
2.3013,0.78236
2.2929,0.78194
2.7112,0.74795
2.2882,0.78268
2.3469,0.77504
2.2773,0.78402
2.4716,0.76985
2.4957,0.76969
2.4743,0.77146
2.2452,0.78433
2.5194,0.76478
2.5771,0.75796
2.4645,0.7705
2.4638,0.77042
2.4829,0.76829
2.2866,0.77745
2.6039,0.75603
2.2355,0.78373
2.3043,0.77534
2.1108,0.79745
2.2146,0.78613
2.3296,0.77268
2.2416,0.78221
2.3705,0.76755
2.2924,0.7765
2.3229,0.77195
2.1859,0.7876
2.269,0.77774
2.2816,0.77618
2.2754,0.77497
2.199,0.7835
2.2668,0.77679
2.2801,0.77434
2.0715,0.79699
2.2499,0.77561
2.2923,0.77176
2.396,0.7633
2.1653,0.78633
2.274,0.77266
2.1773,0.78488
2.2186,0.78007
2.202,0.78333
2.1008,0.79367
2.1794,0.78437
2.3567,0.76397
2.287,0.77062
2.2386,0.77549
2.2463,0.77484
2.2469,0.77587
2.2156,0.77763
2.9279,0.71699
2.2275,0.77589
2.7935,0.7284
2.3367,0.76148
2.2353,0.77438
2.2758,0.76899
2.8179,0.72415
2.6194,0.7402
2.6809,0.73491
2.3289,0.76376
2.8806,0.71842
2.69,0.7344
2.703,0.73306
2.7719,0.72479
2.4746,0.74741
2.759,0.72518
2.0485,0.79249
3.9163,0.63489
2.2215,0.76943
2.6374,0.7363
1.9513,0.80309
2.7628,0.72403
3.3209,0.67096
2.1749,0.77125
2.4403,0.75149
2.2057,0.7726
2.217,0.77156
2.419,0.75124
3.7201,0.649
3.2344,0.68364
2.18,0.77326
3.7126,0.64629
2.4177,0.74989
2.4317,0.74999
2.3623,0.75543
2.6679,0.73188
2.7089,0.72799
2.8431,0.71402
2.932,0.70427
2.3847,0.75183
2.5672,0.73593
2.4481,0.74604
2.4571,0.74205
2.8587,0.71022
2.7987,0.71652
2.8312,0.71458
2.8253,0.71375
2.9254,0.70428
2.8845,0.7085
2.3632,0.75543
2.6753,0.72733
2.9569,0.70294
2.3251,0.74974
2.3924,0.74215
2.3049,0.74893
2.3468,0.75068
2.2346,0.76382
2.32,0.74886
2.4779,0.7349
2.1724,0.76131
2.2816,0.75141
2.0307,0.7788
2.2324,0.75651
2.904,0.7013
2.6694,0.71686
2.322,0.74513
2.8804,0.70315
2.9538,0.69807
2.8797,0.70403
2.9322,0.69686
2.9209,0.69768
2.7635,0.71413
2.8303,0.70682
2.9257,0.69829
2.8401,0.70497
2.877,0.70053
3.4203,0.65477
2.1418,0.77301
2.0697,0.77759
2.446,0.73348
2.4433,0.73409
2.5931,0.71947
2.4717,0.73086
2.4266,0.73605
2.453,0.73275
2.4314,0.73372
2.3922,0.73729
3.3632,0.65917
2.591,0.71866
2.3503,0.73664
2.2847,0.74445
3.0129,0.68704
2.5372,0.72616
2.2807,0.74556
2.2863,0.74504
2.3512,0.73926
2.3303,0.74062
2.658,0.71473
2.2749,0.74694
2.3981,0.73273
2.96,0.69155
3.5065,0.64135
3.5795,0.63782
2.2168,0.75118
3.2808,0.66093
2.4398,0.72856
2.3064,0.74172
2.144,0.7564
2.2028,0.74795
2.1892,0.74922
3.3948,0.64564
2.058,0.76551
2.193,0.74751
2.1176,0.75615
2.1358,0.75606
2.1441,0.75421
2.2257,0.74754
2.2156,0.74662
3.1501,0.66902
2.9463,0.68706
2.2561,0.74254
3.1911,0.66381
3.1076,0.67136
2.4321,0.72201
2.4487,0.72161
2.2782,0.73869
2.291,0.7354
2.4482,0.72206
2.4431,0.72341
2.2077,0.7444
2.2513,0.73957
2.2816,0.73621
2.2873,0.73679
2.0747,0.75639
2.3647,0.7288
2.3291,0.73344
2.5468,0.7177
2.4458,0.72299
2.3876,0.72971
2.1744,0.74714
2.4044,0.72633
2.346,0.7323
2.87,0.68952
2.8458,0.69034
2.8979,0.68634
2.0248,0.76224
2.3464,0.73213
2.3541,0.73048
2.0532,0.75643
2.0361,0.75766
2.6776,0.69911
2.0314,0.75845
3.449,0.64483
2.7722,0.6936
3.3427,0.65285
2.1066,0.75179
2.8745,0.68439
2.8891,0.68169
2.8466,0.68503
2.7862,0.68978
2.7425,0.69377
2.1303,0.74787
2.1675,0.74218
2.881,0.68038
2.2011,0.73726
2.9821,0.67288
2.7732,0.6915
2.8532,0.68496
2.6312,0.70356
2.7101,0.69742
2.7903,0.68793
2.8771,0.67872
2.2101,0.73447
2.1405,0.74133
2.1346,0.74324
2.4225,0.71354
2.4353,0.7145
2.2062,0.73611
2.2301,0.73422
2.8463,0.68374
2.2124,0.74063
2.1659,0.74229
2.1484,0.7451
3.0734,0.6686
2.8677,0.68082
2.7835,0.68881
2.8241,0.68539
2.7981,0.68748
2.7379,0.69393
2.0334,0.75358
2.1054,0.74916
2.7471,0.69082
2.7658,0.68914
2.7427,0.69172
2.6231,0.70113
2.6281,0.7015
2.514,0.71288
2.3594,0.72529
2.607,0.70279
2.5131,0.71338
2.6172,0.70222
2.391,0.71999
2.5857,0.70296
2.5817,0.70378
2.5528,0.70671
2.6613,0.69768
2.586,0.70392
2.0414,0.75426
2.57,0.70478
2.513,0.71043
2.3184,0.72825
2.5802,0.70394
2.3197,0.72617
2.0576,0.74994
2.2807,0.72946
2.288,0.7275
2.2687,0.7297
3.4961,0.63111
1.8631,0.77221
2.5914,0.70147
2.3645,0.72192
2.3193,0.72411
2.0302,0.76214
2.3888,0.71914
1.9326,0.774
2.3721,0.71726
2.3882,0.71901
2.3969,0.71919
2.3052,0.72454
2.2899,0.72595
2.2819,0.72753
2.3091,0.7236
2.4752,0.70714
2.4129,0.71526
2.3361,0.72237
2.0349,0.74905
2.4246,0.71447
2.381,0.71899
2.2598,0.72913
2.3128,0.72393
2.3225,0.72356
2.2715,0.72744
2.375,0.71675
2.3056,0.72134
1.7218,0.78691
1.8825,0.76838
1.76,0.7785
3.2357,0.63655
1.9801,0.75781
1.8994,0.76484
1.9183,0.76318
1.9458,0.75975
1.8607,0.77194
1.9281,0.7613
1.9025,0.76415
1.9606,0.75715
1.7072,0.78877
1.6792,0.78911
1.6512,0.79317
1.623,0.79819
1.9171,0.76131
1.6756,0.79116
1.6276,0.79856
1.8011,0.77345
1.7498,0.78226
1.8077,0.77342
1.7978,0.77478
1.6926,0.78776
1.7132,0.78899
2.0092,0.75214
1.9979,0.75333
2.2695,0.72668
1.7907,0.77803
1.8909,0.76629
2.0004,0.75107
2.3558,0.71713
2.0512,0.74421
2.0401,0.74648
2.0145,0.75015
2.0157,0.74937
2.3038,0.72231
2.5066,0.70435
2.8419,0.67571
2.5083,0.70328
2.5326,0.70135
2.6797,0.68926
2.6081,0.69659
2.2524,0.72531
2.2414,0.72702
2.3148,0.72337
2.2636,0.72466
2.3193,0.72172
2.3905,0.71504
2.3491,0.72052
2.4094,0.71355
2.4389,0.71151
2.3033,0.72493
1.9427,0.76716
2.4157,0.71238
3.5772,0.61889
2.4516,0.70773
2.4862,0.70301
2.0505,0.75431
2.3705,0.71681
2.1034,0.73782
2.1121,0.73985
2.1371,0.73705
2.0046,0.74995
2.8527,0.67616
2.0763,0.75222
1.9878,0.76168
2.0855,0.75026
2.0939,0.75015
1.7573,0.78022
1.9128,0.76212
2.1087,0.74092
2.1999,0.73022
2.2568,0.72502
2.043,0.74637
1.9594,0.75312
2.2282,0.7271
2.2941,0.72195
2.0392,0.74693
1.9164,0.75914
2.2753,0.72232
2.3022,0.72102
2.2352,0.72914
2.3001,0.72145
1.8562,0.78075
1.8853,0.77707
2.2325,0.73293
2.6582,0.69334
2.2429,0.72925
2.4089,0.71353
1.8094,0.78412
2.6169,0.69669
2.4275,0.71224
2.4182,0.71062
2.4264,0.71165
2.7173,0.68106
2.3748,0.71668
2.16,0.73621
2.3892,0.7141
2.3264,0.71993
2.3587,0.71697
1.9703,0.76136
1.9534,0.7635
2.3796,0.71362
2.4581,0.7068
2.176,0.73453
2.327,0.71825
2.1208,0.73882
2.4585,0.70772
2.3097,0.72098
2.2768,0.72433
2.1604,0.73482
2.2217,0.73018
2.4182,0.71366
2.4004,0.71453
2.043,0.74456
2.2209,0.72824
2.4374,0.70901
2.4079,0.71349
2.4887,0.70335
2.1695,0.73624
2.2792,0.72451
2.1894,0.7341
2.2065,0.73197
2.2287,0.73081
2.2707,0.72614
2.2108,0.73213
2.5991,0.69737
2.2829,0.72492
2.2607,0.72714
2.2472,0.72816
2.3441,0.71836
2.5329,0.70382
1.9652,0.75574
2.9342,0.66045
2.5374,0.69618
2.1025,0.7385
1.9866,0.75166
1.9953,0.7502
2.7892,0.67204
2.0086,0.74924
2.5755,0.69755
2.2234,0.72655
1.9428,0.75527
2.831,0.67542
1.8193,0.76769
1.7724,0.77459
1.9347,0.75618
2.5447,0.70173
2.6954,0.68731
3.342,0.63177
2.2205,0.72822
2.1693,0.73212
3.4081,0.62853
2.6782,0.68925
2.1618,0.73549
2.0089,0.74702
2.7056,0.68467
2.0932,0.74095
2.7775,0.67885
2.7847,0.68338
1.8242,0.77039
2.8766,0.67404
3.0857,0.65538
2.0407,0.74441
1.8977,0.76069
2.6823,0.68721
1.7565,0.77646
1.873,0.76419
1.7482,0.77837
2.6945,0.68888
1.7849,0.77642
1.8845,0.76465
2.5948,0.69858
2.7339,0.68681
3.3273,0.63006
1.9357,0.75589
2.8823,0.66275
1.835,0.7702
2.884,0.66312
2.7571,0.67921
1.7073,0.78084
2.5785,0.69724
2.236,0.72508
2.155,0.73422
2.1553,0.73355
1.8796,0.77371
2.1722,0.73277
2.1282,0.73787
2.1159,0.73917
2.0538,0.74667
2.0028,0.74951
2.8469,0.66734
2.1017,0.73915
2.7648,0.67547
2.846,0.66845
1.8169,0.78353
2.8707,0.66814
2.1186,0.74025
2.8585,0.66946
2.9013,0.66497
2.8251,0.67164
2.7174,0.67934
3.3732,0.63156
2.5746,0.69028
2.7091,0.67816
2.6197,0.6932
1.9426,0.7563
2.622,0.69355
2.6178,0.6848
2.5833,0.68889
2.6678,0.68997
2.5742,0.69714
2.6051,0.69585
2.5348,0.70103
2.4821,0.70531
2.7618,0.67383
2.3928,0.71288
3.5228,0.62204
2.1941,0.73084
2.2439,0.7257
1.8759,0.77567
2.1778,0.7337
2.3969,0.71489
1.8919,0.77385
1.8774,0.7745
1.8964,0.77236
1.9057,0.77044
3.2707,0.63557
3.583,0.61404
3.0406,0.65514
3.0021,0.65546
2.9884,0.66084
2.9698,0.6622
2.5288,0.69641
2.9741,0.6619
2.9818,0.66062
2.9563,0.66176
3.0719,0.65366
2.8906,0.66694
2.2947,0.7202
2.1224,0.73593
3.1246,0.65586
2.1258,0.73818
2.2721,0.72239
2.7771,0.67897
2.2148,0.72759
2.5138,0.70083
2.5631,0.698
2.2126,0.7288
2.2903,0.71985
2.2032,0.72873
3.3364,0.6254
2.7518,0.67629
2.551,0.69332
2.4686,0.70033
2.4758,0.69876
2.8666,0.6677
2.7348,0.67814
2.3801,0.70699
3.0208,0.65368
2.7297,0.67877
2.7417,0.67679
2.5546,0.70094
3.5587,0.6182
3.5995,0.61488
3.4584,0.62531
3.5131,0.62078
3.2737,0.63829
2.562,0.69961
2.7756,0.67316
3.6387,0.61229
2.6784,0.68899
2.7418,0.6847
3.4059,0.62531
2.8891,0.66583
2.4807,0.7041
2.1831,0.7309
2.1345,0.73593
2.5518,0.69774
2.5669,0.69727
2.0792,0.73916
2.7438,0.67174
2.2016,0.72687
2.2482,0.72575
2.1594,0.73325
2.7818,0.67792
2.1646,0.73062
2.3878,0.71268
2.4607,0.70633
1.6665,0.78814
3.0639,0.64353
2.535,0.69984
1.7148,0.78097
1.9948,0.7477
2.7576,0.68193
2.3235,0.71885
2.4477,0.7066
2.4209,0.70774
2.3802,0.71061
2.1918,0.72811
2.2206,0.72618
1.8142,0.76368
2.5926,0.69096
2.1999,0.72397
2.5737,0.69411
2.2985,0.71822
2.5767,0.69414
2.599,0.69211
2.2949,0.72135
2.3626,0.71273
2.6593,0.68468
3.3044,0.63579
1.862,0.76277
1.9308,0.75516
2.6795,0.67788
1.7272,0.77882
2.705,0.67508
2.495,0.70548
2.7203,0.67958
2.7707,0.67045
2.4856,0.70654
1.8442,0.76681
2.4104,0.70342
1.7642,0.77092
1.7457,0.77412
2.4803,0.70254
2.6751,0.6836
1.8221,0.76273
1.7939,0.76883
2.4521,0.69615
1.7852,0.76774
1.6753,0.78203
2.6016,0.68996
2.4902,0.70154
2.7692,0.67332
2.4772,0.69812
2.8051,0.67691
2.9232,0.66561
2.1394,0.73395
2.6626,0.68736
2.0991,0.73801
2.7344,0.68084
2.6718,0.68661
2.7138,0.68099
2.6759,0.68641
2.6313,0.6913
2.5682,0.6967
1.8733,0.75755
1.8899,0.75612
1.7872,0.76918
2.4348,0.70584
2.3736,0.71107
2.3753,0.71103
2.6172,0.68758
1.7925,0.77798
2.6022,0.68763
2.4033,0.70527
1.8159,0.77507
1.8529,0.77169
1.6785,0.78482
2.4426,0.70292
2.4576,0.70202
2.2668,0.72009
2.4643,0.70279
2.3533,0.71253
2.4824,0.69775
2.4092,0.70516
1.7757,0.76976
1.7703,0.76722
2.2789,0.71783
1.7679,0.76882
3.3379,0.62923
2.1665,0.73142
1.8273,0.77789
1.9281,0.76396
1.8431,0.76335
1.7301,0.77591
2.0951,0.73454
2.1141,0.73338
1.661,0.78597
2.1086,0.73393
2.3842,0.70886
2.0125,0.75207
1.6404,0.78806
2.2135,0.72511
1.6229,0.79127
1.736,0.77667
1.7366,0.77544
2.7601,0.67665
2.6411,0.68842
2.1022,0.7406
2.6384,0.68862
2.1682,0.73055
1.5906,0.79764
2.6484,0.69142
2.3047,0.7191
2.7107,0.6806
2.6851,0.68106
2.666,0.68376
1.6677,0.78228
1.7909,0.76917
2.535,0.69684
2.6076,0.68965
2.5624,0.69491
2.5679,0.69411
2.5721,0.69509
1.7186,0.77849
2.8008,0.67311
2.7954,0.67289
2.856,0.6678
2.8245,0.6685
2.8338,0.66944
2.5795,0.69073
2.5305,0.69535
2.7577,0.67553
2.6034,0.68922
2.6858,0.68398
2.6216,0.68764
2.6806,0.68309
2.2295,0.71942
2.8415,0.66873
2.8458,0.66737
2.1414,0.72903
1.8252,0.76176
2.8342,0.66678
2.7274,0.67724
2.0979,0.73297
1.8419,0.76167
1.8373,0.76012
2.1626,0.72706
2.0176,0.74314
2.2938,0.71729
1.7197,0.77873
2.6716,0.68624
2.7075,0.68263
2.6994,0.68203
2.778,0.67623
2.3825,0.71035
2.7833,0.67555
2.7954,0.67336
2.4132,0.70485
2.4844,0.69866
1.7652,0.77023
1.7545,0.77013
1.6726,0.7825
1.7224,0.77811
1.6982,0.77962
1.7871,0.76541
1.775,0.76931
1.9491,0.75976
2.0136,0.7521
1.9039,0.76316
1.9493,0.75048
1.9852,0.75585
1.8412,0.77386
2.3666,0.71
2.2171,0.72538
2.2834,0.71957
2.0282,0.74226
1.9751,0.74922
2.0496,0.73911
2.5052,0.69894
2.0617,0.73706
2.0481,0.73923
2.0805,0.73482
2.0539,0.73873
2.0747,0.73578
2.2456,0.72178
3.5,0.62
3.3876,0.62523
2.6034,0.69016
2.4914,0.70104
2.5481,0.69582
2.576,0.69331
2.6538,0.68526
2.6168,0.68893
3.4897,0.61797
2.6609,0.68436
2.6147,0.68725
2.6893,0.67906
2.5584,0.69266
2.7287,0.67657
2.6095,0.68776
2.7012,0.67883
2.6249,0.68745
2.5909,0.69173
2.6288,0.68787
2.1234,0.72978
2.6347,0.68719
2.7341,0.67671
2.0605,0.73974
2.1528,0.72794
1.9488,0.74894
2.1092,0.73389
2.1245,0.73266
2.0323,0.74136
2.0886,0.73615
2.8037,0.67383
2.0824,0.73491
1.9253,0.74981
1.9653,0.74536
1.9625,0.74812
1.9759,0.74607
1.7876,0.76423
1.9359,0.74868
2.229,0.71966
2.1916,0.72537
2.1999,0.7236
2.1861,0.7254
1.9447,0.74904
2.2089,0.72378
2.2117,0.72352
2.1907,0.72452
2.1968,0.72225
2.1992,0.72192
1.9474,0.74875
2.1614,0.72595
2.1145,0.73181
2.0877,0.73327
2.0996,0.73213
2.2115,0.72001
2.0804,0.73352
2.0387,0.74018
2.1971,0.72208
2.7679,0.67458
1.9306,0.7499
2.1628,0.72471
1.5965,0.794
1.6782,0.78118
2.1182,0.73124
1.9965,0.7431
2.5548,0.69434
1.8614,0.76046
1.7075,0.77777
2.6266,0.68711
1.7192,0.7776
1.8739,0.75841
1.6644,0.78192
1.8446,0.76744
1.8691,0.75684
2.7397,0.6757
2.7601,0.67563
2.7403,0.67617
2.5886,0.68933
2.7148,0.6777
2.7342,0.67635
2.6743,0.68342
2.6366,0.68674
2.5984,0.68984
2.5986,0.6887
2.3162,0.71191
3.1244,0.64199
2.5931,0.68804
2.5672,0.6929
2.603,0.68822
2.667,0.68223
2.548,0.6927
2.6644,0.6838
3.1348,0.64341
2.5818,0.68243
2.418,0.69745
2.1475,0.72703
2.6673,0.68119
3.0761,0.64814
3.0713,0.64791
2.5493,0.6874
2.6269,0.6881
2.5926,0.68611
2.0125,0.74654
2.5194,0.69231
2.0604,0.73867
3.0449,0.6527
2.5095,0.69347
2.581,0.68513
1.739,0.78533
1.8748,0.75574
2.2397,0.71575
2.3682,0.70195
1.979,0.74137
2.7265,0.67461
2.7384,0.67228
2.1707,0.72534
2.1379,0.72815
2.1581,0.72618
2.6925,0.67794
2.1406,0.72865
1.8778,0.75515
2.4583,0.69779
1.9872,0.74295
1.8577,0.75617
1.9276,0.74843
2.1765,0.72285
2.1656,0.72426
1.9257,0.74997
2.1361,0.72806
2.1565,0.72584
2.1741,0.72252
2.141,0.72577
2.4618,0.69836
1.8884,0.75495
2.004,0.74304
1.9903,0.74557
1.5642,0.79722
1.6398,0.78561
2.0851,0.73686
1.9833,0.74669
2.2206,0.72313
1.9092,0.75088
1.9423,0.74892
1.9871,0.74324
1.9471,0.74732
2.2539,0.71491
2.0697,0.73711
2.1886,0.72518
2.1362,0.7285
2.1487,0.72677
2.1534,0.72635
2.1372,0.72936
2.1536,0.72589
2.2325,0.71988
2.1335,0.7301
2.1864,0.72391
2.2129,0.71993
2.3683,0.70884
2.2025,0.72358
2.3945,0.70205
2.7082,0.678
2.6269,0.68627
2.6982,0.67812
2.0471,0.73627
2.7235,0.67788
2.7095,0.67689
2.0906,0.732
2.5736,0.6923
2.1798,0.7229
2.3338,0.70946
2.3458,0.70999
2.5131,0.69087
2.2885,0.71685
2.3602,0.70929
2.3677,0.70618
2.2948,0.71536
2.4366,0.69835
2.3426,0.70844
2.4723,0.69526
2.5918,0.68237
2.5168,0.69169
2.018,0.73933
1.9899,0.74136
1.9175,0.75044
1.9616,0.7449
1.9462,0.75756
1.9088,0.76225
1.9164,0.75984
1.9022,0.76258
1.8417,0.76962
2.0713,0.73996
2.0509,0.73514
1.9091,0.76255
2.7972,0.66683
1.9917,0.74416
1.955,0.75028
2.1097,0.73428
2.0021,0.74344
2.0989,0.73478
2.0625,0.73883
2.0008,0.74288
2.0022,0.74196
1.9494,0.74883
2.7563,0.66924
1.9515,0.75008
2.2879,0.71345
2.2161,0.71988
2.2602,0.71543
2.2298,0.71803
2.1722,0.72449
2.1024,0.73367
2.2129,0.71905
2.8948,0.66414
2.275,0.7132
2.9734,0.65646
2.884,0.66565
2.8833,0.66585
1.662,0.78392
1.9113,0.754
1.7515,0.77289
1.7789,0.76792
2.7,0.67072
2.6632,0.67499
2.5901,0.67976
2.7149,0.66801
2.3845,0.70007
1.8024,0.77609
2.5094,0.68893
3.249,0.62693
2.0186,0.74394
2.3615,0.70769
2.3023,0.71306
2.0926,0.73195
2.154,0.72876
2.3174,0.71121
2.3611,0.70717
2.3651,0.70568
2.2634,0.71709
2.4033,0.70281
2.4112,0.70352
2.5768,0.68924
2.0236,0.73838
1.8271,0.76113
1.6721,0.78112
1.7989,0.7654
1.581,0.79374
1.9034,0.75212
1.9056,0.75295
1.8545,0.76126
1.8956,0.75382
1.6923,0.77849
1.9638,0.74736
2.1185,0.73341
1.8682,0.76884
1.8495,0.77131
1.8881,0.76674
1.8091,0.77866
1.812,0.7772
1.7827,0.77969
1.7668,0.78201
1.7946,0.77784
1.8723,0.76821
1.8011,0.77607
1.8376,0.77205
1.768,0.78122
1.8765,0.75462
2.0991,0.73213
1.736,0.77068
1.7639,0.76519
1.8842,0.76484
2.0716,0.73551
2.1209,0.72994
2.6968,0.67872
2.1005,0.72887
2.0588,0.73524
2.0531,0.7364
2.6268,0.68232
2.6352,0.67403
2.5765,0.68011
2.5473,0.6835
2.9073,0.65478
2.6339,0.67414
2.5226,0.68462
3.0116,0.64874
3.1452,0.6373
3.0045,0.64802
2.6365,0.68573
2.9425,0.65395
2.7074,0.6708
1.5659,0.79228
2.3234,0.71104
3.5222,0.61161
2.6051,0.68365
2.5152,0.69288
2.6565,0.68264
2.4268,0.70087
2.4135,0.70382
2.9722,0.65497
2.3601,0.70965
2.5001,0.69788
2.3616,0.70691
1.9214,0.75201
1.874,0.75708
2.1459,0.72707
2.0641,0.73636
2.1413,0.72597
2.1645,0.72396
2.1124,0.72956
2.1417,0.72673
2.1431,0.72558
1.8799,0.76333
2.1602,0.72546
1.8616,0.76821
2.7277,0.66782
2.7752,0.66386
2.7668,0.66564
2.9954,0.64887
3.1178,0.6389
2.6826,0.67419
2.1413,0.72982
3.1662,0.63504
1.7016,0.78876
3.2527,0.62889
1.7804,0.77893
1.6871,0.78976
2.5938,0.68361
3.0511,0.64474
1.9177,0.75093
2.9919,0.65169
2.5341,0.68329
2.3602,0.70511
2.6544,0.6772
2.9135,0.65492
2.3074,0.7113
2.2916,0.71329
2.6331,0.67995
2.6777,0.68018
2.0076,0.74197
2.0852,0.73299
2.0714,0.73566
1.9978,0.74416
2.7187,0.67711
2.1508,0.72473
2.0912,0.73091
2.0541,0.73734
2.0612,0.73531
2.0903,0.73199
2.0705,0.73569
2.1012,0.73274
1.9815,0.74249
1.9166,0.74801
2.1934,0.722
2.2083,0.71988
2.1716,0.72483
2.029,0.73977
2.1309,0.72855
2.1186,0.72862
2.1749,0.72451
2.135,0.72854
2.1156,0.72927
2.1877,0.72283
1.9874,0.74434
1.7684,0.77065
2.0429,0.73798
2.5125,0.68702
1.7505,0.77104
1.9732,0.74401
1.9536,0.74794
2.0005,0.74373
2.4642,0.69489
2.0019,0.7441
2.1964,0.72545
2.0144,0.74375
1.8459,0.76168
1.9171,0.75613
2.1018,0.73451
1.8892,0.7565
1.806,0.76644
1.8655,0.75742
2.853,0.65735
1.8776,0.76578
2.005,0.74384
1.9942,0.74269
1.7799,0.77943
1.7853,0.7787
1.9207,0.7503
1.8774,0.75747
1.8901,0.75527
2.3718,0.70906
2.4284,0.70205
1.9784,0.74541
2.4147,0.70365
1.8879,0.7554
1.9716,0.7465
1.9262,0.75021
2.396,0.70519
2.4072,0.70561
2.6338,0.68087
1.7414,0.78629
3.01,0.64811
1.737,0.78764
1.7198,0.78942
2.8106,0.66498
2.348,0.70697
1.8965,0.75845
2.5135,0.69214
1.7689,0.78298
3.0913,0.64127
2.9779,0.65124
2.0546,0.73623
1.743,0.77115
2.1838,0.72701
1.978,0.74847
2.0522,0.73786
2.0113,0.7439
2.0844,0.7362
2.2174,0.72299
2.6671,0.68768
1.8674,0.75939
2.2896,0.71567
2.1212,0.73087
1.9565,0.74964
1.9133,0.75658
2.0059,0.74573
2.0514,0.74247
2.104,0.73817
2.0909,0.73883
2.1534,0.72963
1.8887,0.75959
1.8105,0.76955
2.1179,0.73357
2.0753,0.73953
1.8975,0.75793
2.2364,0.72428
1.9265,0.75605
1.9939,0.74659
2.1279,0.73504
1.9613,0.75278
1.9996,0.74854
2.1921,0.72853
1.9918,0.74871
2.0039,0.74862
2.1262,0.73404
1.9705,0.74929
2.1724,0.73061
1.7856,0.77025
1.7327,0.77893
2.2502,0.72289
1.9914,0.74764
2.6207,0.68945
2.1943,0.72902
2.107,0.73924
2.6961,0.6851
2.2674,0.72084
2.1713,0.73271
1.854,0.76145
2.2256,0.72617
2.4151,0.70872
2.3342,0.71869
2.2296,0.72924
2.1898,0.73001
2.2153,0.72576
2.0718,0.74317
2.0851,0.74365
2.1005,0.74153
2.3141,0.72207
2.3387,0.71883
2.238,0.73004
2.4551,0.70818
1.98,0.75333
1.9883,0.75334
1.9117,0.77086
2.0288,0.75465
2.0305,0.75539
2.0066,0.75682
2.5069,0.70445
1.8214,0.78277
1.955,0.75969
1.8527,0.78088
1.8357,0.78394
1.8439,0.78334
2.0405,0.74741
1.9039,0.76621
1.9681,0.75706
1.9806,0.75516
2.6818,0.69012
2.7616,0.68535
2.0049,0.7505
2.7525,0.68698
2.7592,0.68641
1.9665,0.75675
2.5127,0.70453
2.7944,0.68354
2.4623,0.71493
1.6552,0.79397
2.3323,0.72357
3.0267,0.66987
2.4973,0.71133
2.9795,0.67289
2.9709,0.67341
3.0296,0.66925
2.9811,0.67326
3.0278,0.66787
2.953,0.6732
3.118,0.66053
2.2767,0.72781
2.2448,0.73098
2.1879,0.73722
2.0861,0.75115
2.2905,0.72939
2.1708,0.74327
2.2681,0.73164
2.1895,0.73928
2.3018,0.72913
2.1842,0.73922
2.1544,0.74011
2.2722,0.73208
2.4472,0.71576
2.326,0.72675
2.2084,0.73712
2.0635,0.75124
2.229,0.73671
2.3856,0.72067
2.2457,0.73404
2.2317,0.73489
2.0846,0.74939
2.1363,0.7446
2.1265,0.746
2.6708,0.69996
2.5026,0.71141
2.2185,0.73821
2.0731,0.7514
2.6404,0.69516
2.0815,0.75272
2.3642,0.7274
2.4111,0.72204
2.0796,0.75264
2.4468,0.71817
2.7161,0.6903
2.4792,0.71587
3.116,0.66176
2.285,0.734
1.8355,0.78727
2.1805,0.74337
1.7256,0.80371
1.6783,0.81089
2.1412,0.74715
1.8455,0.78893
1.8022,0.79523
1.7745,0.7983
1.7987,0.7962
1.8461,0.7896
1.7631,0.80003
2.7125,0.70014
2.4819,0.71171
2.6371,0.7082
2.6945,0.70178
2.612,0.70988
2.6757,0.70414
2.647,0.70761
3.3381,0.64652
2.617,0.71006
2.6656,0.70469
2.673,0.70429
1.8334,0.79056
2.2716,0.73785
3.1912,0.65488
2.3409,0.73166
2.1348,0.75105
2.1381,0.74995
2.4052,0.726
2.3268,0.73348
2.4916,0.71794
2.196,0.74571
2.3522,0.73139
3.2665,0.65085
2.4227,0.72515
2.432,0.72353
3.1446,0.66187
2.7839,0.68626
3.0654,0.6685
3.4726,0.63892
2.4606,0.72545
3.1511,0.66238
2.5918,0.71383
3.3574,0.64958
2.6523,0.71132
2.748,0.70175
2.6027,0.71439
2.8645,0.69007
2.0857,0.75799
1.8669,0.7925
2.0053,0.76452
2.2036,0.74325
2.0586,0.76046
2.1084,0.75523
2.1302,0.75261
3.1306,0.662
3.087,0.66476
2.1787,0.74904
2.7325,0.70218
2.0559,0.76202
2.2213,0.74506
2.1736,0.7501
2.3654,0.73093
2.0038,0.76694
2.2224,0.74515
2.1501,0.75253
2.1698,0.75212
2.1282,0.75482
2.5901,0.71355
2.0274,0.76497
2.0698,0.75997
2.6339,0.70389
2.5906,0.70695
2.703,0.70786
2.5676,0.71059
3.5666,0.63579
2.1941,0.75159
2.5768,0.71131
3.486,0.64186
2.2204,0.74852
1.8943,0.78294
2.728,0.70702
2.9779,0.68111
2.0325,0.76627
2.1676,0.75228
2.0095,0.76806
1.9864,0.7715
2.0962,0.7578
1.9916,0.77108
2.0399,0.76472
2.1241,0.75804
2.016,0.76817
2.2219,0.74767
2.1409,0.75699
2.1074,0.76156
1.7649,0.80915
2.7939,0.69546
2.6857,0.70936
3.2853,0.65662
3.3807,0.65071
3.2979,0.65671
2.1807,0.7544
2.899,0.68425
2.7188,0.69904
3.4911,0.6464
3.6147,0.63781
3.0013,0.68082
2.2901,0.747
2.4795,0.7283
2.0775,0.76635
2.4558,0.72991
2.3968,0.73639
2.0158,0.77333
2.1436,0.75896
2.1537,0.75821
2.0845,0.76661
2.2173,0.75203
2.1378,0.76111
2.1529,0.76069
2.7548,0.7045
2.7101,0.70581
2.5857,0.71739
2.0257,0.77456
2.6265,0.71406
2.1322,0.76229
2.6698,0.70962
2.1861,0.75688
2.9056,0.69243
2.717,0.71326
3.0784,0.68019
2.7644,0.7035
1.9623,0.78021
1.9142,0.78693
1.9795,0.77892
1.9826,0.77807
1.9733,0.78052
1.9759,0.77888
2.2572,0.75283
1.9545,0.78232
1.9214,0.78534
1.9464,0.78264
1.9601,0.78058
2.938,0.69516
2.712,0.71267
2.3605,0.74305
2.7447,0.71056
2.3555,0.74273
2.3088,0.74731
2.2901,0.7484
2.8244,0.70379
2.3204,0.74703
2.611,0.72125
2.7795,0.70766
2.6235,0.72146
2.7588,0.70936
2.6858,0.71438
2.6461,0.71802
2.7525,0.71162
2.622,0.72009
2.01,0.77796
2.5139,0.73093
1.9826,0.78977
2.0093,0.77913
2.0682,0.77316
1.947,0.79508
2.2482,0.75718
1.9831,0.79052
2.5622,0.73196
2.5701,0.72717
2.106,0.76922
2.321,0.74964
2.5099,0.73311
2.0302,0.77758
2.1394,0.76657
2.4861,0.73626
2.1097,0.77006
2.7315,0.71599
2.7955,0.70994
2.7434,0.71557
2.2691,0.75484
2.2278,0.75876
2.2518,0.75601
2.2266,0.75856
2.3245,0.75116
2.2143,0.76044
2.3148,0.75237
2.1419,0.76943
2.1668,0.76718
2.6141,0.72534
2.6501,0.72159
2.3142,0.75237
3.7291,0.64194
2.2712,0.76003
2.4285,0.74408
2.4606,0.74116
2.54,0.73361
2.5813,0.73148
2.5323,0.73523
2.5106,0.73839
2.4492,0.74409
2.5281,0.73531
2.4563,0.74145
2.4865,0.74014
2.4481,0.74449
2.6067,0.73223
2.3659,0.75325
2.6371,0.72874
2.6165,0.73076
2.1337,0.77371
2.7203,0.71883
2.71,0.7228
2.3919,0.75019
3.4983,0.66
3.5575,0.65544
2.3822,0.7515
2.4335,0.74352
1.9991,0.7951
2.3604,0.75101
2.4743,0.74012
1.9945,0.78648
1.9574,0.79085
2.1143,0.77376
2.0635,0.78178
2.021,0.78464
2.2077,0.76583
2.0782,0.77927
2.131,0.7745
2.696,0.7264
2.0479,0.78428
2.6784,0.72825
2.9515,0.6967
3.029,0.69168
2.6699,0.72929
2.6768,0.72859
2.7484,0.72164
2.6864,0.72807
2.0868,0.78097
2.642,0.73239
2.1272,0.77553
2.2317,0.76293
2.3181,0.75638
2.2628,0.76171
2.5802,0.73546
2.217,0.76549
2.6353,0.73023
2.3154,0.7581
2.2035,0.76812
2.8378,0.71385
1.967,0.79293
2.6203,0.73283
2.6891,0.72646
2.7688,0.71928
2.6623,0.72838
2.7435,0.72205
2.6643,0.73054
2.5706,0.73709
2.6378,0.72988
2.7996,0.71655
2.7564,0.71958
2.7782,0.71731
2.8175,0.71458
2.5681,0.73439
2.812,0.71516
2.7707,0.72086
2.667,0.72863
2.8373,0.71674
2.0524,0.78534
2.8065,0.71935
2.0734,0.78348
2.3179,0.76058
2.0588,0.78542
2.3007,0.76209
2.2322,0.76815
2.939,0.71014
2.9427,0.70953
2.269,0.76501
2.1366,0.77825
2.1838,0.77213
2.3628,0.75704
2.3597,0.75719
2.0594,0.78722
2.3911,0.75356
2.4156,0.75035
2.3707,0.75621
2.4307,0.75027
2.2672,0.76558
2.2299,0.76937
2.8642,0.71574
2.1548,0.7762
2.2818,0.76485
2.145,0.77797
2.8792,0.71436
2.1448,0.77948
2.7566,0.72572
2.9464,0.709
2.0649,0.78503
2.8931,0.71373
2.7112,0.73001
2.0818,0.78583
2.5577,0.74238
2.4747,0.75116
2.5128,0.7462
2.4933,0.74985
2.6218,0.73668
2.5004,0.74727
2.574,0.74068
2.7537,0.72556
2.8003,0.72191
2.8911,0.71349
2.8786,0.71568
2.3834,0.75707
2.5512,0.7442
2.7798,0.72545
2.7361,0.72951
2.1933,0.77623
2.7663,0.72706
2.6165,0.73828
2.7248,0.73006
2.6406,0.73717
3.0284,0.70468
2.8541,0.72048
2.9008,0.71575
2.9483,0.71191
2.6422,0.73615
2.6386,0.73527
2.6494,0.73367
2.6149,0.73793
2.6342,0.73586
2.6626,0.73337
2.6204,0.73677
2.6637,0.73381
2.8986,0.71677
2.948,0.71255
2.6519,0.73584
2.5618,0.74436
2.7832,0.72505
2.2446,0.77062
2.3153,0.765
2.9908,0.70888
2.2522,0.76967
3.0006,0.70759
2.2345,0.7707
3.0116,0.70559
3.0292,0.7041
2.9767,0.70887
2.099,0.78377
3.0425,0.70334
2.3494,0.76164
2.2281,0.77117
2.309,0.76542
2.309,0.76513
2.4807,0.74911
2.7586,0.72725
2.49,0.74955
2.3852,0.75863
2.3899,0.7596
2.8034,0.72462
2.3662,0.76076
2.8993,0.71678
3.0394,0.7078
3.0158,0.71008
2.2622,0.77021
2.3588,0.76405
2.1875,0.77775
2.1944,0.77693
2.21,0.77507
2.1454,0.78356
2.2146,0.77552
2.2251,0.77438
2.2398,0.77299
2.221,0.77557
2.7531,0.72851
2.1537,0.78283
2.1966,0.77727
2.1743,0.77888
2.0934,0.7883
2.1163,0.78744
2.1837,0.7787
2.4192,0.75671
2.1399,0.78342
2.111,0.78755
2.3783,0.76128
2.3916,0.76012
2.9279,0.71644
2.2408,0.77403
2.1322,0.78578
2.9471,0.71607
2.2801,0.77117
2.9374,0.71712
2.1207,0.78644
2.3838,0.76275
2.1529,0.78369
2.7052,0.73604
2.0357,0.79741
2.6855,0.7386
2.0703,0.79251
2.9175,0.71809
3.0781,0.70558
2.0939,0.78904
2.0506,0.79438
2.937,0.71638
2.0778,0.79042
2.9705,0.71376
2.2872,0.77186
2.0491,0.79548
2.2036,0.77963
2.2525,0.77391
2.8776,0.72235
3.2397,0.69808
2.7924,0.73171
2.686,0.73764
2.496,0.75207
2.1224,0.79479
2.1077,0.79677
2.1345,0.7943
2.1391,0.79252
2.9899,0.71448
3.0017,0.71374
2.9106,0.72115
2.8658,0.72468
1.902,0.81244
2.1459,0.78676
1.9473,0.80819
2.049,0.80003
1.9264,0.81114
2.4488,0.75851
2.2136,0.78082
1.8562,0.8195
1.9927,0.80402
2.0541,0.79663
2.1303,0.78824
2.8032,0.73212
2.8756,0.72078
2.4628,0.75931
2.1303,0.78947
3.1578,0.70082
2.3586,0.76814
2.1008,0.7939
2.3153,0.77057
2.8852,0.72426
2.1949,0.7818
2.7631,0.7338
2.1119,0.79272
2.0831,0.79485
3.0233,0.71063
2.3114,0.77318
2.0754,0.79747
2.8308,0.72985
2.8769,0.72583
2.4495,0.7612
2.7863,0.73474
2.0441,0.80086
2.3529,0.76935
2.3899,0.76637
2.3798,0.7673
2.2601,0.78035
1.8704,0.82204
1.9984,0.80522
2.1709,0.78756
2.3208,0.77313
2.1778,0.78675
2.3052,0.77485
2.2965,0.77573
2.6614,0.74314
2.6761,0.74224
2.7243,0.73789
2.74,0.73537
2.2435,0.77785
2.2135,0.78175
3.0045,0.71694
2.4665,0.75917
2.5678,0.74887
2.1864,0.78341
2.2074,0.78153
2.0504,0.80004
2.4473,0.76128
2.5546,0.74988
3.0368,0.71356
2.3603,0.76814
2.6866,0.74213
2.6958,0.74133
2.75,0.73623
2.8985,0.7245
2.777,0.73497
2.85,0.72978
2.7301,0.73921
2.737,0.73838
2.7911,0.73531
2.6878,0.74412
2.7157,0.74062
2.6929,0.742
2.3308,0.77215
2.5333,0.75479
2.5328,0.75504
2.4816,0.76059
2.0736,0.79741
3.0172,0.71609
2.5474,0.75337
2.8334,0.73178
2.9175,0.72389
2.898,0.72501
2.9328,0.72326
2.8984,0.7267
2.789,0.73686
3.4139,0.68211
3.3225,0.68922
3.4422,0.68129
2.1636,0.79182
2.3562,0.77193
3.408,0.68289
3.6598,0.67008
3.352,0.68881
2.2051,0.78702
2.7771,0.73616
2.829,0.7323
2.8358,0.73282
3.3359,0.68965
2.754,0.74122
2.8501,0.73114
2.8547,0.73093
2.8857,0.72332
2.0667,0.80184
2.8679,0.73113
2.833,0.73403
2.833,0.73343
2.8206,0.73533
2.8137,0.73609
2.9981,0.71444
2.8648,0.73138
3.172,0.70147
3.3339,0.68971
3.3507,0.68886
2.1243,0.7953
2.1701,0.78979
1.9679,0.81039
2.1412,0.79424
2.0837,0.80122
2.0823,0.80171
2.1203,0.79643
2.458,0.76418
2.4937,0.76121
2.3798,0.77082
3.4225,0.68668
2.405,0.76824
2.5057,0.76035
2.3484,0.77562
2.4148,0.76967
2.4467,0.76575
2.5146,0.75933
2.4999,0.76034
2.5593,0.75698
1.9581,0.8145
2.2063,0.7891
2.0091,0.80708
1.9023,0.82184
2.2904,0.78156
1.9743,0.81189
2.3252,0.77621
2.3462,0.77372
3.0452,0.71478
3.0484,0.71455
2.9058,0.72859
2.4568,0.76523
2.8484,0.73488
2.842,0.73585
2.8045,0.73939
2.8928,0.72509
2.8187,0.73646
2.8475,0.73415
2.9845,0.71776
2.7998,0.73949
2.8363,0.73576
3.1996,0.70181
2.9244,0.7207
2.8539,0.73431
2.7522,0.74404
2.8421,0.73594
2.8503,0.72895
3.0755,0.71187
3.0171,0.71726
2.9133,0.72395
3.2417,0.70144
3.0732,0.71166
3.1868,0.70168
2.6823,0.74382
2.8257,0.73782
2.8658,0.7338
2.0393,0.80616
2.0645,0.80503
2.8326,0.73562
2.557,0.75946
2.9813,0.71751
2.655,0.74964
3.2826,0.6985
3.3608,0.69325
3.3718,0.69224
3.4474,0.6866
3.294,0.69783
3.271,0.70023
2.6037,0.75325
