75.807,-0.12297
74.978,-0.11892
77.02,-0.12143
77.361,-0.12778
77.896,-0.13461
77.652,-0.12995
78.204,-0.13707
78.189,-0.13341
77.478,-0.13132
77.56,-0.13152
75.62,-0.12086
77.348,-0.13118
76.761,-0.12479
78.39,-0.13429
77.01,-0.12938
76.569,-0.12631
76.602,-0.12749
77.41,-0.13244
77.097,-0.12986
75.876,-0.12223
76.193,-0.12496
75.952,-0.12053
75.811,-0.12146
76.038,-0.1261
73.861,-0.10946
76.244,-0.12576
76.482,-0.12729
75.193,-0.12123
77.299,-0.13281
75.108,-0.11791
76.358,-0.12655
75.411,-0.11856
76.341,-0.12311
75.795,-0.12215
75.937,-0.12194
74.745,-0.11265
77.035,-0.1306
78.748,-0.14005
79.378,-0.14509
77.693,-0.13155
77.828,-0.13609
76.304,-0.12338
77.054,-0.12575
78.446,-0.1343
75.822,-0.11952
77.845,-0.13386
76.747,-0.12786
76.332,-0.1209
75.912,-0.12414
75.048,-0.11565
75.854,-0.12027
77.083,-0.12982
77.44,-0.13009
76.249,-0.12526
76.912,-0.12846
75.727,-0.12259
74.578,-0.11401
77.101,-0.13014
76.532,-0.12445
76.671,-0.12586
75.773,-0.12045
74.249,-0.11135
75.903,-0.11813
74.581,-0.11276
75.315,-0.1136
73.541,-0.10267
73.645,-0.10429
74.555,-0.11056
75.216,-0.11657
75.066,-0.11824
74.651,-0.11507
74.638,-0.11317
74.593,-0.11186
72.99,-0.1064
74.547,-0.11201
73.425,-0.10386
73.904,-0.11087
74.465,-0.11311
73.789,-0.10788
73.521,-0.10664
73.248,-0.10343
70.635,-0.087421
69.465,-0.080757
72.619,-0.098531
72.577,-0.10049
71.331,-0.090212
72.268,-0.092602
71.558,-0.089796
72.147,-0.096357
71.293,-0.087811
70.077,-0.082864
71.17,-0.084009
71.144,-0.088486
69.39,-0.076097
69.119,-0.07902
71.762,-0.093949
70.348,-0.082624
69.622,-0.080606
69.558,-0.07482
69.819,-0.077587
69.397,-0.075283
68.766,-0.069007
69.57,-0.072109
68.831,-0.072499
69.925,-0.082968
69.044,-0.073505
68.488,-0.071451
67.901,-0.065573
70.24,-0.085028
69.021,-0.071686
69.225,-0.074838
69.357,-0.073592
68.061,-0.066241
66.909,-0.056375
67.154,-0.06038
67.219,-0.056875
67.185,-0.058845
65.772,-0.047266
66.044,-0.05007
66.44,-0.054297
66.016,-0.047851
66.19,-0.049565
65.206,-0.044385
65.73,-0.049597
65.138,-0.044231
64.596,-0.038389
65.89,-0.049913
63.76,-0.031555
64.945,-0.043032
62.995,-0.024554
62.585,-0.023941
63.295,-0.028222
63.316,-0.028461
63.129,-0.028816
62.786,-0.026332
63.276,-0.028927
61.968,-0.020638
61.378,-0.014714
61.632,-0.016874
60.564,-0.0088548
61.395,-0.017868
61.479,-0.018128
60.433,-0.0083458
60.002,-0.0031796
59.25,0.0071144
56.949,0.026143
58.192,0.01331
58.068,0.014834
57.264,0.022599
55.763,0.035328
56.264,0.031366
54.845,0.042582
55.284,0.036173
55.237,0.035827
56.973,0.02317
54.942,0.037668
56.613,0.02601
54.184,0.047715
53.365,0.055254
52.799,0.057346
54.278,0.044859
51.897,0.069056
52.449,0.061656
51.449,0.073101
49.445,0.090713
48.861,0.094766
51.391,0.074828
48.99,0.095156
48.403,0.10239
49.691,0.089527
47.725,0.10826
47.341,0.11157
48.072,0.10584
48.284,0.10278
47.503,0.1109
44.708,0.1386
47.024,0.11344
47.933,0.10837
46.799,0.11686
42.477,0.16325
44.246,0.14639
41.272,0.17606
40.683,0.18019
43.333,0.15189
43.348,0.15692
37.957,0.2124
39.925,0.19044
34.82,0.25031
38.188,0.21068
36.91,0.2274
35.906,0.23482
32.218,0.29008
36.435,0.2357
35.957,0.23935
33.432,0.27249
34.36,0.2613
35.341,0.24612
30.75,0.30492
34.513,0.25323
35.645,0.2418
34.102,0.26392
33.005,0.27399
31.355,0.29638
30.304,0.30822
28.457,0.34676
28.839,0.3407
27.225,0.36432
25.482,0.39169
26.991,0.36676
26.727,0.37061
26.215,0.37628
25.84,0.38273
27.395,0.3554
24.396,0.40638
26.701,0.36316
24.28,0.40787
23.69,0.42475
24.645,0.39798
25.44,0.38862
25.438,0.39241
25.748,0.38532
26.077,0.37956
23.287,0.42835
21.826,0.45273
22.808,0.43629
20.825,0.47164
22.702,0.43796
21.413,0.46287
23.355,0.433
22.375,0.4507
23.043,0.43794
23.218,0.43626
22.114,0.4485
22.7,0.44549
24.486,0.41111
22.17,0.44966
21.362,0.46145
20.481,0.48214
21.058,0.46612
20.783,0.47651
22.4,0.44114
21.077,0.4727
21.284,0.47748
20.611,0.48886
22.239,0.44794
21.691,0.45658
21.423,0.46043
21.024,0.46974
19.877,0.48908
20.328,0.49527
21.244,0.4716
21.957,0.45968
24.475,0.41808
22.817,0.44066
21.99,0.45151
21.441,0.46258
21.383,0.47106
22.068,0.45423
21.355,0.47026
22.855,0.44162
20.843,0.4818
20.468,0.48578
22.652,0.44539
19.735,0.49878
18.464,0.52939
19.138,0.51491
20.341,0.48931
17.712,0.54329
18.198,0.5385
20.392,0.48717
18.431,0.53163
18.177,0.53244
19.471,0.5034
18.799,0.51503
19.652,0.50336
19.275,0.50584
19.153,0.50852
19.241,0.50909
20.214,0.49423
18.343,0.53142
18.517,0.52885
17.139,0.5552
16.864,0.56411
16.627,0.56535
16.348,0.57499
18.037,0.53622
17.216,0.55218
16.281,0.57862
18.168,0.53338
16.801,0.57267
17.107,0.56386
19.861,0.50211
17.213,0.55576
17.689,0.54444
17.704,0.5438
16.764,0.56722
16.481,0.5756
16.67,0.56991
16.983,0.56196
16.379,0.57577
17.498,0.5447
17.809,0.54329
18.14,0.53858
16.515,0.57191
17.851,0.54758
16.759,0.56759
18.05,0.54141
16.727,0.5628
16.597,0.56853
16.546,0.57017
17.059,0.5652
16.618,0.56722
17.23,0.55769
17.568,0.54817
16.72,0.56586
16.722,0.56608
16.843,0.56797
17.811,0.54837
17.117,0.56019
16.633,0.57428
17.976,0.53642
17.487,0.54893
16.999,0.5605
17.213,0.55467
17.298,0.5593
18.137,0.53686
15.636,0.59537
16.552,0.57437
16.846,0.56422
16.404,0.57403
16.428,0.579
16.562,0.57347
16.579,0.57291
16.981,0.55746
16.822,0.56264
16.311,0.57301
14.539,0.61706
15.61,0.58662
15.698,0.59085
16.536,0.56943
16.84,0.56465
17.45,0.55147
14.801,0.60694
14.965,0.60143
14.341,0.61922
15.271,0.59435
15.567,0.58842
16.843,0.55894
16.82,0.55878
17.357,0.54685
15.773,0.57768
17.099,0.55074
16.728,0.56339
16.905,0.55593
16.375,0.56592
16.547,0.56267
14.207,0.62011
15.855,0.58609
16.447,0.5699
15.18,0.59241
15.753,0.58085
15.857,0.58404
15.542,0.59399
15.523,0.58972
15.615,0.58597
15.398,0.59815
15.404,0.59856
15.036,0.60412
14.664,0.60955
15.576,0.58916
16.32,0.57245
14.74,0.61013
15.074,0.59622
15.256,0.59468
16.096,0.57755
14.532,0.61459
14.875,0.6037
14.987,0.60107
15.945,0.5804
14.994,0.60599
15.777,0.58318
15.582,0.58528
16.133,0.58094
14.553,0.61078
15.183,0.60072
15.438,0.60291
15.846,0.5904
16.363,0.57693
15.298,0.59861
15.051,0.60338
14.658,0.61573
15.072,0.60521
14.834,0.60575
15.493,0.59125
14.369,0.61927
15.633,0.58868
15.7,0.58746
15.057,0.60109
15.244,0.59429
15.637,0.59148
15.663,0.58736
14.386,0.61541
14.091,0.62663
14.027,0.62676
15.346,0.59985
15.091,0.60098
15.651,0.59311
15.918,0.58128
16.027,0.57674
14.933,0.6044
15.393,0.59735
15.276,0.60084
14.561,0.61727
14.933,0.60838
15.373,0.59841
14.984,0.60666
16.111,0.58069
14.377,0.61439
14.322,0.61961
15.049,0.60516
15.218,0.60267
15.949,0.59028
16.469,0.57398
16.162,0.58059
15.388,0.59715
15.07,0.60953
15.766,0.58523
14.429,0.61543
14.408,0.61504
15.234,0.59968
15.021,0.6026
16.422,0.57936
15.608,0.59024
14.318,0.62548
14.569,0.61146
14.786,0.61286
14.579,0.6114
15.49,0.59784
15.55,0.59469
14.646,0.60875
16.279,0.5679
16.367,0.56782
14.209,0.61886
15.896,0.5836
14.786,0.60813
15.63,0.5858
15.919,0.58718
16.888,0.56425
16.628,0.57215
16.963,0.55727
16.454,0.5758
15.318,0.59354
14.113,0.62195
15.954,0.57737
16.404,0.57703
15.382,0.59464
15.173,0.60363
15.804,0.58981
15.013,0.60186
16.14,0.58325
16.171,0.58248
15.429,0.59271
15.682,0.58839
14.91,0.60523
15.613,0.59147
16.174,0.5815
15.74,0.59632
14.857,0.6087
14.718,0.61085
14.374,0.62211
15.213,0.59008
15.183,0.59636
15.626,0.59122
16.641,0.56909
16.711,0.56215
17.098,0.56005
15.735,0.5837
15.763,0.5798
15.669,0.58534
16.987,0.56068
15.809,0.58748
14.649,0.61311
15.532,0.58873
14.73,0.6127
15.147,0.59944
14.633,0.61221
15.313,0.59496
14.636,0.61292
15.111,0.60183
14.39,0.61057
14.842,0.60429
14.119,0.62521
15.233,0.60194
15.479,0.59262
15.954,0.5796
16.246,0.5772
15.094,0.59606
14.565,0.60819
16.032,0.575
15.23,0.60146
14.706,0.61235
15.4,0.59641
14.665,0.61665
15.996,0.58212
16.645,0.56985
17.053,0.5588
16.782,0.56485
15.819,0.58763
15.942,0.58542
15.509,0.59873
14.316,0.62088
15.682,0.59301
15.592,0.58808
15.807,0.58441
16.259,0.57707
14.899,0.60495
14.618,0.6112
14.48,0.61741
14.524,0.61908
13.589,0.64164
15.739,0.58843
14.368,0.62538
16.075,0.58665
14.501,0.61434
14.655,0.61207
15.966,0.58309
16.245,0.57545
16.602,0.57265
16.193,0.57714
15.257,0.60665
14.983,0.61584
15.656,0.60535
15.906,0.58457
14.553,0.62292
14.676,0.61479
15.417,0.60163
14.813,0.61602
14.706,0.61261
14.707,0.60868
14.593,0.61851
16.079,0.58504
14.47,0.62124
14.306,0.62763
16.153,0.57745
14.9,0.60972
14.733,0.60984
15.337,0.60929
16.733,0.57098
16.364,0.57695
14.758,0.61775
15.584,0.59974
14.994,0.60792
15.296,0.5996
15.896,0.58397
15.964,0.57918
14.882,0.6045
16.346,0.57315
14.764,0.60984
15.407,0.5933
16.347,0.57178
15.968,0.57834
16.414,0.57303
15.437,0.59845
16.045,0.57595
15.099,0.59672
14.323,0.6139
15.125,0.60416
15.121,0.60225
15.456,0.59737
14.665,0.61412
13.872,0.63065
14.713,0.60866
14.507,0.61595
14.511,0.61515
14.163,0.61933
15.638,0.59323
15.211,0.59661
15.188,0.60492
13.668,0.64283
14.811,0.61287
15.599,0.59408
15.621,0.59495
15.466,0.60002
15.777,0.58898
16.203,0.58086
14.252,0.62502
14.32,0.6274
14.759,0.61642
16.139,0.5843
18.294,0.53914
14.225,0.6177
15.068,0.59786
15.019,0.6054
16.605,0.56629
16.42,0.57607
14.964,0.61097
14.883,0.6109
14.381,0.6172
14.407,0.61992
14.331,0.6214
17.67,0.54936
17.133,0.55696
16.559,0.57098
16.356,0.57179
14.136,0.62616
14.669,0.60735
14.863,0.6071
15.668,0.59011
15.739,0.58604
16.174,0.57644
15.909,0.58217
14.796,0.61313
15.92,0.59085
16.067,0.5842
16.258,0.58321
14.76,0.61387
16.045,0.58491
14.853,0.61065
15.065,0.60788
15.8,0.58723
14.424,0.6177
16.032,0.58412
16.192,0.58317
14.777,0.6086
16.435,0.5638
15.725,0.58676
15.425,0.59383
16.501,0.56891
16.22,0.57767
15.642,0.5865
15.126,0.59948
15.38,0.59629
15.889,0.5839
15.732,0.58843
15.579,0.59311
14.957,0.60359
14.543,0.61435
13.657,0.63481
15.457,0.58962
15.411,0.5975
14.815,0.61439
15.855,0.58663
15.874,0.58813
15.993,0.58563
14.77,0.6097
14.892,0.61079
14.619,0.61595
15.819,0.58718
16.481,0.56884
15.637,0.59231
15.472,0.59649
13.878,0.63033
15.131,0.60273
15.094,0.60445
15.065,0.60234
15.899,0.58025
15.499,0.59299
15.227,0.60207
15.014,0.60701
15.862,0.59125
15.345,0.59647
15.505,0.59295
15.878,0.58345
15.453,0.59199
14.677,0.61188
15.487,0.59441
15.878,0.58282
16.586,0.56865
15.426,0.59101
16.445,0.5688
16.059,0.57364
15.75,0.58232
15.483,0.59294
16.236,0.57767
14.262,0.62321
15.213,0.60354
16.506,0.57474
16.434,0.57896
14.224,0.6201
15.455,0.5915
15.268,0.59717
16.771,0.57013
14.243,0.62491
15.65,0.58972
14.468,0.61734
15.551,0.59204
15.975,0.58902
15.929,0.58436
15.42,0.60343
14.845,0.60975
16.172,0.57914
15.722,0.58845
15.935,0.58182
15.841,0.58881
16.259,0.57636
15.523,0.59251
15.396,0.58982
15.212,0.59581
14.856,0.59987
15.442,0.59296
15.998,0.5872
15.704,0.59003
15.305,0.6012
14.161,0.6269
15.402,0.59836
15.16,0.60593
15.118,0.60048
15.201,0.59707
16.087,0.57481
14.709,0.61411
14.289,0.62184
15.582,0.5928
14.506,0.61614
17.961,0.5429
15.734,0.59232
16.309,0.57721
15.574,0.58952
14.912,0.60904
13.643,0.63921
14.882,0.61099
16.906,0.56784
15.707,0.59066
15.458,0.59264
15.403,0.59569
14.945,0.60551
15.705,0.59101
16.78,0.56916
16.47,0.57343
16.971,0.56243
15.826,0.58628
15.935,0.58225
14.956,0.60827
14.065,0.62716
15.201,0.60076
16.016,0.58189
15.615,0.59039
15.128,0.60308
14.993,0.60773
15.075,0.60739
15.523,0.59362
14.611,0.61761
14.949,0.60894
14.876,0.60739
15.289,0.59961
15.51,0.60265
16.165,0.58762
14.513,0.61773
15.485,0.59238
15.277,0.60387
14.773,0.61438
14.356,0.62804
15.022,0.60581
14.427,0.62695
15.571,0.59945
15.307,0.60427
16.446,0.57754
14.746,0.61035
14.245,0.62371
14.793,0.61272
15.289,0.59803
15.764,0.59184
16.025,0.58447
15.218,0.60027
15.15,0.60596
15.461,0.5993
15.201,0.59865
15.276,0.60087
15.611,0.58933
15.383,0.60641
14.692,0.61153
14.451,0.62073
15.228,0.60488
15.421,0.59397
15.262,0.60356
15.769,0.58466
15.289,0.59851
15.818,0.59331
14.911,0.60969
15.872,0.58868
16.691,0.56832
15.115,0.60018
14.881,0.6174
14.523,0.62174
14.774,0.61448
15.178,0.60183
15.693,0.59334
14.922,0.61027
15.422,0.59646
16.248,0.57644
15.121,0.60041
15.452,0.59302
15.402,0.59863
14.477,0.6148
15.624,0.59572
15.224,0.59935
14.486,0.61638
15.948,0.59181
16.291,0.57807
16.938,0.56377
15.511,0.60063
16.492,0.57292
15.288,0.60283
15.314,0.60104
13.897,0.62674
16.249,0.56987
15.418,0.59632
16.034,0.58322
15.313,0.59498
15.675,0.58715
15.375,0.59613
15.432,0.59306
16.416,0.57507
15.585,0.58749
15.704,0.58788
16.261,0.57449
15.699,0.5876
15.029,0.59961
15.7,0.58688
14.721,0.61322
15.282,0.59805
15.654,0.5897
16.04,0.58254
14.147,0.62915
15.895,0.58652
16.864,0.57102
15.821,0.59183
17.138,0.56279
17.021,0.56244
15.709,0.58393
16.246,0.57537
16.625,0.56585
16.778,0.56668
14.828,0.6128
15.166,0.59498
15.947,0.58715
15.969,0.58391
16.06,0.58382
15.997,0.58597
16.266,0.57351
15.667,0.59434
16.495,0.56992
14.833,0.61211
14.249,0.62387
14.749,0.61438
15.217,0.59785
16.297,0.5765
15.838,0.58799
14.806,0.61531
15.286,0.59731
14.827,0.60792
15.064,0.60329
15.049,0.60472
16.291,0.58091
16.191,0.57957
16.358,0.57258
16.749,0.56435
15.827,0.58667
15.02,0.6029
15.2,0.59603
15.112,0.60219
16.242,0.5829
15.601,0.58923
15.7,0.58925
15.803,0.58471
15.296,0.59787
15.549,0.59514
15.992,0.58064
15.486,0.59691
15.123,0.60446
15.32,0.60416
16.047,0.58294
15.434,0.59881
15.023,0.60634
16.578,0.57167
16.246,0.57844
15.465,0.59602
14.128,0.62412
15.149,0.60252
15.375,0.59777
14.967,0.60543
15.158,0.60113
15.708,0.58813
15.043,0.6039
16.252,0.57523
14.955,0.60599
15.002,0.60743
14.847,0.61237
14.814,0.60943
15.3,0.59368
15.162,0.59863
14.242,0.62097
14.572,0.61271
15.011,0.60243
14.955,0.60889
14.705,0.6104
14.477,0.6159
14.586,0.61427
14.577,0.61609
14.83,0.60878
15.697,0.59136
15.323,0.60559
15.428,0.60314
15.922,0.58635
14.504,0.62265
15.887,0.58893
15.206,0.60425
14.756,0.61379
14.463,0.61594
14.729,0.61172
14.909,0.60635
15.134,0.60481
14.469,0.61753
15.498,0.59672
15.964,0.58962
15.579,0.59746
15.389,0.59294
15.399,0.59025
15.355,0.59548
15.512,0.5938
16.227,0.58268
15.81,0.58734
15.495,0.59198
15.349,0.59202
14.369,0.6155
14.948,0.60541
15.305,0.59902
14.946,0.60805
15.012,0.60582
15.161,0.602
14.778,0.60734
15.276,0.59788
15.219,0.60115
15.387,0.59832
15.882,0.58632
15.337,0.59923
15.122,0.599
15.748,0.58779
15.618,0.59108
16.47,0.58106
15.856,0.58764
15.124,0.6079
15.367,0.60043
16.525,0.57145
16.257,0.57875
15.847,0.58318
15.595,0.58968
15.19,0.59715
14.822,0.60813
13.808,0.63282
14.23,0.62859
15.744,0.59344
15.463,0.59769
15.925,0.58822
15.042,0.60589
14.7,0.6144
14.572,0.61831
14.744,0.61309
14.688,0.61595
14.091,0.63202
13.469,0.64667
15.389,0.60045
14.462,0.61588
15.61,0.59525
15.711,0.59214
14.483,0.61645
14.372,0.6156
16.11,0.58197
14.576,0.61053
15.074,0.60476
15.395,0.59614
14.984,0.60496
14.641,0.6107
15.318,0.58923
14.407,0.61494
15.899,0.58441
15.008,0.60467
14.941,0.60817
15.262,0.59901
15.133,0.60716
15.792,0.58638
14.888,0.60839
16.327,0.57618
15.951,0.58699
16.438,0.57438
15.526,0.59251
14.949,0.60219
15.282,0.6013
15.138,0.60477
15.61,0.59509
14.895,0.61223
15.034,0.60845
14.4,0.62093
15.6,0.59069
15.735,0.58738
15.064,0.6037
16.099,0.58202
15.31,0.59619
14.452,0.61825
15.025,0.60595
15.345,0.59615
16.621,0.57263
16.324,0.57561
15.577,0.59058
15.9,0.58454
15.479,0.58935
16.221,0.5762
16.177,0.57698
15.069,0.60168
14.649,0.61143
14.56,0.61901
14.751,0.61278
14.654,0.61291
15.553,0.59702
15.535,0.59229
15.02,0.60517
14.866,0.60504
14.519,0.61501
14.599,0.61371
14.474,0.61752
14.733,0.61667
14.689,0.61146
15.766,0.58913
15.28,0.60042
14.807,0.60406
14.381,0.62036
15.682,0.59127
15.291,0.59747
15.071,0.60609
15.245,0.60271
15.507,0.59507
14.628,0.61164
16.964,0.56019
14.423,0.62043
15.454,0.59474
15.691,0.59127
15.286,0.59877
15.66,0.59367
14.836,0.60865
14.647,0.61288
14.895,0.61173
14.151,0.6281
14.517,0.62086
15.412,0.5969
14.603,0.61691
14.535,0.61475
15.273,0.59879
14.853,0.61138
15.518,0.59513
15.47,0.59893
15.477,0.59779
15.023,0.60929
14.129,0.63434
15.174,0.6034
15.492,0.59607
14.378,0.62301
14.388,0.62183
15.459,0.59752
16.176,0.58327
15.615,0.59175
16.636,0.57406
15.28,0.6021
15.647,0.58935
15.052,0.60432
15.006,0.60483
15.071,0.60226
15.291,0.59291
15.583,0.59665
15.124,0.60227
15.257,0.60258
15.914,0.58149
15.854,0.58348
14.19,0.62547
14.311,0.61961
15.709,0.587
14.483,0.61798
14.984,0.60064
15.037,0.60364
15.321,0.59309
14.493,0.61616
15.487,0.59127
15.45,0.60057
15.271,0.60532
16.409,0.5818
15.262,0.60262
15.12,0.60743
14.82,0.61491
15.601,0.59771
14.692,0.61837
15.79,0.59534
15.378,0.60242
15.215,0.61057
15.042,0.60749
14.446,0.62358
16.489,0.57454
16.174,0.57884
15.804,0.58612
15.682,0.58813
16.642,0.56663
16.205,0.57392
15.937,0.58237
15.34,0.59334
15.951,0.58451
14.788,0.60889
15.609,0.58792
14.735,0.60796
13.65,0.63615
14.188,0.62379
14.98,0.60261
14.647,0.61565
14.88,0.60801
14.062,0.63014
14.327,0.62191
14.871,0.61019
14.538,0.61309
15.759,0.59411
14.815,0.61404
13.99,0.62831
14.786,0.61384
14.901,0.60896
14.423,0.61843
14.91,0.60515
14.701,0.61294
14.239,0.62285
14.007,0.63316
15.116,0.6077
14.887,0.60957
14.9,0.61132
14.369,0.62405
14.719,0.60564
14.883,0.61248
15.003,0.60197
14.96,0.60459
15.878,0.57952
14.213,0.62226
14.757,0.60914
16.052,0.58331
15.265,0.60001
15.852,0.58606
14.882,0.60873
14.357,0.62083
14.457,0.6179
13.723,0.63908
13.406,0.64595
15.525,0.59532
14.201,0.62447
14.147,0.62554
15.106,0.60621
14.767,0.60951
15.379,0.59925
15.082,0.60349
15.069,0.60417
15.096,0.60561
14.493,0.62202
14.948,0.61053
15.549,0.59722
14.588,0.61668
15.033,0.60677
15.767,0.58836
14.638,0.61462
15.397,0.59901
15.882,0.5897
15.343,0.59492
14.899,0.61027
15.231,0.60174
14.684,0.61424
14.554,0.62203
14.684,0.61314
14.601,0.61858
14.675,0.6172
15.269,0.5994
14.648,0.61512
13.946,0.62954
13.64,0.64255
14.825,0.60855
14.693,0.61375
15.476,0.59596
14.832,0.61325
14.119,0.62883
14.933,0.61338
14.825,0.61407
15.086,0.60567
15.157,0.60197
14.81,0.6145
15.115,0.60392
15.057,0.60456
15.529,0.59728
15.588,0.59655
15.501,0.59404
16.34,0.57888
14.851,0.61231
14.946,0.60682
15.139,0.60536
14.489,0.61634
15.769,0.59227
14.288,0.62749
15.024,0.61207
13.864,0.63484
14.539,0.6163
14.514,0.61821
14.091,0.63018
14.534,0.61523
14.676,0.61088
13.947,0.62811
13.988,0.62839
13.467,0.64023
14.61,0.61054
14.856,0.6055
15.158,0.60073
14.146,0.6169
15.38,0.58844
14.059,0.61938
14.482,0.61443
15.776,0.59293
15.665,0.58528
15.517,0.59441
15.798,0.58842
15.835,0.59215
13.942,0.6293
15.131,0.60163
14.773,0.60611
15.948,0.58144
15.174,0.59725
15.427,0.59311
14.763,0.60913
13.375,0.64469
14.762,0.61097
14.309,0.62645
14.929,0.61141
14.152,0.62622
14.621,0.61379
14.701,0.61425
13.805,0.63892
14.548,0.6226
15.178,0.60565
15.713,0.59311
14.791,0.61498
15.478,0.59746
14.309,0.62914
14.71,0.61556
13.875,0.63448
14.599,0.6188
14.994,0.60727
14.527,0.62128
14.249,0.6238
14.352,0.62246
14.303,0.62476
14.143,0.62547
14.477,0.62006
15.431,0.5966
16.486,0.56923
16.159,0.577
14.277,0.61921
14.535,0.61783
15.399,0.601
15.272,0.59983
15.369,0.59977
14.732,0.60857
14.905,0.60624
15.161,0.59952
15.529,0.59703
16.469,0.57533
15.689,0.58804
15.113,0.5996
15.802,0.59062
15.166,0.60279
15.083,0.60197
15.455,0.59255
15.019,0.6074
15.618,0.58561
15.816,0.58605
15.502,0.59643
15.253,0.60326
15.971,0.5808
15.667,0.59021
15.511,0.59483
16.271,0.57223
14.839,0.60642
15.944,0.58334
15.551,0.59119
15.233,0.59859
15.623,0.59022
14.257,0.62113
15.304,0.59849
15.521,0.59466
14.966,0.61225
14.854,0.61305
14.872,0.61114
14.778,0.61062
14.592,0.61566
13.6,0.63222
15.16,0.60281
15.808,0.58939
15.259,0.5977
14.347,0.62252
15.126,0.60977
15.555,0.5955
15.79,0.58533
14.98,0.60184
15.755,0.58583
15.547,0.58836
14.976,0.60589
14.647,0.61286
15.757,0.58899
16.103,0.58492
15.343,0.60293
16.09,0.58196
15.031,0.60155
14.748,0.61195
14.579,0.61464
15.338,0.60347
15.481,0.60049
14.859,0.61022
15.368,0.59955
17.687,0.55813
18.248,0.5469
15.451,0.59287
18.535,0.54125
16.052,0.58633
16.316,0.57584
17.881,0.55039
14.705,0.60637
15.73,0.59049
16.121,0.58218
16.366,0.57566
15.725,0.5879
16.205,0.57812
16.328,0.57378
15.158,0.59957
15.503,0.59331
15.04,0.59776
14.326,0.61581
14.242,0.62115
15.758,0.58188
15.972,0.58204
15.801,0.58396
15.818,0.58431
17.219,0.55659
17.484,0.55181
17.35,0.55356
17.204,0.555
16.832,0.5598
16.679,0.56314
16.312,0.5707
16.726,0.56259
16.885,0.56134
16.57,0.56831
16.613,0.56467
18.042,0.54091
16.695,0.56737
16.876,0.56496
16.742,0.56553
17.386,0.55566
16.75,0.56595
16.375,0.57055
16.294,0.57166
17.122,0.55709
15.74,0.58428
15.459,0.59193
17.104,0.56231
16.809,0.56447
16.103,0.57742
16.71,0.5661
15.806,0.58229
16.868,0.55953
15.633,0.58681
17.344,0.55162
16.035,0.57641
15.434,0.58756
16.623,0.56704
16.832,0.56043
16.088,0.57507
16.787,0.56307
17.093,0.55758
16.955,0.56015
16.087,0.57197
16.114,0.5733
16.628,0.56364
17.02,0.55757
17.939,0.54007
16.619,0.56194
17.022,0.55651
17.282,0.55122
17.088,0.55368
16.242,0.56699
16.91,0.55574
17.616,0.54307
16.782,0.55902
16.922,0.55561
17.263,0.55017
17.812,0.54005
17.917,0.53502
17.148,0.55023
17.799,0.54032
17.041,0.55644
17.447,0.54819
16.75,0.55566
15.772,0.57314
16.827,0.554
16.332,0.56078
16.803,0.55146
16.948,0.54878
17.529,0.53897
20.36,0.48996
15.628,0.56934
18.641,0.51949
19.272,0.51087
19.648,0.50326
19.719,0.50179
19.123,0.51079
18.578,0.52162
18.595,0.52148
18.675,0.51864
18.994,0.51192
19.181,0.51
19.169,0.51199
18.95,0.5146
17.458,0.53726
16.48,0.5544
16.96,0.54564
16.745,0.54617
16.991,0.54281
17.746,0.5312
16.4,0.55113
16.36,0.5517
15.991,0.55692
16.26,0.55325
17.704,0.52823
17.793,0.52617
18.247,0.5218
18.719,0.51269
18.698,0.51231
16.939,0.53852
17.278,0.53522
17.718,0.5278
15.668,0.5599
17.432,0.52968
17.758,0.52471
13.394,0.60059
16.66,0.54139
16.883,0.53774
15.38,0.5635
13.819,0.59168
16.963,0.5339
16.682,0.53983
16.741,0.53651
17.093,0.53125
15.51,0.5572
15.978,0.54967
16.498,0.54105
14.207,0.58151
15.682,0.55439
14.175,0.58006
15.349,0.55951
15.058,0.5641
15.092,0.5612
14.692,0.5676
14.669,0.56757
13.492,0.58825
13.843,0.58185
13.955,0.5798
13.416,0.59042
15.446,0.55389
12.94,0.60096
13.287,0.59408
13.122,0.59597
14.271,0.57202
14.029,0.57634
14.052,0.57524
13.685,0.57969
14.261,0.56732
14.327,0.5662
13.904,0.57482
13.911,0.57494
14.099,0.57032
13.737,0.57754
13.588,0.58104
13.842,0.57684
13.513,0.58227
13.738,0.57728
13.801,0.57536
13.834,0.57219
13.771,0.57268
14.415,0.55977
14.812,0.54995
14.52,0.55553
13.677,0.57138
13.648,0.57077
13.321,0.57847
12.117,0.6033
14.351,0.5588
13.68,0.57145
13.919,0.56648
13.922,0.56483
11.317,0.61621
11.443,0.6137
12.853,0.58238
13.36,0.57109
12.291,0.59247
12.711,0.58439
13.121,0.57625
13.315,0.5724
13.668,0.56612
13.53,0.56964
13.246,0.57464
13.205,0.57348
13.154,0.5741
13.407,0.56906
13.3,0.57104
15.103,0.5358
14.384,0.54813
13.537,0.56518
13.214,0.57068
13.853,0.5579
13.082,0.57141
13.052,0.57242
12.595,0.57962
14.401,0.5457
12.763,0.57596
12.596,0.57866
12.125,0.58789
12.765,0.57438
10.806,0.61708
12.031,0.5897
12.21,0.58441
12.942,0.56931
12.696,0.57377
12.701,0.57309
12.799,0.56843
13.016,0.5657
11.982,0.58523
11.852,0.58644
11.655,0.58977
12.428,0.57586
12.205,0.58132
12.149,0.58013
13.018,0.56486
13.466,0.55471
14.622,0.53261
14.827,0.52829
12.997,0.56081
12.952,0.56206
14.404,0.53522
13.669,0.54687
13.515,0.5499
13.492,0.54969
13.649,0.54713
13.66,0.54776
14.362,0.53393
18.964,0.46156
18.807,0.46421
13.279,0.55275
13.446,0.54999
13.394,0.54945
17.14,0.48729
13.541,0.54682
18.517,0.46532
16.779,0.49188
13.624,0.5457
17.755,0.47663
12.675,0.56147
17.854,0.47523
17.392,0.48186
16.985,0.48584
17.01,0.48508
17.196,0.48322
17.218,0.48106
17.426,0.47663
16.954,0.48435
17.459,0.47618
12.496,0.56118
12.368,0.56283
12.33,0.56477
16.073,0.49653
16.254,0.49313
15.904,0.49825
14.154,0.52885
15.468,0.50689
15.292,0.50797
15.404,0.50523
15.418,0.50562
13.786,0.53268
14.131,0.52628
13.852,0.53071
13.913,0.52914
13.946,0.52916
13.605,0.53486
13.375,0.53969
13.014,0.54708
13.215,0.54286
13.061,0.54481
13.459,0.53838
13.238,0.54181
13.016,0.5446
14.695,0.51367
14.812,0.51071
14.742,0.51018
14.963,0.50839
14.698,0.51365
14.89,0.50887
15.126,0.50502
14.804,0.51066
15.134,0.50548
14.937,0.50661
14.57,0.51365
14.732,0.51129
14.596,0.5122
14.134,0.5204
13.922,0.52539
12.49,0.55158
13.076,0.53977
13.15,0.53932
13.322,0.53476
13.189,0.5368
13.46,0.53039
13.203,0.53584
13.147,0.53642
13.431,0.53099
13.152,0.53758
13.806,0.52554
13.876,0.52465
13.745,0.52511
13.356,0.53335
13.204,0.53481
13.64,0.52675
13.195,0.53453
12.486,0.54938
12.754,0.54217
13.707,0.52471
13.648,0.52395
13.443,0.52776
13.47,0.52684
13.027,0.53622
12.529,0.54508
12.11,0.55485
11.8,0.56151
12.204,0.55171
12.603,0.54322
12.746,0.53838
12.491,0.54307
12.828,0.53652
12.442,0.54336
12.045,0.55029
12.244,0.54628
12.73,0.53593
13.083,0.5297
12.857,0.53574
12.434,0.54286
12.151,0.54834
12.224,0.54777
12.351,0.54304
11.918,0.55179
12.639,0.53676
12.076,0.54666
12.107,0.54451
12.013,0.54637
12.897,0.52941
12.92,0.52766
12.276,0.54123
12.75,0.53434
12.583,0.5337
12.569,0.53393
12.072,0.54601
12.264,0.53938
12.41,0.53613
13.52,0.51594
13.371,0.51733
13.015,0.52382
12.741,0.53123
12.416,0.53797
12.314,0.53957
12.29,0.53993
12.29,0.54185
12.216,0.54225
12.713,0.5313
12.338,0.53764
12.801,0.52819
12.409,0.53471
12.4,0.53433
12.155,0.53945
12.73,0.52659
12.456,0.53307
12.315,0.53484
12.033,0.54279
12.116,0.54307
11.753,0.55049
11.767,0.54948
12.53,0.53325
12.041,0.54232
12.17,0.53841
12.802,0.52526
12.288,0.53663
12.433,0.53381
12.614,0.5294
12.522,0.53321
12.285,0.53785
12.242,0.53913
12.455,0.53497
12.602,0.53006
12.428,0.53409
12.971,0.52389
13.012,0.52255
12.997,0.52266
12.823,0.52698
12.356,0.53606
11.653,0.55034
11.664,0.55181
11.876,0.54725
12.375,0.53622
12.295,0.53791
12.469,0.53376
12.362,0.53502
12.195,0.53687
12.009,0.54295
12.035,0.54156
11.854,0.5459
11.977,0.54479
11.698,0.54998
11.347,0.55721
11.439,0.55528
11.634,0.55072
11.769,0.54855
11.855,0.54757
11.814,0.54822
11.604,0.55406
11.682,0.55166
12.196,0.54055
12.226,0.53835
12.229,0.53778
12.361,0.53628
12.08,0.53953
12.17,0.53947
11.933,0.5464
12.003,0.54308
12.183,0.54042
12.285,0.53679
12.189,0.53771
11.879,0.54354
11.855,0.54439
12.024,0.54208
11.843,0.5457
11.804,0.54752
12.239,0.54093
11.58,0.55275
12.033,0.54319
11.996,0.54181
11.897,0.5438
11.978,0.54082
12.686,0.52613
12.427,0.53416
11.81,0.54443
12.154,0.53824
12.027,0.54079
11.963,0.54332
12.018,0.54235
12.278,0.53718
12.585,0.52957
5.9233,0.70999
12.754,0.5271
12.628,0.52919
12.116,0.53992
11.704,0.54751
11.677,0.54602
12.113,0.53804
12.338,0.53381
12.759,0.52522
12.893,0.52271
12.338,0.53688
11.9,0.54493
11.41,0.55653
11.45,0.55629
11.668,0.55047
11.795,0.54662
11.813,0.54533
12.204,0.53515
11.829,0.54331
11.67,0.54764
11.663,0.54631
11.855,0.54317
11.609,0.54797
11.947,0.54172
11.973,0.54195
11.884,0.54366
11.556,0.55144
12.31,0.53447
12.163,0.5371
12.319,0.53389
12.34,0.5344
12.441,0.53112
12.163,0.53761
12.353,0.53408
12.44,0.53098
12.213,0.53646
12.477,0.53148
11.946,0.54292
11.908,0.54371
12.127,0.5397
11.78,0.54679
12.23,0.53585
12.113,0.53914
11.952,0.54225
12.03,0.5395
12.172,0.53582
11.812,0.54442
11.704,0.54484
11.959,0.54086
11.845,0.54483
12.137,0.53679
12.138,0.53718
11.807,0.54586
11.852,0.54367
12.143,0.53755
12.299,0.53423
11.579,0.54937
11.514,0.55045
11.538,0.54908
11.665,0.54631
11.859,0.54191
12.999,0.51909
12.457,0.52759
12.26,0.53284
12.204,0.53593
11.957,0.54122
12.793,0.52316
12.058,0.53857
12.168,0.53698
12.141,0.53703
11.987,0.54077
12.258,0.53522
12.011,0.53877
12.387,0.53117
12.415,0.53134
12.488,0.5292
12.242,0.5329
12.577,0.52823
12.408,0.53087
12.167,0.53647
12.04,0.53999
12.472,0.52986
12.355,0.53253
12.469,0.52929
12.423,0.52805
12.133,0.53477
12.286,0.53092
12.529,0.5256
12.496,0.52734
12.42,0.53012
12.626,0.5265
12.068,0.53813
12.132,0.53888
11.908,0.54399
12.158,0.53701
12.123,0.53745
12.015,0.53934
12.593,0.52712
11.946,0.53918
11.918,0.54034
12.23,0.53462
12.349,0.53124
12.114,0.53782
11.52,0.54965
11.406,0.55398
11.579,0.54898
11.791,0.54333
11.777,0.54521
11.99,0.54128
11.691,0.54783
12.073,0.53898
11.877,0.54369
11.87,0.54271
11.576,0.5484
12.003,0.53819
11.752,0.54346
11.473,0.55069
11.378,0.55352
11.423,0.55186
11.63,0.54782
11.629,0.54997
11.448,0.55208
11.597,0.54897
11.473,0.55163
11.541,0.54919
12.123,0.53758
11.465,0.55195
11.599,0.54802
11.596,0.54745
11.569,0.54917
11.891,0.54056
11.459,0.55111
11.493,0.55039
11.521,0.549
11.575,0.54762
11.571,0.54741
11.501,0.54874
11.637,0.54509
11.606,0.54733
11.928,0.53872
12.073,0.53746
12.059,0.53809
12.192,0.53425
12.232,0.53373
12.316,0.53205
12.372,0.52999
12.309,0.53003
12.414,0.52968
12.286,0.53262
12.255,0.53249
12.25,0.53314
12.245,0.53236
12.25,0.53459
12.101,0.53756
12.124,0.53582
12.07,0.53879
12.66,0.52479
12.376,0.53023
12.36,0.53151
12.227,0.53344
12.4,0.52992
12.161,0.53473
12.108,0.53626
12.112,0.53677
11.69,0.54538
11.691,0.54665
11.684,0.54632
11.42,0.55209
11.719,0.54572
11.704,0.54506
11.873,0.54152
12.014,0.53817
12.216,0.53468
11.841,0.54122
12.175,0.53477
12.161,0.53315
13.047,0.51748
12.991,0.51753
12.73,0.52418
12.434,0.53062
12.779,0.52323
12.496,0.53003
11.834,0.54195
11.938,0.53955
12.057,0.53721
12.087,0.53539
13.087,0.51613
12.288,0.53082
11.783,0.53918
11.511,0.54883
11.309,0.55271
11.363,0.55153
11.456,0.55017
11.483,0.5491
11.757,0.54346
11.815,0.54188
12.743,0.52264
12.142,0.53398
11.823,0.54147
11.948,0.53708
11.219,0.55566
11.33,0.55248
11.986,0.53809
11.653,0.54564
12.046,0.53688
11.998,0.53706
12.16,0.53204
11.814,0.5406
11.926,0.53909
11.559,0.54609
11.62,0.54653
11.793,0.54333
11.53,0.54684
11.677,0.5442
11.832,0.54153
11.878,0.5414
11.753,0.54144
12.035,0.53429
12.057,0.53642
12.289,0.52862
12.463,0.526
12.835,0.51928
12.209,0.53311
12.15,0.53546
11.375,0.55374
11.414,0.55401
11.775,0.54574
12.076,0.53788
12.324,0.53148
12.149,0.53536
11.928,0.53946
12.117,0.5332
12.068,0.53548
12.104,0.53503
11.898,0.53896
11.606,0.54758
11.564,0.54798
11.821,0.54238
11.811,0.54312
11.767,0.54664
11.731,0.54264
11.717,0.54432
11.513,0.54919
11.512,0.5479
12,0.53691
11.812,0.54042
11.614,0.54635
11.756,0.54357
11.813,0.54245
11.85,0.54356
12.357,0.53299
11.569,0.54963
11.81,0.54511
11.923,0.54072
11.54,0.54912
11.575,0.54639
12.247,0.53148
12.202,0.53242
11.995,0.53719
12.31,0.53227
12.437,0.52885
11.779,0.54374
12.073,0.53773
11.735,0.54442
11.793,0.54462
11.992,0.54048
12.057,0.53592
12.242,0.53349
12.335,0.53118
12.462,0.52657
12.051,0.53485
12.64,0.52291
11.521,0.54763
11.904,0.53816
12.524,0.52508
11.587,0.54718
11.567,0.54779
11.313,0.55369
11.705,0.5454
11.852,0.54252
12.107,0.53624
12.071,0.53695
13.257,0.5125
12.167,0.53408
11.715,0.54552
11.729,0.54314
11.846,0.5411
11.971,0.53754
12.177,0.53341
12.299,0.52954
12.483,0.52671
12.709,0.52206
12.202,0.53178
11.702,0.54522
11.748,0.54285
12.255,0.53234
11.658,0.54419
12.025,0.53607
11.798,0.54119
12.051,0.53407
11.88,0.53794
11.804,0.54089
11.784,0.54116
11.43,0.54794
11.877,0.53857
11.684,0.54431
12.069,0.53523
12.033,0.53505
11.792,0.54132
11.368,0.5518
12.139,0.5351
12.341,0.52865
12.582,0.52565
12.621,0.52458
12.066,0.5363
12.085,0.53607
11.615,0.5462
12.078,0.53484
12.353,0.52982
12.021,0.53779
12.081,0.53531
11.53,0.54767
11.432,0.54856
11.37,0.55098
11.498,0.54953
12.801,0.52098
12.282,0.53001
12.56,0.52398
11.588,0.54498
11.953,0.536
11.685,0.54141
11.8,0.53997
11.482,0.54875
11.277,0.55263
11.537,0.54868
12.009,0.53863
11.745,0.54368
11.839,0.53992
11.602,0.54616
11.923,0.53748
11.897,0.53695
11.92,0.53673
11.776,0.53976
11.794,0.53986
11.853,0.53948
12.051,0.53529
11.546,0.54861
11.897,0.54102
11.681,0.54427
11.399,0.55236
11.657,0.54604
11.679,0.54435
11.872,0.5409
11.941,0.53956
11.826,0.53946
12.287,0.52838
11.785,0.53969
11.709,0.54201
11.62,0.5432
11.807,0.54063
11.967,0.53859
11.474,0.54982
11.727,0.54497
11.62,0.54581
11.947,0.53985
11.776,0.54196
11.885,0.54
11.903,0.53848
12.366,0.52853
12.06,0.53529
11.971,0.53557
11.812,0.53973
11.274,0.55259
11.445,0.54795
11.892,0.53792
11.734,0.54487
12.252,0.53257
11.95,0.53836
12.192,0.53472
11.904,0.54005
11.961,0.53895
12.029,0.53683
12.283,0.53154
12.534,0.52515
12.539,0.52588
12.17,0.5334
11.997,0.53951
11.822,0.54258
11.767,0.54318
11.932,0.54112
12.019,0.53979
12.387,0.53128
12.169,0.5349
11.712,0.54405
12.018,0.53659
11.594,0.54543
11.709,0.54172
11.921,0.53814
12.322,0.53
12.288,0.53145
12.115,0.53527
12.164,0.53513
11.596,0.5469
11.489,0.54978
11.451,0.55121
11.709,0.54564
11.875,0.5415
11.619,0.549
11.665,0.54672
11.876,0.53994
11.693,0.54463
11.325,0.54969
11.347,0.55016
11.1,0.55333
11.133,0.55003
11.473,0.54615
11.537,0.54429
11.961,0.53707
12.169,0.53514
11.556,0.54837
11.694,0.54641
11.627,0.54615
11.532,0.54895
11.446,0.55121
11.037,0.55898
11.451,0.54924
11.324,0.55058
11.34,0.55079
12.052,0.53485
12.385,0.52892
11.713,0.54325
11.693,0.54252
11.505,0.54811
11.352,0.55059
11.505,0.54733
11.505,0.547
11.879,0.54029
11.812,0.54163
11.712,0.54219
11.809,0.54134
11.432,0.54784
12.049,0.53376
12.251,0.53111
12.272,0.52885
12.199,0.53198
12.394,0.5295
12.035,0.53653
11.753,0.54174
11.794,0.54295
11.487,0.54942
11.791,0.54124
11.777,0.53991
11.906,0.54087
12.005,0.53575
12.569,0.52358
12.13,0.53025
12.345,0.52862
12.38,0.52933
11.207,0.55378
12.558,0.52663
11.301,0.55238
12.008,0.53705
12.318,0.52963
12.088,0.53368
11.603,0.54488
11.922,0.5372
11.764,0.541
11.862,0.53894
11.74,0.54277
11.862,0.53957
12.015,0.53807
12.024,0.53718
12.04,0.53677
12.195,0.53307
12.177,0.53257
12.472,0.52556
12.081,0.53534
12.021,0.53612
12.145,0.53143
11.882,0.53492
11.989,0.53439
13.444,0.49808
11.935,0.53652
12.041,0.53773
11.694,0.54158
12.37,0.5287
11.513,0.54488
11.443,0.54713
12.092,0.53234
11.956,0.53639
12.021,0.53613
12.239,0.53349
12.019,0.53641
11.676,0.54516
11.819,0.5414
11.892,0.53936
11.63,0.54514
11.929,0.54033
12.022,0.53377
11.761,0.53942
12.116,0.53356
11.676,0.54211
11.68,0.54382
11.7,0.54197
11.785,0.54088
11.689,0.54257
12.627,0.51991
12.176,0.53361
12.353,0.52852
12.518,0.52531
12.302,0.52902
12.195,0.5324
12.286,0.53133
12.274,0.53105
12.09,0.53586
11.632,0.54423
12.162,0.53359
11.591,0.54542
11.47,0.54881
11.699,0.5441
11.824,0.54225
12.215,0.53402
11.84,0.54252
11.796,0.54047
11.995,0.53593
12.001,0.53751
11.549,0.54472
11.582,0.54445
11.733,0.54305
11.385,0.55071
11.933,0.5405
11.848,0.54084
11.625,0.54647
12.011,0.5359
11.622,0.54383
11.642,0.54227
11.717,0.53819
11.622,0.54187
12.188,0.5281
12.164,0.52927
11.713,0.54136
12.067,0.5352
12.293,0.5311
12.491,0.52384
11.93,0.53933
12.321,0.53134
11.748,0.54348
11.747,0.53981
12.269,0.53245
12.127,0.53348
12.256,0.5319
12.443,0.52701
12.387,0.52784
12.679,0.52241
11.942,0.53533
12.051,0.53538
12.049,0.53372
11.536,0.5467
11.59,0.54683
11.973,0.53773
11.758,0.54143
11.638,0.54368
12.56,0.52361
11.89,0.53623
11.841,0.53853
11.481,0.54823
11.073,0.55672
11.416,0.54773
11.735,0.54169
11.747,0.54138
11.889,0.5379
12.192,0.53337
12.263,0.53226
12.766,0.52038
12.183,0.52974
12.197,0.53247
13.453,0.49578
11.967,0.53755
12.446,0.52639
11.896,0.53624
11.998,0.53272
12.749,0.51972
11.597,0.54433
12.279,0.52868
12.223,0.5293
12.005,0.53522
11.704,0.54246
12.197,0.53417
12.023,0.53617
12.574,0.52598
12.964,0.51801
11.77,0.54144
12.458,0.52731
12.232,0.52902
12.013,0.53369
11.948,0.53395
12.636,0.51889
11.838,0.53987
12.503,0.52366
11.85,0.53837
12.839,0.52
13.375,0.50924
11.534,0.54663
11.757,0.54122
12.514,0.52679
11.787,0.5393
11.718,0.54119
11.568,0.54544
11.738,0.54191
11.822,0.53899
11.92,0.53745
12.152,0.53237
11.895,0.53767
11.954,0.53662
11.769,0.5387
11.974,0.53606
11.873,0.53697
11.92,0.53674
12.041,0.53554
11.84,0.53754
11.233,0.54935
4.8758,0.74434
11.878,0.53599
11.496,0.5424
11.861,0.53832
11.989,0.53501
4.7398,0.75085
4.8872,0.74291
11.975,0.53579
11.841,0.53522
11.687,0.53821
5.1842,0.73176
12.042,0.52323
11.667,0.54087
11.762,0.53674
11.746,0.53813
12.107,0.52988
12.07,0.53084
12.278,0.52642
11.683,0.54035
11.815,0.53763
11.59,0.54263
11.621,0.54442
11.919,0.537
11.803,0.53864
11.689,0.5424
11.412,0.54781
11.996,0.53768
11.939,0.53821
11.719,0.54231
11.465,0.5456
11.902,0.53508
11.941,0.53529
11.914,0.53518
11.715,0.53963
12.875,0.51076
11.225,0.55283
11.17,0.55435
11.286,0.55262
11.438,0.54725
11.908,0.53707
11.958,0.53629
11.872,0.53622
11.948,0.53491
11.457,0.54685
11.554,0.54611
11.424,0.54779
11.544,0.54557
11.962,0.53563
11.869,0.53836
11.925,0.53734
12.234,0.53145
11.76,0.54067
11.42,0.5492
11.523,0.54413
11.409,0.54867
11.385,0.54997
11.584,0.54353
11.785,0.54089
11.282,0.55052
11.776,0.54034
11.698,0.54174
11.417,0.54806
12.055,0.53467
11.991,0.53521
12.252,0.52965
12.251,0.52951
11.756,0.53951
11.915,0.5359
12.412,0.52458
12.13,0.52994
12.166,0.5313
11.867,0.53832
11.744,0.53973
11.806,0.53942
12.068,0.53237
12.221,0.52801
11.926,0.53496
11.385,0.54679
11.512,0.54319
11.413,0.54654
11.806,0.53786
11.609,0.54218
11.606,0.54143
11.904,0.53618
12.119,0.53297
12.377,0.52865
11.834,0.53921
11.877,0.53838
12.364,0.52879
12.084,0.53191
12.153,0.53075
11.825,0.53747
11.726,0.5379
11.829,0.53815
11.879,0.53759
12.86,0.50521
11.79,0.53945
12.279,0.52914
11.657,0.54444
11.814,0.5404
11.536,0.54441
11.331,0.55031
11.605,0.54471
11.781,0.54022
11.584,0.54029
11.727,0.53736
12.023,0.5297
12.226,0.52711
11.869,0.53565
11.791,0.53809
11.867,0.53731
11.536,0.5455
11.047,0.5562
11.74,0.54204
11.727,0.54149
11.646,0.54423
11.633,0.54365
11.582,0.54356
11.511,0.54581
11.244,0.55023
11.147,0.55174
11.331,0.54877
11.332,0.54824
11.7,0.54082
11.376,0.54627
11.237,0.55192
10.949,0.56013
11.284,0.55082
11.277,0.54949
10.957,0.55882
11.833,0.53916
11.456,0.54722
11.405,0.54735
11.367,0.54657
11.574,0.54195
11.424,0.5433
11.28,0.54526
11.621,0.54144
11.612,0.54041
11.655,0.53989
11.059,0.55302
11.02,0.55501
11.319,0.54694
3.7236,0.80513
11.368,0.54608
11.163,0.54886
11.377,0.54521
6.6802,0.66744
11.313,0.54631
11.639,0.5387
11.524,0.54196
12.301,0.52662
11.194,0.54972
11.133,0.55163
11.35,0.54593
11.881,0.53509
11.882,0.53222
12.387,0.52375
11.766,0.53781
11.606,0.53601
11.065,0.54965
11.45,0.53856
11.697,0.53384
11.649,0.53236
11.883,0.53167
11.563,0.53411
11.309,0.54053
11.23,0.54623
11.584,0.5389
11.298,0.54404
11.186,0.54676
11.624,0.53722
11.857,0.53166
11.629,0.53549
11.583,0.5373
10.953,0.55063
11.766,0.52933
11.865,0.52865
12.216,0.52249
10.958,0.54885
11.043,0.54759
11.165,0.54633
11.044,0.54802
11.011,0.54983
10.983,0.54904
10.892,0.5528
11.039,0.54873
10.838,0.55363
11.202,0.54529
11.201,0.5433
11.037,0.54474
11.932,0.5253
11.334,0.53695
11.428,0.53046
11.191,0.53792
11.732,0.52841
12.045,0.52382
11.086,0.54351
11.099,0.54575
11.621,0.53247
11.431,0.53662
11.307,0.53849
10.661,0.55167
10.772,0.54443
10.265,0.55757
10.995,0.54307
10.935,0.54216
11.258,0.53365
11.019,0.54032
10.885,0.54267
10.837,0.5445
11.33,0.53437
10.627,0.54972
10.678,0.54792
10.586,0.55085
11.674,0.51895
10.959,0.54045
10.789,0.54387
11.174,0.53544
11.229,0.53388
10.814,0.5436
10.909,0.54405
11.219,0.53576
11.216,0.53654
10.988,0.54259
10.793,0.54458
11.2,0.53588
10.383,0.55614
10.782,0.54608
9.8514,0.56616
10.211,0.55672
10.49,0.54824
10.122,0.55809
10.414,0.55226
10.511,0.54982
10.454,0.55056
10.233,0.55481
10.2,0.55738
9.8173,0.56773
12.328,0.51107
10.663,0.54598
10.342,0.55361
10.209,0.55678
10.48,0.54781
10.393,0.54678
10.676,0.54657
10.453,0.54893
10.696,0.53986
10.805,0.53883
10.44,0.54776
10.035,0.5586
10.014,0.55884
9.9429,0.55874
9.9707,0.55714
9.8505,0.56112
10.023,0.55744
10.15,0.55543
9.7491,0.56456
9.9459,0.56073
9.857,0.5629
9.844,0.56176
9.7245,0.56439
9.8765,0.55997
10.141,0.55472
9.9646,0.559
9.5323,0.56881
9.6315,0.56833
9.3467,0.5757
9.1087,0.58106
9.2349,0.57928
9.4337,0.57316
9.4893,0.57071
9.9531,0.5573
10.015,0.5532
9.5925,0.56304
9.4138,0.5718
9.557,0.56647
9.7356,0.56433
9.7394,0.56143
9.6138,0.56694
9.6947,0.5639
9.5568,0.56841
9.2683,0.576
9.3158,0.57578
9.0193,0.58332
9.051,0.5809
8.8644,0.58636
8.3784,0.59614
8.0915,0.60685
8.5274,0.59098
8.8356,0.58372
9.5532,0.56578
8.9694,0.57893
8.9412,0.58008
8.7666,0.58688
8.8162,0.58373
8.7387,0.58664
8.7818,0.58462
8.6023,0.58842
8.87,0.58158
8.8741,0.57841
9.1377,0.57049
8.8352,0.58262
8.533,0.58972
8.4699,0.59219
8.3871,0.59448
8.1089,0.60294
8.3101,0.5976
8.6258,0.58816
8.8746,0.57986
8.5609,0.58892
8.3672,0.59435
8.7959,0.58056
8.55,0.58796
8.6703,0.58424
8.7748,0.57862
8.6108,0.58574
9.0689,0.57277
8.7022,0.58241
8.7186,0.5821
8.5257,0.58797
8.4884,0.58805
8.6487,0.58463
8.5584,0.58659
8.242,0.5953
8.2448,0.59409
8.6887,0.58177
8.441,0.58685
8.3596,0.58951
8.2324,0.59259
8.0773,0.59627
8.163,0.59498
8.1467,0.59458
8.2194,0.59119
8.3102,0.59069
8.3791,0.58869
8.4526,0.58597
8.0396,0.59688
7.8899,0.60294
8.1754,0.59451
8.5219,0.58443
8.5765,0.58093
8.4866,0.58524
8.3153,0.59015
8.2699,0.59124
7.926,0.60023
8.2733,0.59038
7.961,0.59957
7.8665,0.6006
8.0436,0.59709
8.2891,0.58887
8.5528,0.58196
7.9693,0.59834
7.2571,0.62066
7.5568,0.61145
7.6635,0.60644
7.9482,0.59727
7.7108,0.60447
7.9074,0.59869
7.651,0.60369
7.7916,0.60057
7.9644,0.59627
7.4758,0.61375
7.7756,0.60314
7.5599,0.6093
7.5846,0.60609
7.3667,0.61346
7.7287,0.6031
7.5181,0.60898
7.5424,0.60804
7.3017,0.61643
7.3365,0.61623
7.2834,0.6186
7.3914,0.61356
7.5249,0.60745
7.7608,0.60034
7.445,0.61182
6.9815,0.62595
7.174,0.61901
6.9636,0.62502
7.2976,0.61477
7.418,0.60868
7.3106,0.61427
8.8569,0.56602
8.4773,0.57947
6.6683,0.63623
8.4779,0.57677
6.5792,0.63731
6.6509,0.63694
6.7039,0.63295
6.6441,0.63531
6.6315,0.63651
6.4239,0.64481
6.4439,0.64415
6.3077,0.64958
6.7946,0.6291
6.7713,0.62994
6.7302,0.63204
6.6026,0.63718
6.7055,0.63386
6.5065,0.63908
6.6799,0.63078
6.8396,0.62743
6.2866,0.64801
6.8699,0.6235
6.9215,0.62061
6.4936,0.64206
6.4727,0.63784
6.4905,0.64034
6.5214,0.63576
6.4935,0.63737
6.4625,0.63698
6.3122,0.64529
6.6243,0.63221
6.554,0.63617
6.2555,0.64596
6.5063,0.63732
6.3413,0.64652
6.2286,0.64736
5.8539,0.66156
6.6308,0.62987
6.007,0.65965
5.8484,0.66733
6.4843,0.63636
5.5498,0.68182
5.4404,0.68274
6.1887,0.64848
6.0039,0.65539
6.2465,0.6449
6.27,0.64044
6.0156,0.65035
5.8721,0.65624
5.825,0.65749
5.7641,0.6594
5.4361,0.68139
5.6276,0.66843
5.6628,0.66887
5.4154,0.68156
5.3271,0.6917
5.1939,0.69431
5.2741,0.68912
5.3511,0.68374
5.0678,0.69993
4.9573,0.70728
5.2253,0.68627
5.1766,0.69082
4.8545,0.71619
5.2243,0.69018
5.1175,0.69189
4.9908,0.70094
5.265,0.68381
5.6399,0.66821
5.5507,0.67436
4.5014,0.72934
4.5013,0.72823
4.848,0.71771
4.7411,0.72708
4.7043,0.71835
4.4888,0.72921
4.3684,0.73673
4.6166,0.7218
5.0383,0.69483
4.675,0.71657
4.1349,0.74812
4.8829,0.70615
4.8235,0.71229
4.0481,0.75925
4.6361,0.72541
4.1337,0.75229
3.983,0.76608
4.1936,0.75063
4.342,0.73895
3.952,0.76928
4.2727,0.74367
4.1483,0.74877
4.0168,0.76047
3.683,0.78368
4.2649,0.73726
4.2064,0.73841
4.3388,0.73503
4.2851,0.73867
4.2989,0.7372
4.6213,0.71662
4.0729,0.75387
4.7509,0.70941
4.8202,0.70884
4.5479,0.72831
4.1969,0.75013
4.2913,0.73884
4.2477,0.73313
4.2707,0.72944
3.9622,0.75016
4.4511,0.72338
4.7043,0.7077
4.5973,0.72007
4.7947,0.70414
4.4989,0.72618
4.2931,0.73397
4.2229,0.73724
4.294,0.73423
4.1271,0.73765
4.4834,0.71178
4.3809,0.72753
4.2475,0.73582
4.3521,0.72931
4.0398,0.74967
4.391,0.73486
3.8607,0.76481
3.8717,0.76465
4.1522,0.74083
4.3163,0.73028
3.8347,0.7657
3.7645,0.77361
4.2821,0.73352
3.973,0.75551
4.1533,0.74315
4.2806,0.73292
3.8991,0.76302
4.2763,0.73358
4.5734,0.71433
4.508,0.71894
4.1363,0.7427
3.9878,0.75124
4.3692,0.72626
4.1717,0.74018
4.1164,0.74345
3.9093,0.75455
3.8505,0.7626
4.476,0.71966
4.3212,0.73284
4.2078,0.73586
4.5904,0.71258
4.4566,0.71906
3.9979,0.75579
4.042,0.74962
4.1981,0.73348
4.2104,0.73155
4.2547,0.73159
4.4785,0.71973
4.249,0.73452
4.392,0.73467
4.2367,0.73175
4.065,0.74627
4.075,0.74191
5.0179,0.68598
4.276,0.72859
3.8419,0.76482
4.0566,0.75055
4.5528,0.72312
4.0529,0.75084
4.206,0.7444
5.7608,0.65821
3.7011,0.76885
3.6038,0.77781
3.848,0.75921
3.9967,0.74742
4.0185,0.74823
3.8149,0.76394
3.8877,0.75583
4.1146,0.73949
4.1001,0.74238
4.0647,0.74951
4.633,0.71286
4.2211,0.73762
4.1828,0.74245
3.7838,0.76593
3.8054,0.76461
4.1212,0.74382
4.078,0.74584
3.8462,0.76399
3.6029,0.78491
4.0798,0.74235
4.3127,0.726
3.9317,0.75395
4.2083,0.73468
6.0021,0.6501
4.5168,0.71996
3.9909,0.7496
4.5139,0.72419
4.655,0.71391
4.0395,0.75056
3.8892,0.76056
4.5168,0.72707
4.751,0.71357
3.9555,0.75745
4.5405,0.7168
4.4159,0.72447
4.2511,0.73255
4.0817,0.74294
4.3746,0.73212
4.0695,0.74818
3.7565,0.77444
3.9334,0.76019
4.1006,0.74477
4.265,0.73199
4.1566,0.74397
4.0179,0.74678
3.9727,0.75063
4.0163,0.75049
3.6913,0.77532
3.9114,0.75755
3.862,0.76307
4.0735,0.74862
4.1106,0.74095
3.8434,0.76084
4.004,0.75496
3.9502,0.75294
4.217,0.7339
4.0508,0.74743
3.7195,0.7727
4.1635,0.73949
4.6796,0.71478
4.5595,0.71742
5.3678,0.67558
4.7476,0.70823
6.0174,0.65037
4.3361,0.72974
4.1271,0.73998
4.6006,0.71534
4.5638,0.71627
4.1098,0.74442
4.6339,0.71414
4.6402,0.71503
6.0836,0.64432
4.6483,0.7143
4.5112,0.71967
4.4259,0.7245
4.8587,0.69638
4.3389,0.7365
3.7618,0.76949
4.7139,0.70801
3.8704,0.75664
3.7825,0.76026
3.9966,0.74662
4.402,0.71942
4.2882,0.73092
4.2735,0.73375
4.0095,0.74961
4.2154,0.73791
4.0321,0.74573
4.1877,0.73908
3.9837,0.75345
4.194,0.73496
3.4847,0.79642
4.2143,0.73327
4.2109,0.72817
3.8551,0.75944
3.6882,0.77151
3.9459,0.74984
4.0136,0.74774
3.7127,0.77023
3.7911,0.76056
4.1668,0.73147
3.7253,0.76641
3.6905,0.77096
3.9008,0.75261
4.2812,0.72463
3.9307,0.7521
3.882,0.75816
3.9136,0.75064
3.6264,0.77715
3.7209,0.76688
3.726,0.76374
3.4499,0.78382
3.7064,0.76205
4.2023,0.73029
3.5791,0.77774
3.7542,0.76495
3.5651,0.77934
3.7808,0.75787
3.8584,0.75612
4.0185,0.74851
3.9909,0.74926
3.8464,0.76361
4.1102,0.74032
3.9028,0.75484
3.8414,0.76302
4.3645,0.72252
3.9441,0.75312
3.905,0.75219
3.9758,0.74881
3.8026,0.76183
4.3779,0.72894
4.1546,0.73802
4.005,0.75077
4.1877,0.74174
4.1359,0.74221
3.9682,0.75395
4.3158,0.7288
4.7013,0.70901
4.9088,0.69511
3.9917,0.75062
4.0562,0.74118
3.961,0.74591
4.0559,0.74455
4.4663,0.7255
4.4351,0.72517
4.5415,0.72454
3.8345,0.76089
3.7533,0.76425
4.4916,0.71498
4.0432,0.74325
3.9384,0.75458
3.939,0.75704
4.0201,0.7491
3.8937,0.76072
3.8976,0.75929
3.9779,0.75034
3.8883,0.7546
3.7129,0.76528
3.7293,0.76516
3.9059,0.75251
3.7206,0.7688
3.8272,0.75818
3.7392,0.7662
3.6113,0.77595
3.851,0.75973
3.8825,0.75693
3.5587,0.78078
4.2293,0.73315
3.8627,0.75792
3.6631,0.77505
4.0069,0.74899
3.7932,0.76443
3.7979,0.76474
4.4777,0.72109
3.9423,0.75278
3.6094,0.77604
3.9589,0.74687
4.4471,0.71779
3.9189,0.74917
3.8056,0.76265
5.0388,0.69555
3.7963,0.7664
4.1365,0.74133
4.0327,0.74237
3.8485,0.75663
3.7438,0.76737
4.0944,0.74257
3.6093,0.78061
3.7809,0.76447
3.6421,0.77679
3.8256,0.76106
6.4445,0.62829
4.2003,0.7388
3.6499,0.78528
4.1887,0.73692
4.3362,0.72971
3.8457,0.75636
3.8686,0.75377
4.0581,0.73873
3.8793,0.75138
4.1293,0.73672
4.1901,0.7333
3.6614,0.77786
4.538,0.71738
4.957,0.69396
4.3001,0.73173
4.4124,0.72981
4.9006,0.69983
4.5568,0.71574
4.6297,0.71294
4.6687,0.70945
4.4749,0.72076
4.1427,0.74153
4.0325,0.74116
4.2265,0.73645
4.0911,0.74739
4.9017,0.69295
4.0959,0.737
4.0717,0.74903
3.9528,0.75327
3.8598,0.75811
4.059,0.73835
4.0758,0.73823
3.6636,0.77082
4.5896,0.71598
4.3891,0.72213
4.6312,0.7099
3.9086,0.75639
3.8757,0.75268
4.4981,0.71438
4.3629,0.72635
3.8819,0.7553
3.9009,0.75606
3.7641,0.76622
4.1755,0.73744
3.8659,0.75155
4.0505,0.74062
4.0642,0.74053
4.135,0.73736
4.3266,0.72722
3.8727,0.75788
4.1349,0.73856
4.1064,0.74038
3.8784,0.75242
3.8249,0.75534
3.9936,0.74804
4.1737,0.73625
4.3364,0.72269
4.1714,0.73626
3.8727,0.75797
4.2615,0.73101
4.0658,0.74357
3.9727,0.74486
4.1583,0.73088
4.2014,0.72994
4.1216,0.73847
4.5483,0.70935
4.4382,0.71339
4.2123,0.72948
4.0505,0.74033
4.1628,0.72931
4.1802,0.73131
3.7627,0.76953
3.7231,0.76815
3.9595,0.74966
4.3535,0.72732
4.0349,0.74213
3.8994,0.7578
3.7586,0.76871
3.8514,0.75773
3.6338,0.77351
3.6912,0.7642
3.7132,0.76282
3.8878,0.75308
3.6775,0.77005
3.8839,0.75554
4.0657,0.74002
3.8553,0.76023
3.9837,0.7509
3.8018,0.76493
3.7415,0.77049
3.9983,0.74703
3.9338,0.74834
3.78,0.76041
3.8591,0.75318
4.3107,0.72097
4.203,0.72628
3.7913,0.76479
4.2445,0.73067
4.0923,0.74391
4.0108,0.75016
3.8688,0.75371
4.2536,0.72853
3.9983,0.7529
4.2068,0.73343
3.9287,0.75468
4.0203,0.74762
4.2213,0.73305
3.9098,0.75414
4.1738,0.73977
4.1239,0.74581
4.2049,0.73732
4.1345,0.74589
4.103,0.74496
3.9523,0.75206
3.7204,0.76655
4.0445,0.74268
3.9674,0.74694
3.9938,0.75078
4.128,0.73767
3.7392,0.7667
3.6632,0.76867
3.5534,0.77794
3.6757,0.76891
3.7484,0.76265
3.8417,0.75659
4.4934,0.71943
4.0862,0.74384
4.4131,0.72451
3.9572,0.75058
3.8996,0.7535
3.8832,0.74942
3.8797,0.75363
3.6475,0.77113
3.4754,0.78921
3.8567,0.75616
3.698,0.7691
3.4912,0.78466
3.9498,0.74402
3.9964,0.74099
3.583,0.77465
3.71,0.76661
3.8152,0.75605
3.9198,0.75167
3.7627,0.76639
5.1817,0.68562
3.7326,0.76576
3.8452,0.75265
3.9736,0.74056
4.058,0.73526
3.8229,0.75376
3.9418,0.74794
3.9486,0.74831
3.7461,0.76543
3.8685,0.75377
3.8656,0.75135
3.6907,0.76406
3.9914,0.74374
4.0871,0.7386
4.2139,0.73143
4.0022,0.74854
4.1913,0.73256
4.0712,0.73916
3.8756,0.7562
3.7509,0.76969
4.4318,0.71447
4.1767,0.73715
3.7931,0.76467
4.2027,0.72819
3.8673,0.75289
4.0146,0.74781
4.4204,0.72217
4.0532,0.74469
6.1211,0.64799
4.5454,0.71967
5.6517,0.66177
4.3294,0.72586
3.7382,0.75996
4.1976,0.73428
3.607,0.78288
4.445,0.7219
4.3933,0.72239
4.2406,0.73422
4.188,0.73761
3.5317,0.77598
4.5267,0.71491
4.6112,0.70945
4.4243,0.72256
4.3349,0.72968
4.6359,0.71072
4.5099,0.71609
4.3225,0.72778
4.6194,0.71376
3.8713,0.75988
4.2978,0.735
3.812,0.7613
3.669,0.76735
3.9014,0.75
3.6156,0.77193
3.8267,0.75847
4.0262,0.74305
3.8704,0.75399
3.9617,0.74839
3.7133,0.76308
3.9596,0.74711
3.9786,0.74948
3.488,0.79134
4.0042,0.74746
4.1598,0.73465
4.1456,0.73519
4.0714,0.7414
5.4114,0.67664
3.7266,0.763
4.3028,0.72367
3.9346,0.7545
3.9988,0.75367
4.2261,0.73298
4.0802,0.73753
3.9277,0.75093
3.926,0.74479
3.6142,0.76549
3.9087,0.74449
4.0392,0.74078
3.4073,0.7951
4.1466,0.74423
4.2013,0.73697
3.8302,0.75651
3.8461,0.75421
3.6239,0.76814
4.374,0.71818
4.3628,0.71952
4.7287,0.70789
4.3408,0.72731
4.2892,0.72814
4.3729,0.73022
4.2546,0.73373
4.1182,0.73877
4.4426,0.71541
4.5379,0.71005
4.4875,0.71539
4.2058,0.73321
4.242,0.73676
4.5707,0.71416
4.4717,0.72422
4.4438,0.72366
4.3525,0.72022
4.5273,0.70968
4.1869,0.73574
4.3902,0.72192
4.5931,0.70982
3.4249,0.79425
4.2235,0.74093
4.2957,0.72844
3.6471,0.77027
3.4587,0.78205
3.7006,0.76058
4.3255,0.7234
3.79,0.75522
3.9901,0.74555
3.7322,0.76237
3.8403,0.7553
3.799,0.75924
3.6457,0.77253
3.7575,0.76438
3.7924,0.75961
3.9865,0.7511
4.1791,0.73268
4.0893,0.7376
3.9522,0.75323
4.0202,0.74284
4.0752,0.73592
3.7969,0.76224
3.6946,0.77304
4.019,0.7455
3.9233,0.7499
3.371,0.79375
3.8171,0.75317
3.5855,0.77297
3.5539,0.77721
4.1328,0.73426
4.0954,0.73906
3.6943,0.76777
3.699,0.76172
4.4013,0.713
3.8901,0.74744
3.9627,0.74727
4.2151,0.72983
4.149,0.73391
3.5498,0.78201
3.956,0.74647
3.7535,0.7601
3.984,0.74834
4.1708,0.73269
4.0845,0.73624
4.1811,0.72716
3.7173,0.76465
3.9405,0.74857
4.0446,0.73997
3.8309,0.75965
4.0508,0.74076
3.8129,0.75659
3.6846,0.76663
3.4284,0.78589
3.893,0.75207
3.9734,0.74424
4.2986,0.73189
4.0647,0.74048
4.2544,0.73454
3.7221,0.76315
3.4466,0.78232
3.5419,0.7755
4.054,0.74143
3.6825,0.76075
4.2968,0.72706
4.7339,0.69897
4.3199,0.72558
3.9523,0.75681
3.621,0.78339
4.3568,0.72776
4.0759,0.74192
3.5418,0.78144
4.3897,0.72032
4.3299,0.72336
4.2968,0.724
4.2016,0.73261
3.7857,0.7602
3.9167,0.7469
3.9879,0.74404
3.8916,0.75115
3.4573,0.78692
3.6067,0.77175
3.9839,0.73631
3.623,0.76657
3.5917,0.76864
4.1506,0.7333
3.7832,0.76109
3.5626,0.78124
3.6436,0.77882
4.1004,0.74501
3.8224,0.75773
3.8705,0.75094
3.926,0.74603
3.7569,0.76623
4.0987,0.73732
3.9982,0.74178
3.6672,0.76577
3.7204,0.76204
3.6981,0.76553
3.7991,0.76156
3.6094,0.77818
4.8375,0.70259
4.5575,0.7081
4.2288,0.72657
4.0362,0.73729
4.5274,0.712
4.5342,0.71586
4.3625,0.72826
3.679,0.77032
4.3726,0.72256
4.3298,0.72197
3.971,0.74071
4.1525,0.73095
4.1879,0.73471
3.5255,0.78877
3.9571,0.74894
3.7286,0.76045
3.4385,0.77634
3.8177,0.75156
3.7855,0.75502
3.7623,0.76328
4.2162,0.73095
3.778,0.76159
3.7847,0.75814
3.9556,0.7484
4.2707,0.73286
3.94,0.75697
3.8559,0.75663
4.0113,0.74234
3.9368,0.74874
4.2683,0.7246
4.22,0.72717
3.8983,0.74913
3.8753,0.74898
3.838,0.7537
4.0378,0.74013
4.2163,0.72581
4.0946,0.73201
4.2301,0.72826
4.1414,0.73373
4.0748,0.73912
3.8126,0.7643
3.9754,0.747
3.954,0.74147
3.8528,0.74863
3.9214,0.74479
4.1422,0.72901
3.7867,0.76061
3.6658,0.76829
3.6268,0.76935
3.5361,0.77958
3.7429,0.75837
3.9417,0.74321
3.8721,0.75094
3.8101,0.75674
4.0914,0.73823
3.6064,0.7724
3.9531,0.74667
3.6729,0.76518
3.8992,0.74731
4.2417,0.72576
4.1221,0.73783
4.0636,0.74331
3.7104,0.76262
3.8063,0.75385
3.5677,0.77208
3.6981,0.76394
3.9585,0.74387
4.128,0.73574
3.7695,0.76176
4.3249,0.72389
4.0231,0.73832
4.1997,0.72805
4.0342,0.7498
3.9011,0.75322
4.0164,0.74412
4.1283,0.73366
3.9298,0.74263
4.0484,0.74286
3.7268,0.76236
3.6632,0.76727
4.048,0.73638
3.9246,0.74351
3.8257,0.74985
3.7845,0.75101
3.9212,0.74743
3.9316,0.74891
3.7343,0.76591
3.8654,0.75633
3.9503,0.74342
3.874,0.7475
3.8405,0.74766
4.099,0.72898
4.268,0.72141
3.9805,0.74146
3.7866,0.76023
3.5036,0.78257
3.8008,0.75709
3.8423,0.75325
3.9714,0.74242
4.0767,0.73473
3.9645,0.74647
4.2334,0.72671
3.8229,0.75759
3.5441,0.78216
4.1081,0.73816
3.9822,0.73997
4.1634,0.73063
3.5197,0.77977
4.6929,0.70344
3.7709,0.75592
3.7718,0.75333
3.9439,0.74473
4.3082,0.7287
4.0309,0.7434
3.961,0.74664
4.3271,0.73133
3.7303,0.76091
4.3845,0.71971
3.7992,0.75893
3.6461,0.76377
3.8063,0.75161
5.9663,0.64428
4.023,0.75265
5.8575,0.65168
4.2451,0.72964
3.9982,0.74645
4.8556,0.6982
3.8207,0.75065
4.3567,0.72104
4.3771,0.72413
4.1297,0.74283
3.5479,0.77802
3.8042,0.75628
4.2383,0.73149
3.4822,0.78193
3.4951,0.78247
3.7929,0.75261
3.8075,0.75281
3.7526,0.7573
4.2309,0.73054
3.8233,0.75627
4.0365,0.73782
4.322,0.72167
3.5896,0.78117
4.4665,0.72417
3.7603,0.75695
3.9526,0.7443
4.2391,0.73244
3.9541,0.74805
4.3272,0.72093
4.1949,0.72999
4.0252,0.7442
4.126,0.73478
3.8676,0.74575
4.0852,0.73786
3.4904,0.78044
3.8351,0.75225
3.8277,0.755
3.7445,0.76027
3.9892,0.74027
4.0162,0.73899
3.7146,0.76387
3.9938,0.74142
4.0462,0.73409
3.6034,0.77499
3.9327,0.74467
3.8282,0.75216
4.0195,0.73869
4.2178,0.72593
4.0593,0.7362
4.5072,0.71424
3.8811,0.75469
3.916,0.74953
3.991,0.74393
3.9177,0.74299
3.8632,0.74881
3.9041,0.74554
3.6548,0.77103
4.5483,0.71251
3.6638,0.76219
3.9363,0.74565
3.7862,0.75729
3.7954,0.75765
3.612,0.77139
3.8451,0.75232
3.6206,0.76256
3.5114,0.77135
3.8874,0.74639
3.8568,0.74777
3.4368,0.78986
3.6376,0.76415
6.2341,0.63564
3.6733,0.77052
4.2956,0.72835
4.2081,0.72958
4.0684,0.73874
3.8935,0.75564
4.1045,0.74305
4.0601,0.74537
3.9951,0.74861
3.8203,0.75781
4.3522,0.7229
3.5339,0.77444
4.1806,0.72758
4.005,0.7425
3.6669,0.76375
3.8161,0.7528
4.1592,0.7356
3.5346,0.78233
4.1682,0.73835
3.8135,0.75565
3.8369,0.7525
3.7287,0.76328
4.1537,0.72817
4.2839,0.71888
3.9773,0.74545
5.6282,0.66283
5.9298,0.64536
5.9014,0.64793
3.8351,0.76248
4.2885,0.72921
4.1742,0.73295
4.3502,0.72238
4.5421,0.71018
4.5128,0.71182
4.2545,0.73086
4.2898,0.72532
3.6381,0.76409
3.7861,0.75376
3.9611,0.74062
4.0732,0.73104
3.7747,0.76049
3.8662,0.75235
4.3945,0.72073
3.7491,0.75658
3.6041,0.76958
3.8357,0.75338
4.1033,0.73314
4.0222,0.74399
5.8176,0.65551
5.8722,0.65152
4.1487,0.73398
3.8695,0.75842
4.1336,0.7329
4.2381,0.72676
4.0162,0.74102
3.9017,0.75148
4.0481,0.74365
4.1805,0.73161
3.6107,0.78741
3.8433,0.75875
3.9706,0.75227
3.6821,0.76487
3.5694,0.77865
3.8839,0.76204
4.1964,0.73098
4.0738,0.7436
3.9598,0.74746
3.6099,0.77442
4.1335,0.73428
3.8487,0.75583
3.7167,0.76702
3.7894,0.76295
4.5303,0.71068
4.1248,0.73626
3.4072,0.79448
3.8248,0.76291
4.4967,0.71453
4.4808,0.71887
3.7167,0.77059
3.9649,0.75465
3.9703,0.75415
4.09,0.74461
4.0159,0.75128
3.9617,0.75254
3.9234,0.75568
3.8507,0.75882
3.9914,0.74771
4.1899,0.73755
4.3442,0.72208
3.8293,0.76038
3.8029,0.76184
3.8119,0.76142
3.881,0.75552
3.7191,0.76955
3.6917,0.77322
4.4152,0.7257
3.7986,0.76118
3.2794,0.81206
3.8071,0.76653
3.6852,0.77414
3.6622,0.77681
3.581,0.78367
3.8692,0.75989
3.8546,0.75952
3.813,0.76732
3.7605,0.76948
3.9259,0.75819
3.9505,0.75715
3.9952,0.75482
4.0422,0.74778
4.1862,0.73999
4.4393,0.72126
4.1398,0.73813
4.0996,0.74394
4.3683,0.72818
4.6373,0.71362
4.1136,0.75674
3.9805,0.754
4.2379,0.73921
4.3637,0.73301
3.4583,0.79445
4.0027,0.74914
4.044,0.7493
3.7972,0.77312
4.0659,0.75061
4.3148,0.73716
3.7977,0.77112
3.7939,0.76904
4.1843,0.74
4.6367,0.71535
4.3759,0.73531
4.0509,0.75408
5.1478,0.69256
4.7281,0.71676
4.4476,0.73358
4.3597,0.7396
4.5614,0.72478
4.013,0.75651
4.3153,0.74154
4.432,0.72532
4.9029,0.7024
4.0945,0.75759
4.3733,0.73818
4.6572,0.71828
4.3137,0.73859
4.0769,0.75701
4.1388,0.74984
4.8474,0.7033
4.4106,0.73082
4.0647,0.75561
4.3171,0.73901
4.682,0.71506
4.9832,0.69871
4.2407,0.74925
4.8492,0.70735
4.6615,0.71371
4.3036,0.74299
4.2519,0.74055
4.3671,0.73499
4.4029,0.73297
4.177,0.74962
4.0877,0.75521
4.0734,0.75304
4.3568,0.74198
4.5181,0.73519
4.1845,0.75481
4.7752,0.71087
4.7728,0.71123
4.3013,0.74489
4.8165,0.71416
4.5097,0.72704
4.6757,0.72409
4.3872,0.73686
4.1886,0.7538
4.0611,0.76298
4.4252,0.73648
4.8985,0.71044
5.1386,0.69468
4.5526,0.72604
4.9286,0.70363
4.9012,0.70316
5.0162,0.69603
4.911,0.70627
4.7538,0.71705
5.5649,0.68075
4.6757,0.722
4.6033,0.72695
5.0349,0.69875
5.0995,0.69382
4.9978,0.69997
5.1937,0.68728
5.3686,0.68121
4.8582,0.70758
4.7781,0.71529
4.9654,0.70439
4.6664,0.71924
4.7353,0.71605
4.7183,0.71577
4.6585,0.71712
4.8044,0.70934
5.1001,0.69125
5.2125,0.68521
5.0306,0.69978
5.1561,0.69293
5.1708,0.69109
4.8329,0.71256
4.8776,0.71121
4.943,0.71049
5.0147,0.70039
4.9562,0.70453
4.9898,0.70321
5.6098,0.67008
5.5293,0.67415
5.295,0.68503
5.3036,0.6842
5.1639,0.68879
5.2087,0.68743
5.0594,0.69677
5.1829,0.69052
5.2864,0.68916
5.209,0.69384
5.3758,0.68468
5.4352,0.68565
5.865,0.66105
5.5716,0.67532
5.8732,0.66149
5.9455,0.65719
5.2621,0.68936
5.5919,0.67348
5.7246,0.6692
5.8671,0.66364
5.9066,0.66131
5.861,0.66943
5.3545,0.68543
5.8298,0.6631
5.8404,0.66157
5.6947,0.6688
5.8876,0.66037
5.8203,0.66395
6.1691,0.65227
5.554,0.67889
5.9831,0.66065
5.7776,0.66824
5.8024,0.66775
6.0689,0.65605
5.9337,0.66321
5.9629,0.6599
6.0774,0.65429
5.5764,0.67528
5.8377,0.66459
5.568,0.6754
6.1802,0.65045
5.3418,0.68716
5.6416,0.67406
5.595,0.67675
5.6521,0.67376
5.6082,0.67413
5.8002,0.67016
5.7185,0.67297
5.9299,0.66585
5.8629,0.66898
5.7569,0.6718
5.8814,0.66361
5.8459,0.66886
5.6143,0.67526
5.9229,0.66084
6.0553,0.65715
5.9198,0.66473
5.9847,0.66033
5.7646,0.66795
5.799,0.6679
5.8872,0.66254
6.0539,0.65637
6.2294,0.65299
6.2006,0.65154
6.3913,0.64279
6.4466,0.64674
6.0735,0.6563
6.5549,0.63987
5.7895,0.67094
5.8977,0.66638
6.6879,0.63493
6.6263,0.63788
5.9009,0.66485
6.0538,0.66178
6.8809,0.62936
6.1036,0.65808
6.896,0.63118
6.3445,0.64932
6.3926,0.64647
6.7949,0.63306
6.3717,0.64563
6.538,0.64214
6.1575,0.65544
6.1998,0.65173
6.0833,0.65794
6.9173,0.62899
6.0676,0.66146
7.1024,0.62466
6.5109,0.64577
6.3938,0.65097
6.4697,0.64948
6.3556,0.65234
6.3838,0.64964
6.4934,0.6429
6.4635,0.64844
6.7542,0.63693
7.5887,0.60784
7.668,0.60492
6.5571,0.64353
6.6816,0.64052
6.6728,0.64035
6.8453,0.63697
6.7961,0.63825
6.8588,0.63409
6.921,0.63002
6.9801,0.62739
6.7728,0.63488
7.1967,0.62224
6.6567,0.63971
6.8402,0.63239
6.8803,0.631
7.1228,0.62479
7.5425,0.60873
6.9662,0.63216
6.8503,0.6376
6.6357,0.64463
6.9566,0.63274
6.6759,0.64237
6.6557,0.64282
6.8569,0.63468
6.7433,0.63954
6.8078,0.63775
6.7322,0.63929
6.7967,0.63749
6.6448,0.64406
7.0911,0.62699
6.807,0.63672
6.9524,0.63147
6.8685,0.63527
6.8611,0.63538
7.0219,0.62867
7.2307,0.62198
7.3254,0.61847
7.1464,0.62563
7.2436,0.62295
7.2105,0.62512
7.2018,0.62511
7.224,0.62604
7.2529,0.62356
7.0832,0.62992
7.0968,0.63027
7.1904,0.6264
7.6647,0.61215
7.027,0.63373
7.0757,0.63104
6.9607,0.63613
7.0534,0.6332
7.1407,0.63051
7.2596,0.62506
7.6148,0.61195
7.6564,0.61077
7.0631,0.63127
6.9942,0.63211
6.9581,0.63555
7.1959,0.62827
7.6873,0.61232
7.0905,0.63094
7.5745,0.61762
7.1203,0.63054
6.9096,0.63744
7.0848,0.63253
7.3956,0.6223
7.253,0.62633
7.3245,0.62395
7.5704,0.6162
7.1658,0.62952
7.122,0.63167
7.844,0.6086
7.2851,0.62599
7.3517,0.62279
7.6507,0.61273
7.65,0.6141
7.5498,0.61824
7.795,0.61281
7.4749,0.62215
7.1806,0.63212
7.2698,0.62915
7.7632,0.6148
7.3244,0.62622
7.3041,0.62806
7.502,0.62195
7.6892,0.61487
7.7358,0.61307
7.641,0.61748
7.6923,0.6155
8.0683,0.60437
8.1855,0.5939
7.7411,0.616
7.9144,0.60882
7.8365,0.61184
8.1329,0.60215
7.9012,0.60806
7.7055,0.61496
7.7535,0.61305
7.6121,0.61863
7.869,0.61095
7.7028,0.61718
7.5297,0.62243
7.6403,0.61975
7.5629,0.62188
7.3434,0.6307
7.5764,0.62149
7.37,0.62734
7.3867,0.62598
7.7451,0.61442
7.6504,0.61832
7.9359,0.60982
7.716,0.61884
7.7653,0.61697
7.5729,0.62573
7.4853,0.62725
7.4045,0.62969
7.3668,0.63322
7.569,0.62563
7.8388,0.61822
7.7446,0.61917
7.5485,0.62593
7.4612,0.62918
7.5937,0.62433
7.8461,0.61738
7.8315,0.61782
7.7042,0.62267
7.5164,0.62878
7.7599,0.62069
7.569,0.62684
7.797,0.61946
7.8288,0.61887
7.6324,0.62671
7.9294,0.61616
7.8629,0.6171
7.575,0.62852
7.8211,0.62002
8.0832,0.6099
7.784,0.62151
8.1486,0.60991
7.9454,0.61618
7.6483,0.62544
8.184,0.60796
8.0739,0.61104
7.7506,0.62137
7.9084,0.61742
8.482,0.59923
8.2326,0.60629
7.9829,0.616
7.9095,0.61747
8.7636,0.59258
8.2107,0.60792
7.6034,0.62901
8.0143,0.61507
8.1908,0.60807
8.76,0.59156
7.8347,0.6202
8.2889,0.60541
8.6034,0.59506
8.1979,0.61117
8.3057,0.60752
8.3092,0.60719
8.0745,0.61652
8.2781,0.61025
8.1196,0.61359
8.2145,0.61061
8.283,0.60857
8.3619,0.60549
8.2983,0.60673
8.1323,0.61179
8.2937,0.60865
8.5489,0.60168
8.1148,0.61535
8.3954,0.60687
8.9647,0.59169
9.1305,0.58823
8.5973,0.60243
8.3709,0.60888
8.4037,0.6077
8.397,0.60928
8.135,0.61623
8.0498,0.61887
8.0698,0.61697
8.3047,0.61035
8.4602,0.60417
8.4914,0.60525
8.5593,0.60338
8.5176,0.60524
8.6575,0.60045
8.4449,0.60793
8.3163,0.61246
8.5433,0.60416
8.2439,0.61364
8.6178,0.60218
8.821,0.59691
8.5488,0.60476
8.553,0.60508
8.1531,0.61647
8.7017,0.59967
8.8072,0.59611
8.7897,0.59774
8.9017,0.59502
8.9898,0.59291
8.6885,0.6004
8.2811,0.61228
8.4115,0.60773
8.2767,0.6128
8.5804,0.60457
8.7088,0.59961
8.7868,0.59815
8.6067,0.60619
8.6992,0.60262
8.4987,0.60726
8.4864,0.60875
8.7311,0.60286
9.1863,0.58844
8.8436,0.59848
8.8182,0.6009
8.8878,0.60007
8.8277,0.60053
8.4375,0.61178
8.5005,0.60976
7.9373,0.62671
8.2744,0.61503
8.4585,0.60988
8.6788,0.60545
8.5767,0.60627
8.6818,0.60282
8.4499,0.61264
8.4285,0.61303
8.4507,0.61166
8.6412,0.60559
8.4886,0.6123
8.6368,0.60826
9.4867,0.58449
9.3728,0.58785
9.1303,0.59511
9.4411,0.58618
9.1156,0.59275
8.9009,0.60084
8.8572,0.60113
9.3184,0.58805
9.258,0.59031
9.1906,0.59317
9.2817,0.58993
9.0376,0.59724
8.8245,0.60286
8.8883,0.60064
9.3343,0.58952
9.1446,0.59416
9.2898,0.58993
9.4776,0.58596
9.2281,0.59231
9.2275,0.59377
9.1959,0.59399
9.2858,0.59192
9.2438,0.59192
9.2429,0.59289
8.5505,0.61267
9.0632,0.59759
9.2223,0.59177
9.243,0.59141
8.8581,0.60346
8.8904,0.60293
9.048,0.59809
9.099,0.59719
8.8215,0.60588
8.8946,0.60328
9.2961,0.59132
9.132,0.59861
9.4729,0.58855
9.0888,0.59802
9.292,0.59172
9.3422,0.59072
9.6864,0.58216
9.3391,0.58981
9.7654,0.57954
9.491,0.58748
9.6442,0.5848
9.5037,0.58852
9.7059,0.58355
9.5399,0.58826
9.1133,0.60232
9.1761,0.59895
8.6493,0.61208
9.0859,0.60096
9.9528,0.5782
9.6662,0.58415
9.3442,0.59283
9.5494,0.58677
9.5677,0.58794
9.0421,0.60319
9.3082,0.59497
9.3581,0.59394
9.3224,0.5962
9.0417,0.60365
9.4937,0.59069
9.1639,0.59882
9.6038,0.58716
9.2245,0.5951
9.5182,0.58738
9.8073,0.58085
9.8157,0.58108
9.3403,0.59419
9.8448,0.58268
9.4195,0.59339
9.2674,0.59732
9.0004,0.60468
9.4823,0.59123
9.6111,0.58683
9.6568,0.58655
9.3729,0.59332
9.6695,0.58559
9.2765,0.59684
9.1755,0.59951
9.144,0.60042
9.317,0.59618
9.5476,0.59078
8.5369,0.61966
8.6507,0.61715
8.8676,0.6115
9.0564,0.6064
8.9942,0.60684
8.9597,0.60806
9.3992,0.59531
9.251,0.59967
8.8497,0.6096
8.5667,0.61949
9.8234,0.58415
8.5896,0.61866
9.3628,0.59636
9.7863,0.58632
9.3551,0.597
9.4102,0.59573
9.3581,0.59738
9.2113,0.60085
9.299,0.59779
9.3801,0.59666
9.5414,0.59327
9.605,0.59044
9.5884,0.59074
9.5349,0.59378
8.8808,0.61102
8.9352,0.60921
9.2297,0.60156
9.3578,0.5993
9.3759,0.59813
9.3109,0.60028
9.4006,0.5967
9.246,0.60046
9.2322,0.60069
9.5501,0.59283
9.6816,0.58838
9.4238,0.59313
9.1871,0.60203
9.0128,0.60697
8.8892,0.6116
8.7967,0.61592
9.01,0.60909
8.9015,0.61019
9.3458,0.59849
9.3853,0.59775
9.2898,0.59925
9.3654,0.59916
9.0444,0.60752
9.1402,0.6048
8.9698,0.60717
9.1794,0.60175
9.3306,0.59858
8.9974,0.60895
9.0714,0.60716
9.635,0.59206
9.5246,0.59544
8.9406,0.61186
9.3788,0.60164
9.3637,0.6004
9.5998,0.59239
9.3292,0.59979
9.1333,0.60658
9.108,0.60699
9.0277,0.60931
9.5824,0.59408
9.3681,0.59938
9.0377,0.60989
9.1426,0.60785
9.2266,0.60567
8.925,0.61324
9.4721,0.59802
9.6263,0.59527
9.1832,0.60602
9.7851,0.59166
9.732,0.59111
9.2764,0.60512
9.7258,0.59146
9.9057,0.58846
9.8864,0.58805
9.8965,0.58861
10.033,0.58384
9.3371,0.60183
10.366,0.57753
9.196,0.60784
9.9454,0.58594
9.0052,0.60927
9.8104,0.58861
10.053,0.58302
9.7765,0.58913
9.0476,0.60825
9.8628,0.58674
8.8595,0.61698
9.6427,0.59304
9.6297,0.5929
9.6219,0.59351
9.6128,0.59407
9.4961,0.59857
9.0321,0.61233
9.1545,0.60993
9.1188,0.61208
12.215,0.53607
11.606,0.54924
9.8356,0.59054
9.2569,0.60574
9.105,0.60906
9.4316,0.60058
9.2223,0.60722
9.7171,0.59321
9.2045,0.60582
9.1404,0.60983
9.0501,0.61458
9.2508,0.60852
9.2261,0.60865
9.3524,0.60539
9.1037,0.61322
9.0734,0.61317
9.6496,0.59725
9.5211,0.59973
9.3673,0.60412
9.366,0.60345
9.9392,0.58886
9.0565,0.61352
9.9712,0.58945
9.8637,0.59294
9.8844,0.59154
9.189,0.61119
9.4394,0.60356
9.5301,0.60034
9.6507,0.59793
9.5074,0.60283
9.4815,0.60053
9.3418,0.60456
9.6793,0.5956
8.599,0.6244
9.6424,0.59796
9.5588,0.60081
9.6001,0.59975
9.3451,0.60694
9.3065,0.60729
9.6433,0.59992
9.4696,0.6038
9.6151,0.59979
9.3965,0.60534
9.763,0.59507
9.7953,0.59379
10.03,0.58921
9.9274,0.59323
9.7349,0.59871
9.5103,0.60406
9.7933,0.59606
9.6921,0.59744
9.9479,0.5904
9.6605,0.59981
9.9413,0.59226
10.025,0.59051
10.406,0.58066
9.4653,0.60587
10.13,0.58727
9.8695,0.59208
9.6825,0.59903
10.101,0.58925
10.102,0.58788
9.9205,0.59314
9.6294,0.60058
9.7703,0.59537
10.208,0.57868
9.2918,0.61092
11.51,0.54133
9.7132,0.59981
9.8531,0.59562
10.326,0.58366
9.7923,0.59841
10.176,0.58519
10.872,0.5616
10.326,0.58506
9.5215,0.60625
9.3527,0.61108
9.2279,0.6151
9.5663,0.60469
9.6447,0.60345
9.6986,0.60098
9.9813,0.59404
9.8552,0.59669
9.8808,0.59571
9.8498,0.59718
9.9092,0.59287
9.6123,0.60469
9.7724,0.598
9.5556,0.60375
9.8917,0.59176
9.5945,0.60572
9.522,0.60618
9.4454,0.60892
9.4743,0.60989
10.29,0.58047
9.5388,0.60756
10.451,0.57399
9.7671,0.60085
10.096,0.59021
9.84,0.59856
9.9937,0.5953
9.88,0.59796
9.9032,0.59587
9.725,0.59968
9.6923,0.60274
