15.955,0.48209
26.024,0.27905
21.269,0.36571
24.949,0.29802
20.115,0.38673
21.472,0.36205
19.991,0.38716
19.584,0.3979
18.723,0.41455
22.876,0.33627
22.168,0.35118
23.892,0.31933
21.64,0.35912
21.539,0.3616
22.492,0.34204
23.259,0.32944
22.652,0.3399
23.542,0.3246
22.701,0.33715
24.707,0.30249
22.838,0.33729
24.633,0.30747
24.447,0.30624
24.709,0.30576
19.938,0.36596
25.422,0.29162
24.649,0.30523
23.491,0.3235
23.305,0.32448
23.571,0.32167
18.708,0.41848
20.958,0.37007
20.763,0.37893
21.048,0.37013
23.688,0.31834
18.606,0.42386
19.441,0.40086
22.882,0.3326
21.356,0.3632
23.369,0.3283
20.992,0.3737
21.11,0.3696
21.684,0.36013
18.001,0.43944
23.42,0.32571
19.061,0.41021
20.179,0.38321
22.247,0.34839
24.317,0.30677
22.703,0.3378
20.002,0.39141
22.415,0.33831
22.034,0.35536
21.972,0.35243
21.244,0.36392
21.019,0.37396
16.561,0.47339
17.267,0.45576
22.001,0.35589
20,0.39379
12.01,0.60053
14.386,0.53171
17.711,0.4469
14.911,0.514
20.613,0.38103
17.647,0.44628
19.191,0.41301
17.179,0.45715
16.372,0.47741
15.54,0.4971
15.121,0.50897
17.191,0.45696
15.798,0.49137
17.681,0.443
19.769,0.39823
20.586,0.38337
16.023,0.48866
17.189,0.46026
17.125,0.46005
16.744,0.47368
18.269,0.43037
15.362,0.50154
14.568,0.527
14.504,0.52911
14.343,0.52835
11.78,0.60187
14.783,0.51367
16.728,0.46611
13.01,0.56717
14.951,0.51929
14.305,0.53321
15.087,0.51178
19.721,0.40182
14.138,0.53873
18.21,0.43933
17.633,0.45311
16.579,0.46985
11.255,0.57408
13.534,0.54892
15.127,0.50837
13.713,0.54782
12.602,0.57931
13.059,0.56167
13.598,0.5485
13.962,0.54
14.172,0.53671
16.742,0.4683
15.136,0.51149
15.05,0.51444
9.5235,0.64533
12.478,0.58452
14.371,0.53117
8.1836,0.69692
16.939,0.46244
13.928,0.53916
13.259,0.55661
15.236,0.50547
14.945,0.52179
15.733,0.49491
16.057,0.48435
17.559,0.45049
16.982,0.45884
14.303,0.53039
14.944,0.50794
14.006,0.53793
17.093,0.45883
15.431,0.49873
17.283,0.45188
16.24,0.48252
17.653,0.45087
17.268,0.45783
16.866,0.46772
15.498,0.49299
15.543,0.48893
10.394,0.5952
17.462,0.4457
17.964,0.43588
18.835,0.42088
16.16,0.48414
17.643,0.44829
18.324,0.43309
18.751,0.42348
18.171,0.43359
18.698,0.42002
19.473,0.41263
17.412,0.45507
19.791,0.40163
21.076,0.37147
20.526,0.38267
21.688,0.36147
21.621,0.36311
20.909,0.37645
19.872,0.39675
15.23,0.50085
18.095,0.43256
18.339,0.42603
22.284,0.35974
21.919,0.36378
22.289,0.3487
16.629,0.46853
21.547,0.36689
18.7,0.42518
15.913,0.49215
15.748,0.49704
14.628,0.51079
15.989,0.4752
17.864,0.44279
18.342,0.41845
23.002,0.32958
22.889,0.33053
20.348,0.36348
18.467,0.40741
19.338,0.38451
15.577,0.48535
18.167,0.41081
16.2,0.45548
17.465,0.42431
15.932,0.46535
16.771,0.43977
16.127,0.45333
21.084,0.3549
20.914,0.35757
20.832,0.35768
20.038,0.37075
19.814,0.37538
20.241,0.36441
12.889,0.53189
18.03,0.40017
18.072,0.39708
12.786,0.48402
15.581,0.46671
13.047,0.47419
14.253,0.48975
15.132,0.46547
13.959,0.49791
15.135,0.46591
12.499,0.54054
10.871,0.59521
13.232,0.5144
12.375,0.54142
11.2,0.57881
16.609,0.43161
12.031,0.55251
10.603,0.59023
13.393,0.51191
16.936,0.41968
16.279,0.43369
16.097,0.43312
16.211,0.42969
15.878,0.43693
12.981,0.5146
11.406,0.56007
12.627,0.52467
12.076,0.54339
12.498,0.51664
14.494,0.46884
11.391,0.55207
11.467,0.54781
13.89,0.48271
10.392,0.59149
8.5427,0.65029
10.424,0.58741
7.9212,0.6693
9.4127,0.62544
10.875,0.58325
11.242,0.57923
6.2817,0.72917
9.1992,0.6314
9.3367,0.63019
9.5015,0.62091
10.673,0.57346
10.258,0.59901
11.64,0.54849
10.067,0.60351
10.928,0.57435
11.934,0.53789
7.1994,0.70902
9.8879,0.60635
10.243,0.59361
9.4753,0.6287
11.51,0.55146
12.028,0.55101
10.448,0.57634
11.31,0.57226
9.6646,0.6279
9.7725,0.6228
9.5106,0.63297
11.122,0.57458
11.41,0.56738
11.621,0.56151
10.911,0.58284
10.487,0.58095
13.966,0.49492
12.476,0.53633
8.225,0.66879
7.7858,0.68608
7.6116,0.69659
7.5933,0.69579
9.0814,0.64942
8.8948,0.65055
6.575,0.72551
10.056,0.61078
9.6654,0.62356
9.226,0.64161
7.0262,0.71266
9.497,0.63153
9.9015,0.62016
7.0305,0.71098
9.8415,0.62358
9.4283,0.63297
9.0684,0.64372
10.011,0.61577
9.7127,0.62668
10.093,0.61431
7.7914,0.68768
7.6502,0.68905
10.585,0.59062
8.8545,0.6503
9.2217,0.64277
10.827,0.58417
9.2226,0.64138
9.3011,0.64023
9.3226,0.63617
10.03,0.60734
9.2099,0.6388
9.6969,0.62133
9.1537,0.63658
10.066,0.60197
8.0485,0.67491
8.8576,0.65052
9.4146,0.62655
9.5403,0.62242
8.664,0.65779
9.0499,0.64258
9.0004,0.64443
11.674,0.54596
8.7166,0.65478
9.1312,0.64123
12.652,0.52137
12.428,0.52444
12.487,0.52407
13.847,0.48583
10.559,0.57313
12.862,0.50078
15.251,0.4478
9.2482,0.61909
9.7674,0.60395
8.8742,0.63531
9.6033,0.60393
8.1469,0.65605
12.318,0.51225
10.775,0.57079
12.225,0.52432
12.011,0.5348
12.186,0.52722
11.491,0.52941
12.512,0.49809
13.111,0.48212
13.646,0.48168
13.079,0.50483
11.219,0.55772
14.491,0.45174
11.538,0.54649
9.1451,0.61397
15.376,0.44164
13.604,0.48779
12.892,0.51066
14.29,0.469
14.09,0.47411
13.467,0.49449
13.92,0.47807
11.942,0.51352
13.904,0.48487
10.772,0.5519
11.765,0.54189
9.5137,0.59761
15.174,0.44665
13.964,0.46981
7.4691,0.65249
6.5307,0.70008
13.778,0.48486
11.64,0.53652
10.08,0.59047
7.3297,0.67049
8.7407,0.60903
5.2492,0.77383
8.6987,0.62972
7.7824,0.66869
9.8919,0.59089
10.026,0.58843
8.3799,0.6536
8.0213,0.65318
8.0169,0.66189
8.2219,0.65804
8.2376,0.65442
8.7336,0.63755
9.9574,0.58972
9.6059,0.60334
6.6791,0.70164
9.7253,0.59607
11.404,0.53343
7.9986,0.62956
8.6008,0.64241
10.944,0.54963
11.695,0.52983
8.8719,0.62411
8.5924,0.64452
7.9208,0.67642
8.3171,0.65594
7.4234,0.69314
10.292,0.58107
7.1546,0.70354
9.3283,0.629
6.0886,0.72833
8.6471,0.64818
9.4527,0.60887
10.788,0.55784
10.466,0.57667
7.7976,0.67545
9.2903,0.6095
7.6027,0.68075
8.2203,0.64748
9.5762,0.59791
7.6923,0.67956
9.2793,0.61877
8.6196,0.6429
7.0418,0.71011
6.2177,0.74069
8.3975,0.64836
4.7947,0.80708
6.7352,0.71744
7.5522,0.68896
6.8436,0.71361
7.528,0.69018
6.9259,0.71171
8.8305,0.64221
7.7308,0.68077
7.4287,0.69239
8.4873,0.6482
7.929,0.66984
7.1543,0.7048
7.8666,0.6747
7.7281,0.68342
8.1833,0.67005
5.1224,0.78146
8.3621,0.66213
8.7806,0.64347
8.8529,0.64067
9.8711,0.59454
4.6564,0.81124
5.048,0.78442
7.4666,0.69383
7.3164,0.69697
9.0204,0.64286
8.3551,0.66433
8.6514,0.65626
7.584,0.68461
8.5321,0.65761
7.6022,0.68583
8.6418,0.65242
7.5127,0.68609
7.1513,0.70597
11.499,0.53435
8.4868,0.64642
7.2889,0.69865
9.4601,0.60755
9.0094,0.63352
13.796,0.47892
8.57,0.65129
7.2094,0.70363
7.4536,0.69179
8.0036,0.66797
10.709,0.56008
11.402,0.53743
11.286,0.55159
11.39,0.54982
10.551,0.57583
9.4456,0.61096
7.1294,0.70174
8.1148,0.65946
12.885,0.49872
7.3011,0.69593
9.2635,0.61764
8.6672,0.63903
12.903,0.50114
11.54,0.54019
7.6193,0.67886
14.907,0.43863
10.1,0.5721
9.064,0.63144
14.015,0.46873
8.8948,0.62397
11.873,0.51748
12.382,0.49687
13.396,0.47301
12.548,0.50924
9.4339,0.60281
11.858,0.52268
10.758,0.55813
11.208,0.54006
11.945,0.52358
10.683,0.55801
8.6559,0.63385
8.9124,0.62711
8.3753,0.64186
11.142,0.54598
9.3628,0.60136
10.602,0.57036
12.977,0.48305
11.488,0.53522
11.743,0.52571
12.76,0.50159
9.1691,0.6161
12.549,0.49251
10.756,0.55657
11.448,0.53401
8.1452,0.6478
10.843,0.54563
7.9973,0.65524
7.9917,0.65355
13.485,0.4786
8.3819,0.65443
10.762,0.56439
9.9184,0.59812
11.296,0.53722
12.395,0.51168
9.5843,0.57384
8.8044,0.62289
8.6382,0.63155
9.8292,0.59033
9.185,0.60778
7.5463,0.64965
11.099,0.54122
8.8071,0.62631
8.3206,0.64105
6.6462,0.71933
10.293,0.57555
4.9572,0.79306
8.4643,0.64202
7.2785,0.69048
9.0631,0.61147
10.089,0.57963
9.5215,0.59481
8.9362,0.61605
8.2919,0.64909
8.3271,0.6609
9.3287,0.61111
7.7234,0.68166
10.132,0.59085
8.4402,0.64483
8.3338,0.64135
9.4523,0.61311
7.1656,0.69286
7.8117,0.666
8.9798,0.61214
7.1302,0.69473
9.386,0.59855
11.2,0.53189
10.851,0.54228
7.6064,0.67724
10.842,0.5451
8.4252,0.63511
8.6639,0.63175
8.5669,0.63421
11.096,0.54873
7.6711,0.68278
8.7031,0.63085
8.7171,0.63634
7.4149,0.69095
7.1228,0.70135
7.1451,0.70117
8.2297,0.65198
7.0636,0.70601
7.2525,0.69592
7.5436,0.68892
7.6583,0.6845
8.3552,0.66217
8.4647,0.6567
8.1177,0.66764
7.5806,0.6834
7.6892,0.67734
8.3314,0.65018
7.053,0.69819
8.1134,0.66966
9.2411,0.61479
8.3913,0.64897
7.9321,0.67577
9.2132,0.61915
7.4294,0.69242
7.9254,0.67781
8.0035,0.66614
7.8713,0.67996
8.2577,0.65984
7.959,0.66973
9.285,0.62225
7.8777,0.67857
7.9048,0.67913
9.7877,0.60193
8.1106,0.66951
9.6753,0.60694
7.9259,0.67736
8.3461,0.6567
9.719,0.60281
8.1326,0.67021
9.0283,0.6285
7.8614,0.67176
8.8775,0.64132
10.668,0.57262
10.801,0.56966
8.4247,0.6629
8.2986,0.6648
8.8779,0.64024
9.2348,0.63114
9.9563,0.58311
8.9324,0.63854
11.147,0.53938
8.0296,0.67037
9.9957,0.59515
9.0352,0.62652
9.7333,0.58188
9.5706,0.60679
7.7502,0.68194
9.8057,0.59762
8.7987,0.63667
9.96,0.58199
9.9513,0.59121
12.591,0.50968
9.4185,0.61879
10.625,0.56468
10.587,0.56851
12.444,0.5054
13.041,0.48609
12.094,0.51046
11.792,0.52746
11.114,0.54189
10.896,0.55309
11.29,0.54912
12.207,0.52102
11.721,0.53213
11.808,0.52678
12.48,0.49025
11.87,0.50905
12.252,0.49843
12.542,0.50836
11.703,0.52469
10.303,0.58278
10.596,0.55537
6.8714,0.68019
11.125,0.53325
9.9185,0.57524
9.8051,0.57991
10.368,0.56177
9.5301,0.5969
12.097,0.51123
13.344,0.47607
9.6106,0.57072
12.803,0.48987
13.466,0.47501
13.149,0.48182
13.701,0.47362
12.584,0.4969
12.163,0.50643
10.272,0.5718
10.644,0.5535
11.784,0.5119
10.586,0.55661
10.051,0.5827
7.877,0.66403
10.307,0.58036
10.825,0.56227
9.8081,0.59136
10.163,0.57865
9.2135,0.61977
10.191,0.58348
12.659,0.50532
10.126,0.57995
7.2236,0.69684
7.9769,0.66231
7.6616,0.68521
8.0614,0.67052
6.926,0.70881
8.6665,0.63086
8.129,0.65079
7.1291,0.69622
9.7744,0.58399
8.2942,0.6444
7.2998,0.69128
8.4705,0.64047
9.7715,0.59098
8.4674,0.64419
7.3592,0.6941
7.8878,0.66401
10.3,0.5628
7.4692,0.69123
9.2302,0.61572
8.9615,0.62747
7.8935,0.6683
9.6732,0.59917
8.2332,0.65263
6.9944,0.70918
6.5267,0.72857
8.4414,0.6604
8.0062,0.67161
7.0852,0.70396
7.7894,0.68216
8.3964,0.64261
8.1005,0.65016
8.2707,0.64039
9.9668,0.59384
9.2929,0.61988
8.4873,0.63413
8.7742,0.6248
7.1873,0.70264
7.5031,0.69242
6.5714,0.72581
6.7251,0.72137
6.6562,0.72559
7.7983,0.67816
7.2633,0.6938
7.5624,0.69033
7.6261,0.67674
7.9931,0.66938
7.0619,0.70694
6.7254,0.71971
8.2301,0.66858
4.6782,0.81172
4.8617,0.79853
8.4585,0.66095
8.2675,0.66765
6.7967,0.71767
8.4434,0.65991
8.7523,0.64772
8.3006,0.66712
9.0426,0.63592
6.8769,0.71415
8.4674,0.65944
7.0055,0.70759
8.5293,0.65757
6.93,0.70766
8.3273,0.66538
8.3575,0.66426
9.019,0.63732
8.5135,0.65782
9.459,0.62089
9.0429,0.63627
6.7239,0.72084
10.264,0.59071
7.7234,0.66846
8.7604,0.6406
12.091,0.52295
8.0354,0.67673
9.2208,0.63072
8.2391,0.66904
9.4084,0.62031
9.1612,0.62989
9.0257,0.6374
8.0335,0.67536
8.0004,0.67601
10.993,0.55978
8.2874,0.66269
7.5739,0.64336
10.867,0.55091
11.129,0.53712
10.644,0.56979
11.442,0.53624
10.223,0.5759
11.609,0.54466
11.534,0.54228
11.159,0.55752
8.936,0.62434
11.828,0.52041
13.164,0.49622
13.545,0.48568
13.122,0.49879
14.775,0.45034
11.243,0.54651
12.684,0.49622
12.898,0.49582
11.854,0.53007
12.77,0.5021
11.232,0.54247
13.406,0.48541
13.114,0.48189
13.321,0.47898
10.627,0.55732
11.847,0.52877
11.035,0.54074
9.8521,0.58104
8.772,0.62283
10.58,0.55743
10.927,0.55175
10.16,0.5785
11.589,0.53622
10.051,0.58408
10.453,0.56604
8.4977,0.64062
13.044,0.48155
11.959,0.50571
11.721,0.51659
10.44,0.5572
10.723,0.5479
10.735,0.55048
6.9223,0.70516
9.375,0.59313
9.6286,0.58972
11.49,0.52488
9.5994,0.58923
8.4458,0.62475
6.9028,0.67946
7.9636,0.63274
7.4642,0.65221
5.6289,0.74668
6.8163,0.68124
8.777,0.59251
8.2053,0.62057
9.4555,0.59379
10.197,0.56977
7.2737,0.69196
10.304,0.56609
6.9182,0.70989
10.726,0.55311
9.706,0.59804
8.9085,0.60993
8.7969,0.62378
9.7802,0.59448
9.9936,0.58359
8.7275,0.62898
11.179,0.5379
9.8449,0.59977
9.2759,0.61264
12.102,0.52504
8.3269,0.64278
6.6413,0.72237
7.5218,0.67828
7.7505,0.68105
6.6531,0.7238
7.1743,0.70448
7.7513,0.66873
7.084,0.70719
7.0882,0.70635
7.475,0.67878
6.8791,0.71422
7.2595,0.69905
6.8961,0.71337
7.4501,0.67824
7.48,0.68047
8.9206,0.62182
8.106,0.65765
8.1736,0.66876
8.3876,0.65634
8.3304,0.64662
6.9926,0.71131
7.0992,0.70073
7.3015,0.70091
6.7855,0.7196
7.4457,0.68826
6.0137,0.73081
8.6043,0.63897
9.731,0.60609
10.47,0.57634
6.1762,0.74299
8.3102,0.66446
6.9065,0.71632
6.8982,0.71811
8.1793,0.66555
7.866,0.67997
7.2986,0.70138
7.7165,0.6852
6.9305,0.71506
9.0164,0.63277
7.6819,0.68664
6.6424,0.72469
7.3119,0.70031
7.9035,0.67791
7.342,0.69842
7.6621,0.68686
7.5756,0.69053
7.3408,0.69918
7.5959,0.69095
7.846,0.68153
8.0087,0.67475
8.4155,0.66134
8.6208,0.64893
7.6513,0.68747
7.9953,0.6734
7.4969,0.69438
8.7116,0.65472
7.3995,0.69658
8.0489,0.67558
7.8382,0.68326
6.2454,0.74241
7.75,0.68455
4.2282,0.84264
4.4573,0.82661
4.4104,0.83042
5.1086,0.77923
4.3872,0.831
10.218,0.59204
8.6371,0.65159
7.6379,0.67971
7.9513,0.67774
7.2843,0.69313
8.7324,0.6434
6.8832,0.71531
8.1386,0.66952
8.1507,0.66982
7.7194,0.6846
8.8558,0.63604
7.5105,0.69013
10.814,0.56202
8.5396,0.65207
10.883,0.56416
10.135,0.57399
7.8196,0.67747
9.0448,0.62609
8.7069,0.63609
13.705,0.48038
12.595,0.48775
12.075,0.51801
13.289,0.48272
11.434,0.53339
8.0117,0.65068
12.499,0.50161
10.029,0.58107
9.5298,0.58916
11.692,0.51942
11.271,0.54113
11.813,0.52562
9.6181,0.59291
9.7007,0.59398
9.6748,0.59885
8.6045,0.63162
9.083,0.61172
7.8176,0.66328
7.2632,0.70023
12.129,0.50496
9.4143,0.60786
9.0578,0.62338
9.7224,0.60107
8.2927,0.64184
9.2046,0.57716
9.2543,0.5762
8.8487,0.59451
8.8244,0.59208
9.4673,0.56681
8.9159,0.58728
7.8011,0.63541
8.9939,0.58529
6.5026,0.70061
9.2177,0.57544
6.2308,0.71447
7.3253,0.65758
11.123,0.54378
11.493,0.52954
7.828,0.66887
10.72,0.55266
11.865,0.51907
11.611,0.52167
12.108,0.51888
6.7921,0.71879
11.932,0.51986
8.7464,0.62309
8.1843,0.65722
6.8683,0.71314
11.502,0.53068
12.147,0.51342
10.812,0.55026
9.652,0.58707
7.6557,0.67955
8.7442,0.6312
7.6906,0.66744
10.841,0.55463
7.9985,0.65641
8.0344,0.65288
7.7225,0.6646
8.2132,0.64118
4.9961,0.78933
4.9646,0.79227
4.7252,0.80866
4.7783,0.80331
4.4966,0.82496
6.6323,0.72581
6.4721,0.72957
7.9281,0.66262
7.37,0.68355
8.191,0.6488
8.2163,0.64993
5.8186,0.73941
6.8846,0.70988
6.5085,0.72764
6.0369,0.74894
6.1978,0.74157
6.341,0.73404
6.1645,0.74353
6.0441,0.74884
6.3035,0.73656
6.387,0.73402
6.1305,0.74476
8.964,0.635
6.1756,0.74366
7.2218,0.70275
8.0198,0.67496
8.0123,0.67607
7.0701,0.70764
7.7532,0.67718
6.8845,0.71566
6.9824,0.71066
8.6949,0.63776
8.1517,0.67101
7.1355,0.70645
7.8504,0.68122
7.6459,0.68776
4.4735,0.82569
4.4208,0.82784
6.2027,0.71756
5.9465,0.7296
4.3744,0.83275
5.3775,0.76809
6.9312,0.71545
5.2422,0.77204
5.2133,0.77228
7.6511,0.68499
6.5451,0.69392
8.2334,0.65658
7.8509,0.68162
8.6424,0.64938
8.0246,0.67786
7.7617,0.68641
6.8421,0.71793
7.5243,0.68489
6.7252,0.72257
6.8674,0.71696
6.8501,0.71699
6.5929,0.72772
6.6634,0.72506
6.8855,0.71528
9.0631,0.61549
11.067,0.56168
8.7829,0.62847
9.1475,0.62448
8.1091,0.65716
6.2078,0.7297
7.3973,0.6938
7.3941,0.69865
7.8668,0.6822
7.3711,0.70202
8.5048,0.6547
8.7085,0.64873
8.9655,0.62164
8.2068,0.64781
7.8549,0.67149
6.2007,0.74222
12.278,0.51708
10.451,0.57118
10.938,0.55012
10.455,0.56852
8.7719,0.6293
11.627,0.53869
10.547,0.56494
9.3936,0.60104
10.296,0.56107
11.373,0.52223
10.828,0.54942
12.194,0.51484
9.9148,0.57458
13.557,0.48135
10.24,0.58406
9.3337,0.60618
9.2651,0.60478
7.1298,0.69425
8.1509,0.64706
8.9231,0.61658
12.097,0.51028
13.732,0.47594
8.794,0.62702
13.161,0.47915
9.6585,0.58793
9.5931,0.59353
11.509,0.52638
9.4727,0.60278
9.0821,0.61418
11.802,0.5181
7.9046,0.65843
9.7866,0.57985
13.614,0.47193
7.9622,0.66351
12.814,0.50146
12.051,0.51527
8.1079,0.63852
9.4985,0.60106
8.9441,0.61387
10.264,0.56988
9.3187,0.60439
8.7571,0.62011
6.417,0.73113
8.8968,0.62394
6.6864,0.71721
6.6775,0.72437
6.3304,0.735
7.4023,0.68783
9.6455,0.58997
7.4126,0.68834
11.294,0.53729
9.278,0.59659
6.8929,0.71178
10.067,0.57884
6.1325,0.74449
7.9039,0.66966
11.581,0.52238
8.749,0.59466
10.36,0.56253
9.7676,0.59795
6.8835,0.67939
6.9396,0.67762
4.5271,0.82333
6.8678,0.6824
10.467,0.56838
4.8849,0.80026
6.5094,0.72812
9.7874,0.58211
9.3817,0.60677
10.687,0.5485
8.9377,0.5984
10.109,0.57298
7.3863,0.6908
11.42,0.53443
8.2425,0.654
11.917,0.52221
6.4825,0.72957
10.368,0.5763
10.416,0.57083
10.262,0.57779
7.7671,0.66778
7.5988,0.68127
12.556,0.50722
8.264,0.64812
7.8136,0.66668
10.029,0.57732
8.7417,0.63079
9.4793,0.60078
10.047,0.58034
6.7683,0.71799
6.3794,0.71922
9.2694,0.61096
11.388,0.54105
8.5216,0.64385
7.47,0.69295
10.196,0.56996
8.0586,0.65962
8.0052,0.66454
4.4359,0.82737
7.2427,0.70545
6.4615,0.73227
6.8466,0.71782
6.8891,0.71716
7.407,0.6964
8.8056,0.63896
7.4967,0.69406
6.5521,0.72745
6.2782,0.73935
6.4207,0.73315
6.431,0.73203
6.5181,0.72945
7.4745,0.69346
6.3578,0.73761
6.3063,0.73911
7.3865,0.69528
7.3138,0.6997
6.5322,0.73082
6.7523,0.72138
8.2541,0.65131
8.5411,0.64154
6.7585,0.72114
7.2668,0.6957
7.3525,0.69729
9.3755,0.61692
6.7759,0.72202
6.896,0.71618
6.6969,0.72422
7.4964,0.69495
11.566,0.54231
9.5615,0.61088
9.7091,0.61214
7.9082,0.67954
9.2397,0.62316
7.847,0.68239
7.1007,0.70854
9.0286,0.63577
9.4714,0.61523
10.137,0.5923
7.8901,0.67985
7.9014,0.6801
7.6075,0.68375
7.1128,0.70703
7.4918,0.68414
6.7447,0.72089
8.1017,0.65907
7.1257,0.70475
8.4843,0.64404
9.0308,0.62057
7.888,0.66645
6.7884,0.71856
8.1285,0.65342
8.1278,0.65621
8.7752,0.64086
9.3269,0.61619
9.1314,0.6278
9.3693,0.60449
8.57,0.64778
9.1127,0.6301
6.4603,0.73009
6.4711,0.72918
9.9432,0.59719
6.6377,0.72451
6.5082,0.72748
11.308,0.5308
11.555,0.52863
11.909,0.51645
13.227,0.49018
12.324,0.50695
8.654,0.59856
11.445,0.54536
11.987,0.51346
11.69,0.52477
11.924,0.51741
11.655,0.52439
12.525,0.50241
10.139,0.55757
7.5937,0.69007
8.9726,0.61977
6.1373,0.72636
7.693,0.68266
7.2705,0.70115
6.3536,0.73499
8.348,0.63874
11.651,0.52844
7.4563,0.69606
12.065,0.51915
7.3275,0.6948
7.9012,0.67439
9.491,0.59415
8.7466,0.62575
9.3321,0.60145
9.9352,0.57903
9.3732,0.59788
8.1488,0.64906
4.9754,0.7859
8.85,0.62113
9.7548,0.57776
9.5791,0.5886
5.699,0.74173
9.9173,0.59097
9.2092,0.57808
5.3876,0.76437
6.3158,0.73736
8.6299,0.60104
7.115,0.69674
11.709,0.51897
7.5961,0.6744
11.502,0.52503
9.8124,0.58239
8.9268,0.61407
11.386,0.5261
8.8447,0.6175
8.5243,0.63239
4.812,0.80282
6.4444,0.73069
8.327,0.64205
8.5596,0.63091
7.2745,0.69026
6.8446,0.70937
7.4539,0.68197
7.3558,0.68817
6.5112,0.72041
6.0921,0.74374
6.7876,0.71674
7.3272,0.68905
6.1699,0.73225
9.2807,0.58668
8.907,0.60461
5.9437,0.74539
8.0712,0.64232
10.336,0.56851
8.4116,0.64575
6.4852,0.71963
6.6076,0.72369
7.2306,0.69436
6.5733,0.72647
9.4506,0.59463
7.8216,0.65345
8.0213,0.65607
7.2169,0.69783
6.1613,0.74204
7.6952,0.66769
6.0448,0.74808
6.7356,0.70567
6.89,0.71078
5.7542,0.75908
5.6234,0.7662
5.9917,0.74761
8.8046,0.62064
6.4219,0.72958
8.1872,0.64426
6.5176,0.7271
6.3997,0.73243
6.0776,0.74409
6.4184,0.73013
7.183,0.6964
6.1044,0.74293
6.1525,0.74119
7.2694,0.68511
6.7452,0.71494
7.5458,0.67764
6.4321,0.72908
6.4782,0.72667
6.3307,0.73401
6.563,0.72343
8.0414,0.66877
7.7973,0.6764
7.6776,0.67415
7.7954,0.67645
6.9624,0.70743
7.4254,0.68464
7.0455,0.70298
9.7609,0.59212
8.2185,0.65613
7.6247,0.68019
7.5694,0.68382
8.8419,0.62822
8.1287,0.65077
7.4087,0.68884
7.3161,0.68959
6.9274,0.70617
7.4143,0.68402
7.1314,0.69752
7.0083,0.70221
9.3043,0.61073
8.0435,0.65714
8.8199,0.62834
9.3774,0.60479
7.7521,0.6749
8.8441,0.62445
9.926,0.58084
10.007,0.58017
8.362,0.6422
9.7786,0.583
10.001,0.57982
11.029,0.53862
8.2949,0.64734
7.0159,0.69927
8.5835,0.62785
10.268,0.5686
9.3281,0.59473
10.385,0.55665
8.9735,0.61293
7.3236,0.68562
6.449,0.71924
11.501,0.50975
7.1279,0.67466
7.9144,0.64295
11.406,0.50975
10.642,0.5287
8.1101,0.64246
8.0643,0.63976
11.67,0.50557
10.007,0.5508
8.0066,0.63256
10.058,0.5597
10.434,0.54672
9.7092,0.56942
6.7922,0.6985
6.3189,0.70595
7.0478,0.6647
8.2127,0.62434
7.0603,0.67063
6.699,0.67982
6.852,0.6725
7.3438,0.65307
7.0579,0.66153
7.2895,0.65533
7.165,0.65723
8.0494,0.61429
5.9396,0.7201
7.0688,0.65983
9.1176,0.57206
8.9036,0.57342
9.3886,0.55924
10.009,0.53839
7.205,0.65086
8.1442,0.60927
7.4119,0.64139
7.0162,0.65145
7.7939,0.61543
8.6907,0.59109
6.4737,0.67807
7.4902,0.62869
8.9052,0.57647
8.2747,0.60221
9.1379,0.56552
9.3658,0.55783
7.866,0.61507
7.6296,0.62825
7.9062,0.6201
7.7839,0.61218
6.1967,0.68668
7.378,0.63754
7.9534,0.60855
7.2588,0.64421
8.2028,0.5966
9.2294,0.56647
8.2993,0.60437
8.0026,0.60173
6.4543,0.67496
8.7674,0.57271
7.8874,0.61327
6.9128,0.64577
6.2756,0.67684
6.3625,0.67876
6.2136,0.67765
5.4833,0.71903
10.373,0.51144
6.0904,0.68346
8.0382,0.59093
7.7084,0.61177
6.2291,0.67207
5.7363,0.70748
6.8656,0.65383
6.5027,0.65772
8.5142,0.57957
6.1945,0.67695
6.055,0.6832
7.3895,0.62852
9.2232,0.54301
6.7222,0.65068
5.876,0.69332
5.9744,0.68918
5.8123,0.69291
7.9283,0.59366
6.7225,0.65055
6.7349,0.64284
9.0171,0.54911
7.4463,0.6134
5.7825,0.69138
7.6919,0.60201
5.3772,0.71447
5.2028,0.72431
5.454,0.70837
5.8173,0.69473
5.8087,0.69469
5.4446,0.71426
5.1995,0.72364
5.529,0.70909
5.8581,0.69003
5.5664,0.70685
5.9557,0.68341
5.681,0.6973
6.1459,0.66782
6.6978,0.64397
5.7656,0.68732
5.7657,0.6867
6.4427,0.64616
6.3041,0.65773
6.1263,0.66726
5.0638,0.72653
5.479,0.69974
5.5092,0.69809
5.0077,0.72865
5.844,0.67671
7.0804,0.62155
6.4728,0.6526
5.6955,0.68804
5.5281,0.7005
4.8978,0.73157
5.0858,0.72336
5.0392,0.72734
5.2078,0.71264
5.366,0.70854
5.711,0.68853
5.367,0.70843
5.3523,0.70666
5.0627,0.72539
5.7795,0.67998
6.3029,0.65385
6.2938,0.65453
5.5159,0.69437
6.3265,0.64683
7.0525,0.61103
5.4535,0.69486
6.0161,0.66541
7.4845,0.59749
7.0295,0.6123
6.6617,0.63438
6.7925,0.62833
6.4471,0.639
7.2129,0.60202
5.8189,0.67111
6.5126,0.63499
6.7703,0.62271
6.7174,0.62281
6.5817,0.63017
6.1036,0.65083
6.6139,0.62968
6.692,0.62411
5.9849,0.66058
6.5823,0.63248
5.8485,0.66697
7.393,0.59241
5.958,0.65979
6.1553,0.65064
7.4368,0.58687
6.046,0.65027
5.4435,0.68504
5.6601,0.6754
6.2142,0.64357
6.0205,0.65279
6.08,0.64907
5.1511,0.6906
6.5513,0.61066
5.8109,0.64663
6.1885,0.63772
5.7802,0.65458
6.1247,0.62945
6.2716,0.62783
5.6498,0.65291
6.4175,0.62305
6.3558,0.62483
6.1944,0.63002
6.3375,0.62798
6.6894,0.59492
8.0635,0.55377
7.9294,0.55648
7.5758,0.57027
7.7226,0.5546
8.6196,0.52789
7.6759,0.56425
8.2178,0.54138
7.4385,0.55964
6.6932,0.59344
7.3766,0.57505
7.1924,0.56772
8.865,0.4982
7.6283,0.54479
7.6559,0.54108
8.778,0.50873
8.4408,0.51832
8.0166,0.54096
7.8801,0.54109
9.3029,0.48585
8.6281,0.50948
8.5602,0.50508
8.9482,0.49145
8.683,0.50675
7.2001,0.54767
6.6513,0.57514
6.0563,0.6086
7.4897,0.54073
8.4476,0.5179
7.2717,0.54952
7.6007,0.54828
8.3723,0.5178
6.998,0.55744
6.7306,0.56981
7.6869,0.54289
7.0941,0.55035
8.3261,0.5142
8.7721,0.49894
7.819,0.53621
5.8362,0.63303
6.7882,0.58306
7.4052,0.55128
7.9662,0.52885
6.3618,0.58972
6.2701,0.60793
5.226,0.66508
5.9914,0.61904
6.0798,0.6152
8.8683,0.49005
8.7751,0.49501
8.1439,0.51688
7.437,0.54911
6.3969,0.58067
5.93,0.60545
5.9588,0.60455
6.8748,0.57612
7.2073,0.55709
5.812,0.63044
7.5408,0.54397
6.2412,0.60457
8.1885,0.51354
7.9297,0.52198
7.2546,0.5531
4.8325,0.68699
5.0898,0.66515
5.5668,0.63186
6.0456,0.61141
6.183,0.6038
6.9333,0.56567
6.4042,0.59287
6.5733,0.58625
6.9437,0.56757
7.0744,0.54166
7.0213,0.56084
4.5657,0.68281
5.7014,0.60898
5.7956,0.60497
6.6517,0.57757
7.0291,0.55774
5.4417,0.62341
6.7976,0.5695
6.6192,0.5769
6.8303,0.55227
6.7448,0.57016
5.8398,0.60805
7.6619,0.52956
7.3469,0.54241
5.4579,0.63671
6.1834,0.59814
6.8456,0.56175
7.0148,0.55518
7.7318,0.52176
7.4158,0.53837
6.2978,0.58933
5.3481,0.63001
5.7748,0.60362
6.116,0.57896
6.1551,0.57672
6.4495,0.57705
5.7289,0.62377
7.5122,0.53206
6.8063,0.55889
6.1401,0.57925
6.4245,0.5768
6.3859,0.58301
7.7382,0.51869
6.7967,0.56416
5.8445,0.60895
6.6139,0.56098
5.561,0.61941
6.4805,0.57593
6.1917,0.58943
7.5014,0.52884
6.5713,0.57163
5.0148,0.64863
5.0398,0.64666
5.862,0.59432
5.7582,0.60455
4.5033,0.67912
5.4515,0.6253
5.0346,0.65309
4.8514,0.66737
5.3506,0.63527
5.1463,0.64959
5.5012,0.61808
4.7692,0.65336
4.7912,0.65144
6.2091,0.57869
6.8583,0.55011
7.822,0.50928
6.6475,0.55879
6.0429,0.58248
6.8796,0.54826
7.057,0.54147
7.1041,0.54011
6.5583,0.54867
6.6736,0.55915
5.7155,0.59593
5.782,0.59475
6.1438,0.57919
5.3794,0.62024
6.0275,0.58082
6.2848,0.56799
6.1573,0.58008
5.6283,0.59953
4.8035,0.63953
4.9879,0.62383
5.5149,0.60288
5.8409,0.5853
5.63,0.59878
5.4511,0.60814
5.9911,0.58546
5.4615,0.61084
6.1085,0.56737
6.0527,0.57306
5.5761,0.59895
4.8778,0.6369
5.1751,0.61825
5.4903,0.60043
6.0747,0.58744
5.5127,0.59893
4.9633,0.63066
7.3186,0.5241
5.4086,0.60476
6.0337,0.57127
5.5459,0.59526
5.5527,0.59535
5.2591,0.61463
7.6606,0.5162
6.0794,0.57483
6.0193,0.57544
5.7518,0.59361
5.8535,0.58105
6.7379,0.55258
6.8691,0.54916
5.8664,0.58319
5.8804,0.58645
6.1129,0.57125
4.9177,0.62911
5.4541,0.6058
5.2866,0.61576
5.3701,0.6081
5.4724,0.60797
5.4314,0.60534
4.819,0.63204
5.9338,0.57878
6.0476,0.5723
5.8183,0.58397
5.8448,0.58228
6.274,0.56276
5.7667,0.58685
5.99,0.5738
5.0646,0.61659
5.4125,0.59728
5.8368,0.58246
4.9765,0.62528
5.6201,0.58798
6.4216,0.55577
6.0927,0.57495
5.5062,0.59265
5.5406,0.6057
6.2493,0.56542
5.0505,0.62548
4.6553,0.64762
6.5316,0.54808
6.6198,0.5432
6.4118,0.55327
6.4511,0.54908
6.4943,0.55193
5.9068,0.5852
6.0945,0.57597
5.1911,0.62551
5.4267,0.5966
5.6611,0.59357
5.1157,0.61771
5.4597,0.61296
7.1386,0.5226
6.9754,0.53318
8.2696,0.49418
7.1804,0.53676
6.2069,0.57299
7.1162,0.52687
6.8863,0.53736
6.1472,0.57359
6.475,0.55525
6.0103,0.57893
5.8754,0.58897
6.4371,0.55982
5.2438,0.60697
5.6687,0.59408
4.8266,0.63889
5.0228,0.62137
6.0753,0.57565
6.1206,0.57014
4.2699,0.68749
5.8305,0.58707
6.8974,0.54979
6.2648,0.5658
6.1024,0.57643
6.2753,0.56505
8.4799,0.48141
8.1721,0.49551
6.5937,0.55084
7.0195,0.52871
4.6893,0.64349
5.5647,0.59134
4.0352,0.69244
5.1881,0.62585
6.043,0.59211
6.1118,0.572
6.0384,0.57628
4.4422,0.6591
6.847,0.53781
7.2648,0.52014
6.7022,0.54358
6.3528,0.55829
5.4894,0.60728
6.9438,0.53448
5.735,0.5917
5.8447,0.58788
5.7946,0.57664
7.2488,0.52255
5.6617,0.58573
8.1288,0.49419
7.2251,0.52003
5.6943,0.597
5.223,0.63473
6.6797,0.55859
7.3733,0.52495
5.7461,0.6104
6.6759,0.55793
8.1822,0.49478
6.9491,0.54794
6.5161,0.56937
6.7651,0.54687
6.0908,0.57568
6.4772,0.55299
5.3887,0.61565
5.2695,0.6218
5.5977,0.6056
5.1565,0.62961
5.6579,0.59942
4.9419,0.63816
4.8671,0.6445
4.9499,0.63734
4.579,0.66488
5.1347,0.62321
5.7022,0.59407
5.4956,0.60531
5.64,0.59899
3.6205,0.72727
4.27,0.6844
5.8926,0.59173
4.9711,0.61922
3.9315,0.69492
5.369,0.6152
5.0641,0.63306
4.9109,0.63913
4.448,0.65866
5.7655,0.59835
4.7411,0.63341
4.6243,0.63752
6.1331,0.56625
4.4854,0.66752
4.9141,0.63531
6.2745,0.55812
5.6271,0.59109
5.4142,0.60257
5.8827,0.57551
5.3761,0.6091
5.843,0.5807
4.7424,0.65006
5.4928,0.6173
6.1479,0.56934
5.6242,0.59814
6.2799,0.55924
5.1149,0.62583
6.0624,0.57124
5.6623,0.5903
5.5116,0.59821
7.0726,0.53722
5.2617,0.61734
6.4737,0.56436
5.6123,0.59479
6.6049,0.53438
6.5757,0.53783
6.2001,0.56136
6.0895,0.56607
6.6779,0.53612
5.5908,0.59258
5.8435,0.58369
6.1546,0.56733
6.8262,0.54018
5.7633,0.5823
6.4573,0.55146
6.3878,0.55413
5.9537,0.57594
6.5881,0.54502
5.7361,0.57873
5.9723,0.57158
6.5439,0.544
5.6322,0.59202
7.1029,0.52343
7.2682,0.51182
7.0555,0.52449
7.0141,0.52472
7.0729,0.51973
6.9123,0.52734
8.2856,0.47464
6.6236,0.52945
6.3385,0.54438
6.9058,0.52063
6.568,0.53377
6.4915,0.54003
5.8902,0.57265
5.4507,0.59
5.7657,0.57281
5.3164,0.60052
6.7038,0.52648
5.8588,0.57323
6.3459,0.55919
6.0613,0.57546
5.2829,0.6004
6.4626,0.53844
5.8529,0.56576
5.0786,0.61428
7.0339,0.52772
5.3657,0.59996
5.3935,0.59345
5.1078,0.61353
5.3013,0.60315
6.2212,0.56663
7.3068,0.50976
6.9161,0.52942
7.5964,0.50274
7.301,0.51025
7.4168,0.50688
7.2895,0.51462
8.3189,0.47313
6.8485,0.53516
7.2269,0.51218
6.7036,0.54011
7.9152,0.48663
7.7709,0.49158
6.4652,0.55113
6.1321,0.56722
6.804,0.53814
6.4921,0.54995
6.2121,0.56764
5.8587,0.58256
5.8038,0.59045
6.033,0.58086
5.4116,0.61021
6.9583,0.53559
7.1133,0.52353
7.0892,0.52848
6.5673,0.54383
6.8395,0.53952
5.4385,0.60943
5.7649,0.59325
6.9404,0.53648
6.7663,0.5356
6.4048,0.56026
6.8459,0.5367
6.6242,0.54876
5.9058,0.58592
6.1217,0.56903
7.4752,0.50795
5.9711,0.56183
5.5053,0.60289
6.7316,0.54071
5.1024,0.61044
6.2113,0.56474
5.0493,0.6196
6.9894,0.5288
7.993,0.48571
5.7921,0.57725
6.8955,0.53318
5.6542,0.58763
5.5566,0.5903
6.0815,0.55733
5.7507,0.5718
6.2265,0.56168
5.2892,0.6051
5.1015,0.60808
3.8885,0.69413
5.5235,0.58223
5.5151,0.58745
4.7413,0.63473
5.2425,0.60633
4.6928,0.63998
5.528,0.58732
6.8569,0.5378
6.2884,0.56386
4.7145,0.6528
4.4836,0.65075
6.4273,0.55545
6.6616,0.54669
6.3802,0.56178
6.4735,0.55576
6.4163,0.55651
5.1245,0.6279
4.8695,0.62934
5.2058,0.62474
6.4311,0.55864
5.466,0.61156
6.6161,0.54571
6.6664,0.54557
5.7527,0.59443
6.3572,0.56955
4.8393,0.633
6.8177,0.53218
5.4316,0.59703
7.0173,0.52269
5.9028,0.57053
6.0396,0.5717
6.364,0.56079
5.9119,0.59216
6.6899,0.54899
5.7165,0.59553
8.0775,0.48521
7.0102,0.53801
6.412,0.55757
6.4601,0.5565
6.3427,0.56233
6.037,0.58172
6.7407,0.54099
5.9172,0.58322
5.5846,0.58955
4.9446,0.62369
6.2406,0.57007
4.8672,0.62766
6.4165,0.56074
5.3756,0.59798
7.5204,0.50757
5.9124,0.58404
8.0468,0.48539
6.5758,0.55228
6.179,0.57152
6.2026,0.56727
8.298,0.47528
8.1047,0.48294
8.209,0.47684
8.2893,0.47384
7.3483,0.51734
8.4204,0.47223
8.4782,0.46668
7.6377,0.49822
7.8165,0.49302
7.7201,0.50096
8.2127,0.47535
7.938,0.48623
8.9842,0.44831
7.2795,0.51384
7.4817,0.51201
7.2575,0.52171
6.5272,0.55136
7.7282,0.49976
7.6134,0.50515
7.1316,0.52402
8.4551,0.46811
7.3061,0.51183
7.4059,0.50812
7.5771,0.49981
7.722,0.49648
6.3842,0.53957
8.8511,0.4523
7.021,0.51184
7.454,0.50774
5.4772,0.58878
5.7424,0.57467
8.3588,0.47126
7.5415,0.50052
7.4473,0.50587
7.427,0.50568
7.6585,0.49794
6.5157,0.54629
7.5201,0.5
6.4871,0.54772
6.731,0.53732
6.478,0.54936
5.712,0.59127
7.512,0.50345
5.2071,0.60513
7.2413,0.51549
5.8509,0.57682
5.9061,0.57881
7.9804,0.48055
7.6173,0.50058
8.9205,0.449
7.2185,0.51606
7.7032,0.49384
7.7917,0.49316
6.991,0.52631
7.4574,0.50717
7.0116,0.52419
7.3032,0.51292
8.0907,0.48547
7.6807,0.5039
7.0702,0.52378
7.1822,0.51511
5.4558,0.59832
7.2363,0.51357
6.837,0.53021
5.9364,0.57344
7.7716,0.49773
5.7217,0.58358
5.7147,0.58623
5.5504,0.60121
7.0104,0.52081
7.8699,0.4884
7.0661,0.52161
5.6631,0.5768
7.7344,0.49361
5.4356,0.5895
5.5205,0.59245
4.777,0.63173
7.1639,0.52503
7.0131,0.51755
7.14,0.52935
8.8833,0.46238
8.9078,0.4541
7.4762,0.49862
7.9777,0.48807
6.5298,0.55096
6.2645,0.56313
5.5515,0.60603
5.7536,0.5797
5.8299,0.57191
5.5863,0.58994
6.2011,0.5596
4.9889,0.62769
6.8114,0.52141
5.9584,0.56995
4.7988,0.63966
4.8767,0.62709
5.0558,0.61861
6.2969,0.5553
6.7262,0.53633
5.6732,0.59042
6.155,0.56378
6.996,0.52355
5.2195,0.60704
6.2268,0.55976
5.7061,0.58701
4.9136,0.63346
4.9461,0.62969
5.1961,0.61346
6.0464,0.56117
5.1455,0.61017
5.863,0.57161
6.4491,0.55667
6.5483,0.53959
6.2763,0.55121
6.991,0.52821
6.9789,0.52893
6.2861,0.5498
6.4116,0.56114
5.6111,0.5853
6.4358,0.55508
6.7998,0.53815
6.7344,0.54465
7.2026,0.51902
5.0419,0.61724
5.2021,0.61111
6.4598,0.5561
5.6702,0.58597
7.5269,0.50964
5.1712,0.60954
5.1933,0.62626
6.5848,0.54871
6.6284,0.55065
5.2592,0.6038
5.6635,0.57904
5.8082,0.57304
5.6206,0.58231
5.4631,0.59402
6.6673,0.54316
4.7498,0.6381
5.1102,0.61404
6.7482,0.54238
5.6887,0.57731
6.8177,0.54063
5.2869,0.60949
6.6639,0.5506
5.3515,0.59749
5.4701,0.58922
6.1625,0.57306
5.9416,0.5761
5.7835,0.59519
6.0135,0.57251
6.31,0.5556
6.2547,0.56673
6.9571,0.53185
7.7153,0.50195
6.7958,0.53781
5.8037,0.591
6.6858,0.54549
4.9708,0.61892
4.7796,0.63248
5.6861,0.57197
7.042,0.53061
5.0877,0.613
4.8304,0.62787
4.5815,0.64082
5.1617,0.60629
6.556,0.55372
5.2512,0.60009
7.0618,0.52312
6.4552,0.55092
7.0936,0.52123
6.5492,0.54237
6.1898,0.54862
4.7249,0.63292
5.3759,0.59162
7.8896,0.48374
5.7193,0.58908
7.1679,0.52013
5.459,0.58649
7.3855,0.50817
5.9607,0.57755
6.3898,0.55606
6.7645,0.5386
5.9504,0.57976
6.291,0.5596
7.148,0.51925
5.8923,0.58193
5.0101,0.62978
6.3486,0.56155
6.3027,0.56325
7.9734,0.49175
7.245,0.51505
8.2207,0.47221
6.3001,0.56096
6.5005,0.55095
6.4829,0.55085
7.4201,0.50742
7.0547,0.52394
6.1615,0.558
6.7397,0.53463
7.1103,0.52284
5.7707,0.57179
6.55,0.54873
6.4149,0.55388
8.513,0.46685
8.3951,0.46708
9.0141,0.44822
7.4612,0.50766
8.985,0.44797
8.2576,0.47229
7.3923,0.50503
8.2949,0.47193
8.2574,0.47372
6.7274,0.52234
8.4185,0.46915
8.4973,0.46666
8.6278,0.46007
6.3779,0.54132
6.0753,0.55742
8.2566,0.48081
7.9835,0.48511
8.8516,0.45635
7.9525,0.49142
7.6412,0.50524
6.2734,0.55169
6.4226,0.54372
5.6091,0.58377
6.235,0.54893
7.1111,0.52353
7.8169,0.49411
5.5572,0.58369
5.6173,0.58002
7.209,0.51997
7.9712,0.49197
7.7704,0.49949
7.1022,0.52536
7.7776,0.50016
7.5425,0.50859
7.1541,0.52406
6.9857,0.53434
8.9845,0.45829
5.8617,0.57109
6.8373,0.54238
7.6127,0.51011
5.7198,0.5843
6.2076,0.55896
8.0389,0.49118
6.5147,0.53619
6.4202,0.54122
6.3143,0.54441
5.6029,0.58392
6.6884,0.55019
7.0537,0.51517
6.8819,0.52259
6.7917,0.52637
7.731,0.4854
7.1157,0.51154
7.2019,0.50935
7.9318,0.47732
7.3623,0.4991
6.3808,0.54584
6.5405,0.53755
7.6856,0.48753
6.1827,0.55631
6.4099,0.54538
8.5593,0.47158
6.7986,0.52722
6.0135,0.56515
6.1241,0.55785
6.3807,0.54368
7.7276,0.50097
5.8037,0.57162
7.6717,0.49921
6.9062,0.51591
6.1117,0.56054
5.6109,0.58377
7.0946,0.51051
7.2714,0.50174
6.0646,0.55811
5.2037,0.604
5.0276,0.61494
5.2698,0.5987
6.0066,0.56173
5.2475,0.60389
6.1435,0.56781
6.6121,0.53331
6.8574,0.5388
5.547,0.58748
5.7264,0.59384
5.6733,0.59717
4.3922,0.65805
4.8122,0.6308
5.6765,0.59217
6.5175,0.5547
5.7511,0.57567
5.4601,0.60166
4.8046,0.63328
6.2856,0.56531
6.3615,0.56215
5.211,0.60826
5.6903,0.59723
6.5504,0.5507
5.5855,0.58254
4.9775,0.61824
4.642,0.63938
6.6126,0.55772
5.8955,0.58393
4.6714,0.63747
6.3931,0.56191
5.1178,0.60958
5.4985,0.60231
5.662,0.59977
5.567,0.58152
5.3201,0.59577
5.7284,0.57793
6.699,0.54594
7.0584,0.53193
7.2094,0.52249
7.4125,0.51212
7.4841,0.50947
5.1671,0.6056
5.4036,0.59108
5.2166,0.60055
4.7298,0.6317
7.3037,0.5196
7.2478,0.52197
6.6562,0.54567
5.337,0.5936
6.8353,0.53549
5.8602,0.56271
7.8378,0.48962
5.453,0.58636
5.4028,0.59863
5.9635,0.55945
7.4883,0.50848
6.3285,0.56896
8.579,0.46187
7.3253,0.51587
7.3149,0.50639
7.7817,0.49194
7.0439,0.50486
8.0321,0.48345
7.0461,0.52723
8.3843,0.46896
9.1135,0.44517
7.1051,0.52597
7.4805,0.50836
7.9128,0.48317
6.3441,0.54249
6.3817,0.54046
7.1441,0.50358
7.1281,0.50643
6.5143,0.53398
6.0721,0.55303
6.3372,0.54143
6.7622,0.52062
5.9954,0.56103
5.6992,0.57694
5.9338,0.56128
5.3876,0.59041
8.2005,0.47309
8.2935,0.46702
6.8922,0.52701
7.9662,0.48501
7.516,0.49963
7.4519,0.50862
8.2904,0.46678
9.1637,0.44151
7.0106,0.51213
6.2086,0.54741
6.8449,0.51952
6.0753,0.55383
7.6598,0.49985
8.452,0.47027
8.4409,0.46799
6.4823,0.53408
6.9575,0.51234
6.1968,0.5479
7.0488,0.5078
5.7068,0.57547
6.2524,0.54503
8.6454,0.45958
8.6369,0.45926
8.6985,0.45898
6.6941,0.52329
6.5861,0.52915
6.1193,0.55205
6.5751,0.5269
6.0535,0.5577
6.1924,0.55224
5.4168,0.59518
6.243,0.54921
6.2536,0.5468
6.2751,0.5472
5.7428,0.57704
6.0113,0.56446
7.6187,0.50879
7.5853,0.50447
6.1147,0.55463
5.3207,0.59803
7.232,0.51656
5.8822,0.56638
6.4111,0.5643
5.9545,0.56307
5.8802,0.57151
5.8387,0.57257
6.2731,0.54621
5.762,0.57139
6.1748,0.55117
8.0307,0.48172
6.7108,0.52456
7.6621,0.49358
7.3452,0.50955
6.022,0.5623
5.9456,0.56752
6.8521,0.51798
5.169,0.60556
5.6135,0.58565
5.0349,0.61366
5.4718,0.59095
6.1168,0.55345
6.8621,0.51518
6.7392,0.52866
6.3514,0.54441
5.4805,0.58798
4.9711,0.61989
6.1156,0.55452
6.5737,0.53105
7.0107,0.5105
7.0218,0.51648
5.7399,0.58197
7.497,0.51124
6.5149,0.53748
6.8837,0.52069
6.7124,0.53045
6.6654,0.52966
5.2966,0.6034
6.9418,0.51608
7.0242,0.51214
5.5762,0.58336
6.3302,0.54581
6.8484,0.51826
5.2769,0.60101
6.8027,0.52361
8.8025,0.45756
6.9028,0.51737
7.2936,0.52305
6.3395,0.54824
7.3071,0.50333
5.6169,0.58372
6.6898,0.52631
6.5729,0.53175
6.1707,0.5523
5.2518,0.60183
8.0547,0.48487
6.6467,0.52575
5.5002,0.59067
5.7222,0.57932
5.0215,0.61854
6.4907,0.5588
5.5893,0.58488
5.2777,0.60042
5.2702,0.59985
5.8399,0.58637
4.4422,0.65783
4.9269,0.62135
4.9806,0.61572
4.7542,0.62982
4.8421,0.62793
7.2216,0.52152
6.1389,0.563
4.8884,0.62599
6.5725,0.54925
6.9751,0.52962
6.6396,0.54464
4.9182,0.6213
6.8025,0.54302
7.5756,0.50566
5.9866,0.56055
7.1398,0.52944
7.1519,0.52441
6.0109,0.55728
6.9188,0.53302
7.4787,0.51249
6.8861,0.54054
7.1383,0.52576
6.7714,0.54345
7.1039,0.5291
7.2075,0.52546
7.4593,0.51141
7.5544,0.50389
7.1325,0.52303
7.4958,0.49975
7.3739,0.51121
7.709,0.49492
8.0863,0.4805
7.7319,0.48913
7.378,0.50806
7.3567,0.50935
7.0613,0.52264
6.403,0.55351
6.9856,0.52766
8.0375,0.47993
6.096,0.56515
6.9988,0.51986
7.9798,0.47805
7.5142,0.49766
7.1604,0.51004
7.5939,0.49806
5.8832,0.55723
7.6543,0.49151
8.0437,0.47867
7.2736,0.50049
5.9069,0.56532
7.1462,0.50505
8.1662,0.47181
7.7956,0.48216
6.9267,0.51922
7.5654,0.48688
7.2862,0.50085
6.7967,0.52246
7.3324,0.49804
6.7569,0.52943
7.1209,0.50372
7.1098,0.51131
7.871,0.47923
7.4935,0.49899
7.7896,0.48693
7.7266,0.49112
8.1701,0.47269
6.862,0.52392
7.9809,0.47798
6.714,0.53504
7.6045,0.49163
6.8522,0.52276
6.5548,0.53673
8.0647,0.47234
8.0349,0.47514
7.024,0.51865
7.4873,0.49673
8.1362,0.46776
7.7308,0.4856
6.8515,0.5184
8.2892,0.46775
7.6246,0.49159
7.8411,0.48171
8.1523,0.47333
7.9966,0.4746
7.6618,0.48931
7.6754,0.49
6.3667,0.54243
7.4644,0.50331
7.1426,0.50977
8.2382,0.46681
7.2856,0.49396
7.9418,0.47474
7.5232,0.48899
7.366,0.49762
7.5749,0.4894
7.7304,0.48493
7.922,0.48107
8.588,0.45494
7.3243,0.50451
7.2397,0.50189
7.7356,0.48221
8.6501,0.44646
7.4419,0.49519
7.7506,0.48318
7.6314,0.49011
7.6207,0.48501
7.4523,0.49066
7.2839,0.50065
6.7028,0.52603
7.151,0.50982
8.0011,0.4749
7.6683,0.48268
7.6149,0.48514
6.4407,0.53165
7.2876,0.50282
8.081,0.46201
8.4463,0.4528
6.8907,0.51535
7.3305,0.50103
5.9005,0.55751
6.9657,0.51708
6.7124,0.53021
6.4221,0.53774
6.3763,0.53887
6.092,0.55156
5.388,0.58646
6.2904,0.54629
5.6096,0.57868
6.6822,0.52481
7.6855,0.48487
6.1661,0.55175
5.9667,0.56139
6.4584,0.5408
5.7552,0.57434
7.0123,0.50845
6.633,0.5287
6.7593,0.52093
6.7203,0.52815
7.0097,0.51202
7.0381,0.51048
5.9783,0.56177
6.6111,0.52825
6.4073,0.53346
7.1617,0.49909
5.8637,0.56589
5.864,0.56264
5.2741,0.60232
4.718,0.62262
6.6366,0.52377
6.5775,0.52681
6.2177,0.54673
6.5419,0.52695
5.6188,0.57844
7.0794,0.50072
5.3414,0.58772
5.3732,0.58723
5.8333,0.55914
5.3737,0.58119
5.6311,0.56664
5.7572,0.56636
6.4164,0.52446
6.4566,0.52512
5.7461,0.55992
5.965,0.55352
5.1419,0.59947
5.4229,0.58574
5.9747,0.55208
5.9294,0.55488
5.3631,0.58693
5.6952,0.56834
6.0323,0.56202
6.2384,0.53363
5.5317,0.57796
5.4662,0.5781
6.7134,0.52299
5.4186,0.57937
5.6257,0.56936
6.6553,0.52133
6.0598,0.55046
7.1266,0.48693
7.1576,0.49525
6.6476,0.52433
5.6334,0.56792
4.9944,0.60187
5.2444,0.58677
6.6357,0.50879
5.2913,0.57854
6.4828,0.52186
4.7294,0.61735
5.5684,0.56658
6.5948,0.52169
7.559,0.48104
6.1343,0.53768
5.5703,0.56973
5.836,0.55766
5.9211,0.55232
5.9905,0.54178
5.3963,0.5713
6.017,0.54143
5.2194,0.57723
6.3568,0.52374
5.5108,0.56988
5.8169,0.55509
5.4004,0.57353
6.2665,0.5382
6.029,0.54438
6.2874,0.52583
5.5416,0.57056
5.8332,0.54495
6.7089,0.5054
7.1816,0.4833
5.1588,0.58317
6.4315,0.51607
5.9349,0.53865
6.6854,0.50608
6.6273,0.50565
6.5507,0.51134
5.9474,0.54265
6.2413,0.52968
5.9837,0.53007
6.8021,0.49566
5.8337,0.54017
6.53,0.50777
5.6341,0.55271
6.7324,0.50249
5.526,0.56102
6.4614,0.51502
6.5598,0.50677
6.5111,0.50935
6.0617,0.5289
6.8255,0.49749
6.2298,0.52523
6.2478,0.52093
6.6567,0.50047
6.455,0.5102
6.1974,0.52015
5.7164,0.54154
6.438,0.49848
6.4508,0.5062
6.9233,0.48472
6.744,0.4929
5.5352,0.54518
6.9399,0.48849
6.676,0.49679
5.2365,0.56596
7.6935,0.45812
5.9852,0.52189
6.0527,0.51652
5.9641,0.52542
6.6494,0.49382
6.794,0.48615
5.2868,0.55495
7.0689,0.48311
5.9528,0.5182
6,0.51255
6.5035,0.49253
5.8202,0.52703
5.7697,0.52908
5.3322,0.55244
5.4264,0.54732
6.6613,0.49225
7.1238,0.47716
5.8705,0.52177
6.0539,0.53101
4.2131,0.61827
5.2424,0.55623
5.3865,0.54615
5.7136,0.53507
4.7819,0.5807
5.8306,0.53271
6.5213,0.49785
5.2439,0.5673
6.1017,0.52527
5.7929,0.53384
6.5499,0.49501
5.993,0.51553
5.3342,0.5524
5.4948,0.54632
6.1387,0.51402
6.9432,0.48052
5.737,0.52966
6.1531,0.50793
6.7146,0.48246
6.2092,0.51617
5.4899,0.55167
5.8428,0.52601
5.7586,0.52901
5.4817,0.54966
6.1021,0.51466
5.4031,0.54641
6.4423,0.49272
6.0092,0.51737
5.7287,0.53211
5.5041,0.54156
6.4743,0.50007
6.0015,0.51583
5.9909,0.51765
4.7872,0.58765
5.4217,0.54573
5.8,0.52727
5.8737,0.52004
5.9725,0.51445
5.1455,0.55854
5.8441,0.51688
6.118,0.51318
6.241,0.51003
6.5504,0.4917
6.4827,0.49447
6.7089,0.47553
6.0991,0.51066
6.8366,0.47863
6.4205,0.49604
6.3887,0.49752
6.6574,0.48655
5.5884,0.53225
6.6282,0.48845
6.1834,0.51177
5.4192,0.5423
5.612,0.54256
5.7202,0.53649
5.5102,0.54478
5.0064,0.56765
6.2436,0.50265
5.0917,0.5615
5.429,0.54126
5.8331,0.52111
5.5842,0.53135
5.3637,0.54851
5.1977,0.53723
4.508,0.57987
6.2137,0.4921
5.8765,0.50875
5.3796,0.54171
5.8066,0.52357
6.204,0.50597
6.385,0.50192
5.0087,0.5718
6.4011,0.50108
5.6493,0.53073
5.3232,0.54899
4.4948,0.56987
4.9237,0.54336
5.7672,0.51614
5.2019,0.53384
6.0076,0.50156
6.2065,0.50225
5.5273,0.53824
6.1751,0.49372
5.9736,0.50626
5.3996,0.53896
5.9874,0.50964
5.6798,0.52296
4.5163,0.58916
6.4583,0.49444
5.7867,0.52325
5.6235,0.52898
6.082,0.50906
5.9833,0.50476
6.2662,0.49538
6.1536,0.49907
5.9198,0.50962
5.6729,0.52382
5.8094,0.51571
5.5941,0.52898
6.2084,0.50151
5.2059,0.5505
5.4183,0.53655
4.9553,0.55922
5.3747,0.53741
5.2167,0.54563
5.3826,0.542
5.4208,0.53985
5.4377,0.53794
5.5582,0.5302
5.325,0.53399
5.3771,0.53613
5.7226,0.51611
5.3576,0.5416
5.8436,0.51531
5.9888,0.50955
6.3156,0.48871
5.6474,0.52394
6.2199,0.4979
5.9894,0.51226
5.7509,0.5198
6.22,0.49645
6.4308,0.48424
5.2968,0.53905
6.9416,0.4659
5.1183,0.54823
5.1024,0.54452
5.545,0.52129
5.7563,0.51438
4.8723,0.55456
5.3122,0.52746
5.3674,0.5258
5.5978,0.51843
6.8392,0.46799
6.1364,0.4972
5.0385,0.54179
5.4262,0.53058
5.9105,0.51534
5.9988,0.50905
6.1578,0.49385
4.929,0.54343
6.3514,0.48277
5.1402,0.54351
6.1595,0.49626
5.1974,0.53531
6.2081,0.49883
5.7879,0.51973
6.0384,0.50991
5.7558,0.5159
7.2634,0.4467
6.5304,0.47177
6.377,0.47798
6.5731,0.46534
6.5896,0.47259
7.4717,0.44151
6.5477,0.47834
5.3969,0.52065
6.7555,0.45816
5.9492,0.49602
6.0091,0.50027
6.2422,0.49409
6.3978,0.48942
6.1259,0.49855
6.0607,0.49914
5.8297,0.51025
6.0429,0.50258
5.3894,0.5335
6.1967,0.49571
5.7778,0.52017
5.8716,0.51913
4.5236,0.57302
5.9783,0.51372
5.8485,0.51504
5.0702,0.54773
5.8071,0.51585
6.25,0.49384
6.2659,0.49053
5.5178,0.52285
6.2466,0.4916
6.3118,0.48796
5.682,0.52221
5.9571,0.50465
6.4671,0.48108
6.2337,0.49329
6.3488,0.49021
6.4453,0.49051
7.1799,0.45422
6.445,0.49025
4.5942,0.55363
6.8284,0.46239
6.7401,0.46969
6.9451,0.46056
6.4254,0.48565
6.3615,0.48252
6.0217,0.50237
5.8604,0.51801
6.0542,0.50655
4.14,0.58994
4.1059,0.60046
5.8634,0.51187
5.9181,0.50679
4.3919,0.58088
6.4608,0.48688
6.4519,0.48571
5.6484,0.51955
4.1417,0.59506
6.4599,0.48858
6.417,0.48484
5.6194,0.52051
5.4073,0.52988
5.3915,0.52731
5.3926,0.5311
5.4516,0.52837
5.6115,0.5174
4.4007,0.57917
6.1766,0.48667
5.8366,0.50864
5.8948,0.50015
5.9717,0.49741
4.5868,0.56888
6.7098,0.47358
6.8041,0.47094
6.8615,0.47335
6.6646,0.47861
6.5847,0.48097
6.5446,0.48414
6.4403,0.48776
6.5175,0.48183
7.8765,0.41878
6.8343,0.47063
4.1621,0.59041
4.2112,0.59094
6.446,0.49156
6.9109,0.46649
5.4622,0.53528
5.8094,0.51533
5.6847,0.51359
5.9877,0.51724
6.1882,0.49473
5.3131,0.54843
5.4877,0.53793
6.0256,0.50344
6.14,0.50541
5.6534,0.52245
4.7285,0.56277
5.0968,0.54395
5.1673,0.53958
6.3831,0.48756
5.9641,0.50984
4.6946,0.57039
5.296,0.53852
5.4574,0.52905
5.4805,0.52333
5.4828,0.5246
6.6742,0.47622
6.3385,0.49839
5.4315,0.53109
5.6449,0.51998
5.4405,0.52877
5.7152,0.50914
5.7577,0.50762
5.5217,0.52402
5.8488,0.50338
5.5142,0.52477
5.4655,0.52565
4.3535,0.5804
5.7556,0.51381
5.4395,0.52809
4.0788,0.59905
4.3144,0.59289
4.2057,0.59114
5.6189,0.5151
4.2257,0.59352
3.9833,0.61151
5.4638,0.53695
4.2536,0.58731
5.4384,0.53437
5.6532,0.52548
5.6931,0.5246
5.5728,0.53687
5.9215,0.51256
5.0272,0.55251
5.6701,0.52428
3.9859,0.61071
4.2517,0.59729
5.1517,0.55167
5.286,0.54895
6.0037,0.51808
5.5872,0.53142
5.6335,0.52465
5.8653,0.5176
5.3579,0.54287
5.9153,0.52425
6.8679,0.47731
5.7695,0.52783
6.3258,0.50663
6.1868,0.5098
6.3777,0.50313
6.6315,0.48962
5.6066,0.52885
6.4763,0.49556
5.2559,0.55372
5.678,0.53396
5.6959,0.53967
4.0442,0.61111
3.6768,0.63984
3.8768,0.62136
3.8595,0.62595
4.0469,0.60999
4.374,0.5855
5.9165,0.51518
5.9604,0.51393
6.1182,0.50294
5.9878,0.50945
5.3803,0.54053
5.4026,0.53931
6.2065,0.51343
6.7005,0.4843
6.2105,0.51138
6.0987,0.51168
6.2861,0.50728
4.9586,0.56731
5.9714,0.52368
5.432,0.54627
5.6854,0.52648
5.5633,0.52938
5.5862,0.52778
6.2649,0.50263
5.9726,0.51261
5.805,0.52032
5.3657,0.54016
5.9967,0.50955
4.7735,0.57312
5.8452,0.52358
6.0252,0.51225
5.8683,0.51972
6.0344,0.51348
5.4358,0.54456
5.6241,0.53784
5.1136,0.55646
5.1773,0.55314
6.2209,0.50596
6.7937,0.47865
6.4184,0.49209
6.1449,0.51256
6.0049,0.51846
6.2776,0.50084
6.4262,0.48722
6.7838,0.47577
6.1036,0.50188
6.1853,0.49661
6.1641,0.50316
6.5221,0.48067
6.1354,0.50777
5.7738,0.53075
5.3855,0.55312
5.2563,0.5557
5.5621,0.53716
6.2834,0.49619
5.6619,0.52645
5.6986,0.5225
5.6163,0.52678
5.5278,0.5357
5.6228,0.52742
5.2679,0.54517
5.3445,0.53775
6.5218,0.48277
5.6276,0.52602
5.7343,0.5253
5.5792,0.53627
4.956,0.56056
5.0416,0.55886
6.6194,0.47894
5.6964,0.52998
6.7052,0.47633
6.5814,0.48459
6.3963,0.49389
6.066,0.50918
5.6745,0.53116
5.7645,0.52372
6.801,0.47138
6.3427,0.48964
6.4727,0.47885
5.5837,0.53349
6.302,0.49958
5.8279,0.52004
5.4319,0.52988
6.1498,0.50356
6.8166,0.47445
6.4054,0.47889
6.6999,0.47538
6.6685,0.48094
6.0279,0.50233
6.5176,0.48605
6.199,0.49697
6.7177,0.4728
6.8586,0.47069
7.2398,0.46001
6.6191,0.48184
6.3692,0.50495
6.1601,0.5052
6.0616,0.51114
5.4871,0.52931
6.2728,0.49328
5.9927,0.503
6.2482,0.49493
6.35,0.48674
6.1176,0.4996
5.9469,0.51176
6.0658,0.50644
3.9773,0.60231
6.6957,0.47347
5.2831,0.53827
6.1435,0.49893
5.3297,0.53433
6.3191,0.48806
5.9711,0.50135
6.7905,0.47496
5.4011,0.53171
6.2792,0.49247
3.9307,0.6016
4.3722,0.56813
3.9017,0.60511
6.0968,0.49978
6.3206,0.49746
5.9019,0.50629
6.2826,0.49612
6.1786,0.49923
6.511,0.48318
6.3199,0.49315
5.505,0.53426
6.3367,0.49385
5.8601,0.51391
5.9999,0.50624
3.9574,0.60722
6.3832,0.48512
5.6021,0.52956
5.7766,0.52285
5.5072,0.53579
5.2464,0.54841
5.9006,0.51126
6.1757,0.49106
5.3499,0.54751
6.3456,0.48909
5.9531,0.51197
6.6725,0.47539
5.9817,0.5105
5.8207,0.52244
6.694,0.48029
6.3598,0.49705
5.5441,0.52983
3.9511,0.60613
5.3609,0.53393
6.3845,0.49358
5.8206,0.52155
4.1994,0.58773
5.9824,0.49843
6.2586,0.496
3.814,0.62383
6.7027,0.47606
6.4093,0.4872
6.0775,0.50573
6.6698,0.47962
6.491,0.49051
6.1995,0.50095
6.4939,0.49146
5.9743,0.51373
6.315,0.49302
5.9615,0.51555
6.8644,0.47774
7.3644,0.4605
5.7281,0.53552
5.6959,0.52849
6.2269,0.48792
5.5843,0.53489
5.7745,0.5248
5.9892,0.51332
6.3747,0.49792
6.0776,0.51227
6.1141,0.51397
6.0713,0.51514
6.4435,0.50189
6.5486,0.48891
7.444,0.44099
6.9036,0.47055
7.4697,0.44828
6.9966,0.47176
6.6239,0.48938
6.3863,0.50133
6.5497,0.49144
6.9698,0.47541
6.3484,0.4998
6.2556,0.50346
6.1316,0.51201
6.3817,0.49681
5.5091,0.53084
4.0932,0.60244
4.0002,0.61128
3.9191,0.61832
6.3813,0.50591
3.9557,0.62252
6.5626,0.48482
4.2236,0.59599
5.9444,0.51396
4.509,0.57482
4.3406,0.58677
4.2398,0.598
4.2199,0.59943
6.4954,0.49648
5.4621,0.5443
6.0027,0.51935
6.5683,0.49579
6.4261,0.50117
5.5981,0.53638
4.1702,0.6007
4.9521,0.56361
5.4147,0.541
5.7758,0.52224
5.647,0.53679
5.0797,0.56342
4.4103,0.58609
4.2511,0.59509
3.8249,0.62791
3.9393,0.6181
3.9717,0.61779
3.688,0.6419
5.943,0.52005
4.3839,0.58802
4.289,0.59346
6.1332,0.50555
6.5526,0.48952
5.1497,0.55741
4.0589,0.60947
4.3707,0.59081
4.3613,0.58274
4.3102,0.59375
4.1146,0.61044
3.884,0.62332
4.0102,0.61306
4.0673,0.609
4.0896,0.60693
4.3745,0.58082
5.7719,0.51818
5.9588,0.51457
4.2745,0.59264
3.8966,0.62074
4.459,0.58211
4.1515,0.60038
4.2621,0.59501
6.3241,0.50211
4.4627,0.57996
6.3341,0.50047
4.3275,0.58654
6.3502,0.50176
4.1149,0.60029
6.2554,0.50259
4.3047,0.58819
6.337,0.50338
6.2157,0.51206
6.6951,0.48947
4.108,0.606
3.9129,0.61671
6.3088,0.50506
6.5559,0.49424
6.2174,0.50952
6.2932,0.50528
3.9801,0.61599
6.3327,0.5017
3.5949,0.64408
5.8937,0.52051
5.9457,0.51882
5.9958,0.5086
4.5969,0.58005
4.8586,0.56037
6.7246,0.48083
5.3682,0.53438
4.9127,0.56327
5.9887,0.5208
6.7308,0.47901
6.4821,0.49151
6.4923,0.49038
6.0593,0.51083
6.602,0.48539
6.5455,0.48866
5.8669,0.52346
6.183,0.50892
6.1158,0.51424
6.1281,0.51544
4.7918,0.57433
5.2638,0.54488
5.5631,0.52785
5.3133,0.54102
6.6205,0.48066
4.8986,0.54902
5.9929,0.49401
4.6374,0.57696
4.9766,0.55139
5.9025,0.51641
5.5723,0.53538
6.007,0.51269
6.0452,0.51255
5.1346,0.55096
6.3813,0.49523
6.2264,0.50233
6.4935,0.4826
6.993,0.46506
6.7712,0.47792
6.045,0.50859
6.3135,0.49567
6.6285,0.48497
6.2481,0.48947
5.7597,0.5156
6.5151,0.48742
4.9268,0.55455
6.5533,0.46843
6.7794,0.47621
6.3115,0.49498
6.2005,0.50246
5.5306,0.54897
6.5265,0.48434
5.7995,0.51949
5.621,0.52656
6.4006,0.49347
5.9052,0.51333
6.0066,0.50829
5.9971,0.51492
5.8434,0.51849
5.7941,0.52519
7.0488,0.46479
6.701,0.48175
6.1955,0.50539
6.4796,0.48756
7.0463,0.46803
6.7456,0.48403
7.7799,0.4444
7.5012,0.45672
6.9687,0.47229
7.8556,0.44754
6.4794,0.49126
6.7635,0.47928
6.4891,0.48968
6.5186,0.48137
6.9654,0.47473
6.6765,0.48143
6.3942,0.49244
7.2341,0.46408
7.2249,0.46518
7.4385,0.45255
6.7145,0.47985
6.6773,0.47706
6.974,0.46412
6.8273,0.47206
6.1668,0.49364
5.7899,0.51573
6.8563,0.47096
6.3427,0.49613
4.6456,0.57872
6.5046,0.48824
6.7414,0.47885
6.0607,0.5099
6.7371,0.47266
6.0788,0.51118
6.3832,0.49489
6.4734,0.48388
6.364,0.49642
6.7107,0.47837
6.7821,0.47842
6.3877,0.49767
6.315,0.49666
6.5126,0.49109
6.4803,0.48949
7.1048,0.45562
7.0264,0.46333
6.6081,0.47748
6.8474,0.46919
6.3765,0.49552
4.8108,0.55964
4.7329,0.56916
7.8988,0.43906
6.9917,0.4752
7.2438,0.45784
6.9301,0.4741
4.9078,0.55848
4.5699,0.58225
5.1142,0.5525
5.531,0.54191
6.408,0.50802
5.0013,0.56037
5.1603,0.54527
5.5722,0.52371
6.0261,0.50263
5.3466,0.5414
5.2881,0.54346
5.3118,0.54526
4.6968,0.57697
5.0639,0.55962
5.0651,0.56465
5.1535,0.55676
5.1741,0.55254
5.2846,0.54201
7.1481,0.46323
6.3807,0.5028
6.3628,0.49846
5.905,0.52022
6.7214,0.48183
7.1164,0.46644
7.597,0.4363
7.1501,0.45931
7.2609,0.46027
6.8722,0.4815
5.1427,0.55317
7.2534,0.46075
5.1558,0.54794
7.1905,0.46822
6.7732,0.47991
6.5831,0.49192
6.5997,0.48583
5.4843,0.53092
6.725,0.4818
6.6483,0.48513
6.4629,0.49558
6.4829,0.49662
6.1972,0.50747
6.7031,0.48545
6.0483,0.50581
5.6912,0.52339
5.4041,0.54093
5.9299,0.51119
5.6121,0.52679
5.6842,0.52861
5.5464,0.53189
6.167,0.49931
6.4798,0.48315
6.241,0.4966
5.4581,0.53868
5.6418,0.52784
6.6397,0.48342
4.4422,0.58286
6.9005,0.47362
6.7903,0.48068
7.192,0.46248
6.6484,0.48549
5.8528,0.52362
6.2924,0.50029
6.6634,0.48503
6.3971,0.49467
6.5665,0.48724
6.2878,0.50271
6.0908,0.51602
4.2353,0.6023
6.8448,0.48772
7.2539,0.46181
6.4727,0.49486
6.8239,0.48223
7.3857,0.45207
7.3781,0.45335
7.4731,0.4501
6.8316,0.47668
6.8493,0.47933
5.9263,0.51435
4.5484,0.57491
6.4235,0.50205
6.1089,0.51471
6.2867,0.50234
6.315,0.49547
6.2833,0.5092
6.3297,0.50668
6.2345,0.50464
6.6524,0.48606
6.3678,0.49706
4.8608,0.54923
6.6925,0.4822
5.7431,0.51797
6.5646,0.48288
6.1252,0.50911
6.1451,0.50973
6.1796,0.50237
6.2087,0.50465
6.1204,0.5079
6.2804,0.50777
6.569,0.48659
6.2074,0.50597
6.0611,0.51551
6.0915,0.51299
6.4491,0.48768
4.2381,0.59501
6.7066,0.48382
4.2976,0.59032
7.2721,0.46097
4.5778,0.56673
7.1471,0.46445
6.8973,0.47591
6.7443,0.4801
7.4019,0.45279
7.2542,0.46041
6.8453,0.47384
6.4522,0.48986
6.4754,0.48574
7.0487,0.4631
6.8647,0.47319
7.1059,0.46315
6.4689,0.48576
7.0956,0.46504
6.5165,0.49053
6.2078,0.50073
6.7865,0.4756
6.5952,0.48245
4.9825,0.53646
5.3739,0.53342
7.8253,0.42809
6.8161,0.47886
7.5525,0.44955
7.187,0.45551
7.0145,0.46829
7.6885,0.44048
7.1638,0.45934
6.608,0.47661
6.0867,0.50215
6.5472,0.49026
6.2392,0.50538
5.8563,0.51704
4.498,0.5726
6.053,0.50762
4.4255,0.58121
4.509,0.57514
4.4355,0.57683
4.2599,0.58849
6.395,0.49154
4.2127,0.59196
5.9895,0.51175
6.5683,0.48942
6.14,0.51098
6.9401,0.478
6.4536,0.49812
6.663,0.4825
6.9027,0.47442
6.8557,0.47308
7.1615,0.46045
6.6189,0.48283
4.4627,0.58048
6.7068,0.48016
6.5044,0.49105
7.3299,0.44876
6.9816,0.46374
6.8261,0.46911
6.2526,0.50322
7.3385,0.46108
7.4388,0.43268
6.9754,0.4662
8.0056,0.43008
6.7317,0.47967
6.2703,0.50058
6.7359,0.4805
6.7307,0.4838
5.9036,0.5168
6.7387,0.48308
6.8784,0.47001
7.1914,0.45231
7.2449,0.45866
6.296,0.49687
7.1661,0.46352
6.7943,0.47852
6.9442,0.47161
6.5752,0.48949
6.8758,0.47727
7.0607,0.46648
7.2231,0.4589
6.8967,0.47649
7.1622,0.46113
6.7859,0.47484
6.6342,0.47788
7.033,0.46402
6.7017,0.47981
6.8546,0.47519
7.3562,0.45163
5.7882,0.52339
7.0958,0.46204
6.7605,0.47837
6.4229,0.49367
6.9283,0.47095
7.2082,0.45629
7.2118,0.45551
7.0816,0.46341
6.6749,0.47904
4.205,0.5936
4.5794,0.57038
6.5881,0.49476
4.1197,0.60699
4.7247,0.56854
4.197,0.59962
6.9348,0.46857
6.8329,0.47805
4.4574,0.57689
4.8448,0.56095
4.1357,0.60188
4.6067,0.56842
4.0382,0.60652
4.4207,0.58617
4.3897,0.58817
4.6636,0.56321
4.3588,0.58788
4.1668,0.60235
4.4198,0.58693
4.6489,0.57148
4.8636,0.56044
4.8738,0.56029
4.9522,0.55625
4.5516,0.57547
4.9655,0.55525
4.5727,0.57407
4.5481,0.5779
4.7528,0.56843
4.5491,0.57233
4.8791,0.5512
4.4677,0.58278
4.6544,0.56822
7.2299,0.45988
7.1788,0.46139
6.8714,0.47446
6.5988,0.48671
6.9568,0.47404
6.9512,0.47086
7.1532,0.46912
6.6412,0.48697
4.3793,0.58829
7.0848,0.46608
7.178,0.45833
6.9978,0.46966
4.8603,0.5597
5.1719,0.53269
4.9415,0.55489
4.8321,0.56125
5.1188,0.54612
4.545,0.58227
4.7556,0.57351
4.7497,0.56476
6.4792,0.4887
5.3165,0.52927
4.8899,0.55986
4.9385,0.55103
5.6612,0.50584
4.6037,0.57076
4.4512,0.57357
4.6513,0.56597
5.1413,0.53428
7.2905,0.44932
4.876,0.55913
4.2826,0.59155
4.6993,0.56932
4.4806,0.58362
4.1678,0.60597
4.5941,0.57719
4.4942,0.57515
4.4125,0.58168
5.0336,0.54275
7.7595,0.43445
4.6546,0.56809
4.8597,0.55815
4.6774,0.57225
4.8097,0.55775
6.5356,0.4947
4.2724,0.60175
4.6808,0.57527
4.9137,0.55553
5.0254,0.55467
4.3485,0.59425
5.124,0.54277
5.1225,0.53366
4.9312,0.55349
4.9763,0.55353
4.8806,0.55506
4.5201,0.58515
4.5754,0.57424
4.3989,0.59528
4.3826,0.59183
4.4716,0.58914
2.9539,0.68841
6.7278,0.48148
4.4848,0.58443
6.4125,0.49717
4.4779,0.58782
7.2607,0.4614
6.4908,0.49907
6.2946,0.51383
5.8573,0.52709
6.15,0.51969
6.6894,0.49136
6.4158,0.50819
7.2156,0.46386
7.2549,0.4664
6.5816,0.49165
6.5927,0.49197
6.2602,0.49993
5.9572,0.51002
6.4515,0.49152
7.3387,0.45829
5.8404,0.52127
6.1622,0.50022
5.9848,0.5138
6.4808,0.48915
6.9756,0.47804
7.0822,0.47583
6.5191,0.49567
6.7575,0.49039
6.6521,0.49767
6.8187,0.48768
6.5837,0.49799
6.8794,0.48136
6.7371,0.48828
6.5597,0.49693
7.0833,0.47335
7.0294,0.47907
6.901,0.48582
7.0447,0.47962
6.2011,0.50309
6.4492,0.50066
6.4987,0.50119
5.5361,0.54477
6.6496,0.49227
6.2954,0.5058
6.2103,0.50737
6.8635,0.48126
6.3547,0.50048
6.7061,0.49071
5.4017,0.5457
6.2196,0.51159
5.6484,0.53719
5.7333,0.53256
5.8578,0.53187
6.9816,0.47928
6.5547,0.49971
6.5612,0.50209
6.3922,0.50497
6.238,0.51518
7.0309,0.48024
7.2467,0.47287
6.4291,0.50346
6.5037,0.49596
7.6064,0.45987
6.4034,0.5055
5.4096,0.54817
7.0122,0.48096
6.6173,0.50132
6.4822,0.50342
6.6614,0.48854
8.3242,0.4259
7.1612,0.46867
6.8283,0.48191
6.4706,0.50438
6.1229,0.5227
6.6288,0.49829
6.2455,0.51785
6.2286,0.51363
6.5241,0.49866
6.5546,0.48808
6.6925,0.49515
6.3778,0.49935
6.5891,0.4959
6.1377,0.51761
6.3479,0.50344
5.0393,0.57032
4.8955,0.58427
7.6948,0.46069
6.3593,0.51431
7.1114,0.48302
6.8376,0.48997
6.8522,0.49023
6.8946,0.48763
6.0734,0.51406
4.6568,0.57816
6.0462,0.52179
5.9824,0.5298
6.3821,0.50629
7.6911,0.45395
6.9491,0.47972
6.2938,0.50526
6.8572,0.48717
6.7832,0.49186
6.8186,0.48769
7.4809,0.46099
6.9122,0.48358
4.5888,0.58645
6.6136,0.49816
7.2612,0.46576
7.2316,0.46748
6.5324,0.50442
6.1747,0.51373
6.685,0.49418
4.0558,0.61482
3.6823,0.64641
6.1583,0.52018
7.6181,0.45727
6.2775,0.51479
6.4729,0.51063
6.5256,0.50876
6.7764,0.49572
5.0393,0.56891
4.9034,0.57495
4.9098,0.57142
4.8514,0.56113
5.0012,0.56937
4.9143,0.57496
4.924,0.57428
4.899,0.57543
4.6424,0.59034
4.7048,0.58666
4.6856,0.58362
4.7554,0.58014
5.2182,0.55621
6.2455,0.51401
6.191,0.51917
5.7573,0.53923
5.7387,0.54006
6.4436,0.51462
6.2152,0.52366
6.9039,0.4953
5.5844,0.54915
5.6675,0.54451
6.6209,0.50552
6.4627,0.50732
6.5849,0.50494
6.8836,0.49138
4.7625,0.58437
6.8307,0.50076
6.5414,0.5125
4.6414,0.59806
4.7403,0.5868
6.6506,0.49631
6.5211,0.50081
4.8979,0.57265
7.3162,0.47098
6.7036,0.50253
6.6253,0.50549
6.6981,0.5035
6.1958,0.52923
4.6641,0.58814
6.1849,0.52953
6.4545,0.51568
6.1487,0.52874
6.2612,0.52378
5.6944,0.54623
7.0152,0.4827
6.1078,0.53007
5.9085,0.53639
6.7348,0.50146
6.5067,0.51037
6.3525,0.51145
5.5997,0.55251
6.1161,0.52792
4.7076,0.58943
6.2807,0.52569
6.325,0.52096
5.0327,0.575
6.2792,0.52816
5.8943,0.545
6.2594,0.52682
4.1631,0.62453
6.101,0.53544
5.9246,0.54073
6.3312,0.52062
6.3014,0.52547
6.5004,0.51249
6.0197,0.53969
6.079,0.53579
6.0466,0.53782
5.9701,0.54156
6.065,0.53876
6.353,0.52371
6.6436,0.50717
6.7521,0.50343
6.47,0.51604
6.589,0.5144
6.5468,0.51698
6.1285,0.53464
6.3786,0.5251
6.1088,0.53828
6.4042,0.52465
5.9951,0.54071
6.4347,0.52547
6.0178,0.54367
6.2018,0.53411
6.4313,0.52163
6.2163,0.53194
6.1307,0.53817
6.3025,0.52748
6.6082,0.51331
6.1665,0.52863
5.9758,0.54107
6.1462,0.53181
6.1836,0.52916
6.1429,0.53094
6.0244,0.53983
7.2253,0.48991
5.8707,0.54732
6.2588,0.53029
7.1964,0.49892
6.2967,0.52821
7.3702,0.48646
6.2697,0.5346
5.9868,0.53959
6.2787,0.53143
6.6011,0.5177
7.3632,0.48937
6.1875,0.53342
6.0872,0.5345
5.8518,0.54599
5.7362,0.55208
5.9573,0.54013
6.4689,0.52309
6.4878,0.52089
6.7216,0.50798
5.8762,0.55084
6.5246,0.51716
6.2053,0.53155
5.512,0.5686
6.0928,0.53563
4.33,0.61604
7.9007,0.46749
6.6284,0.51735
6.6197,0.51387
5.9915,0.54231
6.7604,0.50728
4.6294,0.60048
5.8271,0.55086
4.7277,0.59319
4.5896,0.60308
4.9416,0.57927
6.2082,0.53524
6.8438,0.50458
6.5949,0.51642
3.91,0.64911
6.7866,0.50611
5.7387,0.55942
6.4687,0.52139
6.2664,0.53136
6.2626,0.53277
7.3086,0.48511
6.5071,0.52146
6.2697,0.53348
6.7856,0.51085
6.6752,0.51803
6.1613,0.54289
6.4515,0.52733
6.1924,0.54291
7.081,0.49599
7.4371,0.48201
6.4084,0.52903
6.486,0.52802
5.0294,0.5818
4.9748,0.58871
6.7537,0.51401
4.648,0.60939
3.6519,0.66467
5.1661,0.57849
7.0517,0.50149
6.362,0.53418
6.7367,0.51369
6.6204,0.51703
6.2277,0.5381
6.6297,0.52267
6.5766,0.52374
6.5508,0.52448
6.7914,0.51189
7.3143,0.49163
4.619,0.6071
6.833,0.51587
6.7348,0.52039
5.266,0.57321
6.5061,0.52752
6.6616,0.51872
6.9759,0.50854
4.8313,0.5995
7.116,0.50095
4.9793,0.59085
7.6918,0.47287
6.2339,0.54564
7.2955,0.49741
6.9283,0.51247
7.0713,0.50644
7.6946,0.4806
7.2196,0.49918
6.8381,0.51621
6.7979,0.52057
6.7664,0.51719
6.768,0.52076
6.8609,0.51642
6.6635,0.52732
6.9349,0.51475
5.4373,0.56939
5.4987,0.56389
5.9528,0.54053
5.1863,0.58699
5.9245,0.54618
7.4132,0.49635
7.2662,0.50724
7.8674,0.48201
5.3618,0.58297
5.2721,0.59017
5.5271,0.57207
5.3797,0.57256
6.3278,0.54235
5.5258,0.56851
5.9821,0.54541
7.1217,0.50763
5.0344,0.59787
5.5505,0.57834
6.7024,0.53289
7.0548,0.51222
5.3681,0.58748
7.3641,0.50209
5.4606,0.58063
6.1729,0.55635
7.4634,0.49747
6.8729,0.52644
7.4235,0.5009
6.8998,0.52232
6.992,0.51739
6.7453,0.53192
7.3053,0.50429
5.6616,0.574
6.6666,0.53404
6.7355,0.53294
6.1248,0.56227
7.4352,0.50472
5.3537,0.58754
6.7346,0.52643
7.5441,0.49089
7.427,0.49835
7.1903,0.50937
5.4517,0.57682
4.8226,0.61868
5.8336,0.55668
5.9145,0.5521
5.1958,0.58834
7.3916,0.50321
6.6692,0.53388
7.5388,0.49804
7.2683,0.50592
7.0073,0.51869
7.0362,0.5173
7.0141,0.51756
7.0122,0.52163
6.8378,0.52731
6.6284,0.54001
6.694,0.53832
7.4261,0.50375
7.0326,0.52243
7.1102,0.51802
8.0906,0.4779
7.679,0.49157
7.0459,0.51561
7.5738,0.49257
7.2663,0.50941
7.884,0.47875
7.6957,0.48535
7.7669,0.48408
7.2825,0.50603
7.7916,0.48275
7.2383,0.51095
7.4486,0.50187
8.5767,0.45555
7.5118,0.50444
8.1976,0.47331
8.4118,0.46558
7.1562,0.51286
7.5777,0.49524
8.1869,0.46896
7.7054,0.49063
8.1897,0.47561
7.7584,0.49932
7.6178,0.4971
9.0023,0.44758
8.6324,0.46672
8.2081,0.47194
8.2776,0.47405
7.978,0.48371
8.4995,0.46628
7.8078,0.48851
7.6357,0.49478
8.1938,0.47756
8.5303,0.46185
7.883,0.48983
7.7385,0.49238
9.1212,0.4473
7.9446,0.48492
7.6808,0.49457
7.7851,0.49609
7.823,0.49173
8.3803,0.46872
7.3362,0.51089
6.8036,0.51466
6.2294,0.5457
6.2308,0.54279
7.3947,0.50932
7.7107,0.49446
9.2409,0.43442
7.1002,0.5166
7.6344,0.49272
7.6946,0.49391
7.7328,0.49514
8.0011,0.48657
7.9269,0.4862
8.0721,0.48011
7.8647,0.4907
7.8115,0.4934
7.8227,0.49045
6.2742,0.54504
8.0492,0.48119
9.0813,0.43986
7.7878,0.49892
5.7361,0.57516
7.5236,0.50748
7.8442,0.49338
8.1674,0.4789
7.8725,0.48965
7.9665,0.48607
8.0778,0.48387
7.9771,0.48826
8.1259,0.48199
7.7065,0.50332
8.2815,0.47612
6.4875,0.53938
6.6039,0.5307
6.4178,0.5423
6.5847,0.53051
6.5564,0.53517
8.0249,0.49009
8.0124,0.48891
7.689,0.50513
8.0755,0.49034
8.0363,0.49122
6.6104,0.53394
6.9655,0.52086
6.6875,0.53757
8.2967,0.48171
6.4837,0.54608
6.662,0.54046
7.6771,0.50627
8.1283,0.48779
6.358,0.55156
7.7332,0.50437
6.6158,0.53823
7.8863,0.49871
7.6702,0.50589
8.0073,0.4942
5.9833,0.56201
5.8698,0.5764
6.0268,0.56163
7.58,0.50583
6.5357,0.54056
8.0174,0.4921
7.7499,0.50522
7.8467,0.50249
7.8178,0.50627
5.9412,0.56906
7.775,0.50364
8.6627,0.46926
6.9028,0.52418
6.4882,0.54454
7.8133,0.50146
8.4748,0.47526
7.8737,0.50177
8.1377,0.48964
8.6541,0.46934
8.3122,0.48401
8.4059,0.47982
8.4116,0.48094
8.4079,0.48266
7.1138,0.53749
6.0961,0.568
7.8699,0.50456
8.2,0.49067
7.0433,0.52678
6.7779,0.53807
8.0366,0.49832
7.6014,0.51499
6.4471,0.54985
8.1836,0.48918
6.7619,0.53879
8.5567,0.4759
7.291,0.51062
6.8409,0.53365
6.5962,0.54501
6.3359,0.55748
7.4367,0.506
6.5673,0.54649
6.2749,0.55663
6.4021,0.5522
6.0102,0.57045
6.5451,0.54353
6.6392,0.5411
6.5714,0.54214
5.6918,0.59069
6.3002,0.55601
6.8834,0.52856
6.6054,0.54288
6.6899,0.53902
7.3686,0.50891
6.9502,0.52535
6.7172,0.5366
6.756,0.53533
6.3748,0.5523
7.0871,0.51724
8.679,0.47004
6.7667,0.53299
5.9226,0.57842
6.7382,0.53457
8.4442,0.47923
7.8955,0.50188
7.4288,0.52438
7.315,0.5248
8.1775,0.49171
8.1962,0.48713
8.1624,0.48758
8.2858,0.48168
6.5237,0.54639
8.1938,0.49183
7.4113,0.52462
8.1627,0.49484
7.5815,0.51622
8.2901,0.48861
7.75,0.5116
8.2042,0.48776
7.7434,0.50844
8.0868,0.49433
7.402,0.52351
8.0375,0.49662
8.5397,0.47686
9.1311,0.46462
7.8943,0.50304
7.8678,0.5067
9.3747,0.46085
8.4051,0.48153
7.2844,0.52739
7.588,0.515
7.6557,0.51207
8.9369,0.45946
8.128,0.49123
8.3084,0.48678
8.7461,0.47239
8.9566,0.46124
8.3622,0.48612
8.8565,0.46417
8.5548,0.47532
8.966,0.46018
8.618,0.47302
8.5505,0.47323
8.7869,0.46314
8.8583,0.46191
8.8918,0.46249
8.7928,0.46716
8.4396,0.47918
8.0537,0.5001
9.6103,0.43438
9.1054,0.45772
8.9075,0.46585
8.5406,0.4769
9.1706,0.45203
8.2683,0.48511
9.8552,0.42635
8.1873,0.49008
8.1176,0.49211
9.1362,0.45297
8.4956,0.47952
8.4571,0.4784
9.6605,0.43791
9.4897,0.44413
9.4992,0.44183
9.3464,0.44723
9.9726,0.4277
9.3488,0.4488
9.342,0.45072
9.7284,0.43563
9.5955,0.43797
9.141,0.45714
9.1045,0.45654
7.1219,0.5205
8.8226,0.47005
9.7142,0.44203
7.2938,0.51243
8.9229,0.46723
9.2084,0.45582
7.2968,0.51376
6.8179,0.53347
6.5239,0.54919
6.9584,0.5279
9.4477,0.44266
8.688,0.47115
8.7691,0.47393
9.4147,0.44726
9.3769,0.45248
9.7958,0.43636
9.7373,0.43788
7.6431,0.50381
9.1265,0.45882
9.0647,0.4605
8.949,0.46606
9.4685,0.44702
9.9309,0.43308
8.0813,0.48443
9.007,0.46447
8.9816,0.4675
8.5012,0.48522
8.9458,0.46617
9.3111,0.45299
9.0112,0.46732
8.8697,0.47227
8.6219,0.48009
8.9751,0.4667
8.7188,0.47641
9.5253,0.44606
8.7275,0.47576
9.9633,0.43095
9.3916,0.45001
6.6695,0.53637
6.356,0.55414
9.285,0.45479
6.7751,0.53341
8.7727,0.47522
6.6777,0.53724
6.7203,0.53634
9.5616,0.44605
6.8411,0.52826
6.8315,0.52958
9.0101,0.46614
9.5549,0.44654
7.9106,0.49397
8.9971,0.4677
8.9886,0.47023
7.2811,0.52021
9.1216,0.46615
8.7485,0.47813
7.2615,0.52264
7.6226,0.50469
9.792,0.44149
8.3938,0.49233
9.043,0.46695
7.657,0.50669
7.5499,0.51113
9.4724,0.45161
9.7499,0.44401
9.2768,0.45934
7.5434,0.51451
7.4444,0.51869
9.1712,0.46502
9.1902,0.4642
8.7382,0.47998
9.8845,0.43853
7.2979,0.51904
7.3369,0.51938
7.6923,0.50297
8.8158,0.47895
9.8563,0.44093
9.0446,0.46774
6.7292,0.54749
8.864,0.47466
6.8393,0.54064
8.5756,0.48638
8.8404,0.47879
9.7368,0.44642
7.2486,0.5266
7.8409,0.49986
7.5401,0.50975
7.0805,0.53563
6.9502,0.5382
7.6622,0.50943
7.6644,0.50974
7.8632,0.50181
7.5072,0.51194
7.4721,0.51772
7.4003,0.52064
9.2628,0.46366
7.2068,0.52632
7.5547,0.51235
8.2352,0.50219
8.8288,0.47649
8.8313,0.47827
8.7682,0.48191
8.9984,0.47125
8.2632,0.50174
7.4014,0.52357
7.0862,0.53462
7.1269,0.53124
8.093,0.50049
7.8381,0.50272
7.1104,0.53477
9.0956,0.47096
9.3202,0.46101
9.1985,0.46486
8.8543,0.47712
7.8,0.50282
7.5924,0.51182
9.0526,0.46904
7.3481,0.52119
9.2414,0.46358
7.124,0.52978
9.1232,0.46903
8.9946,0.47378
8.8398,0.48181
9.2282,0.4656
8.5157,0.49361
8.425,0.49554
9.1173,0.47211
9.1726,0.46795
8.5138,0.4928
9.0643,0.47166
8.2801,0.5043
7.6275,0.52888
8.7884,0.47886
8.9987,0.47182
7.032,0.53688
8.937,0.47278
9.3305,0.46096
9.447,0.45589
8.5153,0.49184
7.1068,0.53631
9.3017,0.46808
9.1322,0.47199
9.4634,0.45961
8.3707,0.50284
9.3783,0.4572
9.458,0.45395
8.8422,0.47463
8.7698,0.47795
9.8595,0.43782
9.6694,0.4483
9.2557,0.46375
8.5159,0.48941
9.0181,0.47304
8.1505,0.5073
7.9398,0.51855
6.1325,0.58271
9.2534,0.46595
9.3414,0.46221
8.0265,0.51339
8.779,0.48093
9.4483,0.45628
8.9294,0.47703
8.9193,0.48038
9.0806,0.47426
