97.197,-0.22494
98.535,-0.22592
104.19,-0.2656
100.62,-0.24171
95.89,-0.215
100.99,-0.24147
93.825,-0.20804
90.571,-0.19358
93.31,-0.20678
89.799,-0.19662
94.379,-0.21512
99.307,-0.23288
99.416,-0.24157
99.259,-0.24066
96.396,-0.22739
94.218,-0.21048
94.3,-0.21222
94.023,-0.20999
93.972,-0.20916
96.15,-0.22844
93.276,-0.21257
93.473,-0.21499
93.118,-0.20278
93.351,-0.20745
100.36,-0.24875
99.508,-0.24072
99.289,-0.23807
94.007,-0.21033
93.787,-0.21347
100.38,-0.24631
93.675,-0.21184
98.127,-0.23382
97.938,-0.2301
92.587,-0.20869
98.615,-0.23152
97.087,-0.23437
93.358,-0.21134
95.27,-0.21861
94.269,-0.21422
97.91,-0.2281
91.657,-0.2045
97.536,-0.22225
98.858,-0.22973
98.465,-0.22542
92.92,-0.20727
97.262,-0.22691
93.89,-0.21274
94.904,-0.20746
94.062,-0.21041
96.878,-0.21687
94.986,-0.21147
95.294,-0.21814
92.349,-0.20189
91.998,-0.2021
94.611,-0.21281
92.647,-0.20413
94.952,-0.21457
97.468,-0.22688
98.642,-0.23107
89.95,-0.19392
98.659,-0.22775
92.872,-0.21574
87.437,-0.18085
96.733,-0.22384
92.179,-0.20387
95.147,-0.21899
90.8,-0.1971
96.051,-0.23317
96.035,-0.2251
95.878,-0.22533
92.291,-0.21109
96.725,-0.22772
94.918,-0.22442
96.391,-0.2312
92.411,-0.21282
91.075,-0.19718
89.05,-0.18736
90.92,-0.1963
88.634,-0.18098
94.266,-0.21184
91.714,-0.20333
93.361,-0.21325
88.455,-0.18406
92.956,-0.21018
92.058,-0.21203
92.782,-0.20531
92.89,-0.20583
91.472,-0.19384
87.449,-0.18068
92.757,-0.20529
94.019,-0.21552
90.718,-0.20012
94.806,-0.21753
91.025,-0.21049
97.548,-0.23384
99.103,-0.2451
90.959,-0.18866
90.854,-0.18836
93.361,-0.20558
87.032,-0.17254
88.863,-0.1775
91.388,-0.19373
95.035,-0.21028
97.07,-0.22292
85.976,-0.16461
91.834,-0.20058
87.367,-0.1707
93.727,-0.20656
96.652,-0.22815
96.599,-0.23529
94.661,-0.22233
90.811,-0.20331
90.193,-0.19056
92.548,-0.20319
95.888,-0.22416
93.306,-0.20947
89.89,-0.19089
93.047,-0.20212
91.734,-0.19482
91.122,-0.18719
92.603,-0.21688
90.027,-0.19652
93.695,-0.21436
91.646,-0.21038
91.402,-0.19688
92.438,-0.2034
92.931,-0.20951
93.841,-0.21027
90.522,-0.18948
91.377,-0.19833
91.41,-0.20233
90.312,-0.19379
89.436,-0.19322
92.327,-0.20261
90.294,-0.19558
90.475,-0.20027
89.922,-0.18655
90.962,-0.21033
97.686,-0.22146
87.324,-0.18251
93.596,-0.21118
90.496,-0.19394
93.55,-0.21506
90.227,-0.20744
91.418,-0.20017
91.706,-0.206
87.318,-0.17535
89.684,-0.18873
93.956,-0.20713
91.056,-0.21285
90.956,-0.2055
88.324,-0.18745
92.741,-0.21201
91.563,-0.20251
93.655,-0.21405
90.221,-0.19537
86.056,-0.16951
84.859,-0.16606
83.089,-0.15607
86.582,-0.17312
89.588,-0.19298
89.34,-0.18535
90.936,-0.20917
91.431,-0.2111
88.92,-0.18962
92.623,-0.21539
86.496,-0.17575
89.637,-0.19925
88.53,-0.18535
85.532,-0.17545
86.091,-0.17721
86.237,-0.17227
86.462,-0.17338
88.273,-0.19031
84.186,-0.16315
90.015,-0.20342
87.332,-0.18268
90.381,-0.20947
86.983,-0.18218
86.956,-0.18376
88.699,-0.18796
86.66,-0.18405
88.804,-0.18577
85.515,-0.16102
89.242,-0.20132
86.66,-0.18095
85.914,-0.17337
86.067,-0.16975
84.719,-0.17611
86.851,-0.18368
85.101,-0.16582
85.592,-0.17515
80.725,-0.1418
81.464,-0.15077
81.298,-0.14723
80.049,-0.13242
83.058,-0.15893
78.556,-0.12691
79.126,-0.1333
78.634,-0.12582
78.272,-0.12376
77.057,-0.11684
79.631,-0.13586
79.131,-0.13299
79.465,-0.13685
78.816,-0.14574
80.194,-0.14772
74.238,-0.096826
73.888,-0.098011
77.143,-0.12026
73.648,-0.091256
75.522,-0.11236
74.142,-0.10424
71.31,-0.070917
74.553,-0.10741
74.197,-0.098383
57.56,0.035899
56.676,0.046883
67.801,-0.043925
59.261,0.023258
62.727,-0.0066998
68.843,-0.05575
55.074,0.055873
71.482,-0.081735
68.671,-0.058872
67.455,-0.052677
52.271,0.079241
53.277,0.070809
50.354,0.10137
49.754,0.10707
46.025,0.14118
45.665,0.14659
44.85,0.15507
52.093,0.080924
43.812,0.16971
46.745,0.13594
43.349,0.17445
47.715,0.12564
47.632,0.12617
42.047,0.19206
35.844,0.27422
37.599,0.24197
41.137,0.20116
32.679,0.31518
34.768,0.28621
35.216,0.28501
39.984,0.22447
38.363,0.24504
34.553,0.30215
34.314,0.31101
33.158,0.32124
36.756,0.27657
31.642,0.34197
33.999,0.30605
32.175,0.33425
28.929,0.38043
28.872,0.38404
29.961,0.35541
27.487,0.39754
28.773,0.37725
27.902,0.39304
27.105,0.40126
25.348,0.43241
26.055,0.4188
22.503,0.48349
23.062,0.46963
22.479,0.48063
22.812,0.46891
22.162,0.47985
20.48,0.51986
19.07,0.54827
20.382,0.52222
19.63,0.53789
19.083,0.54396
18.995,0.54672
19.405,0.53834
18.562,0.55079
18.152,0.55795
19.227,0.54385
18.368,0.55371
18.424,0.55544
17.019,0.58695
17.372,0.57886
16.504,0.59909
16.643,0.58948
16.463,0.59306
16.127,0.60611
15.601,0.61382
14.367,0.64507
15.26,0.62192
14.86,0.63242
14.942,0.62845
14.619,0.63799
14.028,0.64837
13.784,0.65492
13.854,0.65478
13.695,0.65681
13.188,0.66548
12.449,0.68197
12.727,0.67727
13.282,0.66152
13.052,0.66785
12.347,0.69163
12.733,0.67591
12.538,0.68996
11.805,0.70295
12.902,0.6767
13.014,0.67096
12.501,0.68407
12.393,0.68668
12.113,0.69377
12.173,0.69073
12.256,0.68744
12.341,0.68833
11.644,0.70613
11.593,0.70918
11.111,0.72575
11.948,0.69721
13.283,0.66751
13.609,0.66701
16.592,0.60475
19.082,0.57063
21.613,0.53603
27.941,0.45809
32.029,0.41395
31.197,0.41573
30.05,0.43376
32.046,0.41248
33.007,0.40479
36.53,0.36078
31.961,0.41005
34.15,0.39325
34.383,0.39145
34.929,0.3887
34.479,0.38911
34.229,0.39251
35.467,0.38581
35.581,0.38576
35.219,0.38198
35.65,0.38002
35.396,0.37865
34.522,0.39
33.951,0.39394
33.909,0.38829
35.095,0.37951
34.844,0.38735
33.343,0.40249
34.062,0.39126
34.129,0.39453
33.785,0.39771
33.116,0.40908
34.409,0.39549
33.151,0.40441
34.365,0.39208
32.946,0.40091
32.811,0.40663
32.778,0.40257
32.256,0.40881
33.346,0.39216
33.233,0.39247
32.326,0.41338
33.317,0.39844
33.232,0.39743
33.009,0.39653
32.388,0.40823
32.206,0.39984
32.042,0.40316
32.064,0.40109
31.829,0.40236
31.616,0.41604
31.247,0.4195
30.953,0.41991
32.192,0.41239
31.534,0.41306
30.297,0.42884
31.938,0.40675
31.666,0.40882
30.235,0.42681
30.024,0.42534
31.043,0.41359
29.765,0.42582
28.995,0.44273
30.219,0.42696
30.625,0.41769
29.937,0.42856
30.076,0.42129
30.106,0.42664
30.445,0.41884
30.039,0.42616
29.613,0.42825
29.502,0.4301
29.231,0.43205
29.662,0.42644
29.156,0.43203
29.161,0.43087
29.491,0.42897
28.645,0.44015
28.489,0.44021
28.35,0.4398
28.44,0.43983
28.67,0.43577
28.246,0.43953
27.727,0.44389
27.927,0.43948
27.996,0.43947
27.861,0.44382
27.556,0.44939
27.921,0.44366
27.93,0.43755
27.8,0.43483
27.926,0.43877
28.102,0.43611
27.911,0.43877
27.819,0.43995
27.706,0.4402
27.714,0.43941
27.428,0.44345
26.518,0.46239
26.59,0.4567
28.186,0.43719
27.668,0.43945
27.822,0.43772
26.613,0.45277
26.348,0.45532
27.468,0.4437
27.266,0.44887
27.336,0.44269
27.1,0.44751
26.578,0.45589
27.35,0.44757
26.655,0.45233
26.541,0.45622
27.814,0.43511
27.485,0.44253
27.086,0.44619
27.579,0.43559
26.33,0.45363
26.07,0.45664
26.988,0.44391
26.891,0.44919
26.95,0.4471
27.131,0.4421
27.177,0.44151
26.939,0.44586
25.592,0.4625
27.231,0.43855
26.911,0.4466
26.669,0.44768
25.903,0.45655
26.15,0.4549
26.774,0.44574
25.98,0.45434
26.05,0.45554
25.992,0.45031
26.303,0.44947
25.648,0.45469
27.03,0.44155
26.975,0.44427
27.232,0.43346
27.189,0.43771
27.482,0.43559
26.79,0.44493
27.095,0.44021
27.131,0.44044
27.117,0.43758
26.95,0.44038
27.091,0.43976
26.96,0.44235
25.977,0.45344
25.865,0.45225
26.182,0.45153
25.858,0.45876
27.142,0.43925
26.024,0.45291
26.167,0.44633
26.97,0.44062
25.529,0.462
25.856,0.45384
26.077,0.44968
26.024,0.4489
25.607,0.45754
25.153,0.46361
25.987,0.45073
25.826,0.45024
25.837,0.45491
25.983,0.44741
25.688,0.45393
25.862,0.45001
25.184,0.45857
25.765,0.45093
25.647,0.45784
25.641,0.4519
26.137,0.45375
25.334,0.4576
25.585,0.45482
26.138,0.4449
25.803,0.44943
26.639,0.44315
25.657,0.45414
25.605,0.4557
25.985,0.4489
26.17,0.44763
25.764,0.45134
25.39,0.45687
25.758,0.44983
24.793,0.46289
25.344,0.45702
24.838,0.46013
24.507,0.4658
24.721,0.46482
25.481,0.45348
24.249,0.47008
25.185,0.45629
24.785,0.45794
24.626,0.46035
25.387,0.45756
26.21,0.44343
25.985,0.44847
26.616,0.4358
25.707,0.44702
26.22,0.44431
25.391,0.45451
25.967,0.44735
24.237,0.47018
25.034,0.46036
24.753,0.46126
25.246,0.4568
25.541,0.45294
24.774,0.4628
25.477,0.4524
25.072,0.45987
25.209,0.45775
26.693,0.44388
24.274,0.46698
24.14,0.47234
24.82,0.46133
24.983,0.45955
25.026,0.45879
24.679,0.46577
26.169,0.4412
25.095,0.45617
25.286,0.45064
25.134,0.4534
23.896,0.46825
24.905,0.45881
24.688,0.46337
24.771,0.46208
24.886,0.46152
24.821,0.46248
24.988,0.46198
24.278,0.47042
24.478,0.46974
24.411,0.46455
24.511,0.46666
24.18,0.47005
25.018,0.4558
25.296,0.45062
25.157,0.45403
25.186,0.45236
25.41,0.44888
24.849,0.45641
24.832,0.45845
25.007,0.45351
24.931,0.4563
25.7,0.44919
25.119,0.45735
25.404,0.45218
25.457,0.45069
25.656,0.45287
25.77,0.44745
25.753,0.44893
25.651,0.44943
25.283,0.45412
25.041,0.45697
26.329,0.43961
26.133,0.44301
25.55,0.45155
24.926,0.45815
25.83,0.44541
26.005,0.44421
25.584,0.45029
25.707,0.44793
24.974,0.46046
25.686,0.44524
25.86,0.44356
24.753,0.46219
26.189,0.43984
25.969,0.44324
26.866,0.43047
26.196,0.43773
27.116,0.42798
26.773,0.43411
26.456,0.43564
25.881,0.44319
24.018,0.46259
25.92,0.44403
24.828,0.45444
25.498,0.44748
24.864,0.45723
24.984,0.45426
23.337,0.47547
23.805,0.47473
24.31,0.46309
24.658,0.45674
24.135,0.46464
23.625,0.47388
25.682,0.44599
26.312,0.43795
25.443,0.44893
26.299,0.43841
24.036,0.46333
24.276,0.46086
25.414,0.45081
25.56,0.44557
25.311,0.44963
24.393,0.4604
25.535,0.44799
25.345,0.45052
25.707,0.44381
25.17,0.45132
25.136,0.45697
25.319,0.44931
25.289,0.45093
25.001,0.4543
25.586,0.44398
24.642,0.45654
24.673,0.45449
25.456,0.447
25.343,0.44843
25.513,0.44493
25.34,0.44765
25.694,0.44317
25.574,0.4463
25.233,0.45189
25.599,0.44631
25.533,0.44788
25.501,0.44356
24.585,0.45719
25.95,0.43985
25.167,0.44818
25.574,0.44504
25.741,0.4421
25.634,0.44448
25.384,0.44616
25.598,0.44269
25.402,0.4466
25.653,0.44374
25.668,0.44404
26.151,0.44045
24.678,0.46311
26.02,0.44567
25.019,0.45639
25.668,0.4451
24.573,0.45757
24.575,0.4594
25.445,0.44548
25.267,0.44781
25.198,0.45098
25.154,0.45267
24.419,0.45827
25.407,0.44451
25.167,0.45182
25.232,0.44666
24.412,0.45979
25.176,0.45113
23.533,0.47044
24.988,0.45344
25.21,0.45141
24.823,0.45602
25.455,0.44703
25.283,0.45008
23.84,0.47104
25.446,0.44557
25.3,0.44717
24.249,0.46499
25.176,0.45389
25.461,0.44555
25.453,0.44769
25.745,0.43877
24.421,0.45832
25.37,0.44939
24.704,0.45411
24.37,0.45851
24.595,0.45618
25.395,0.44936
25.352,0.44775
25.456,0.44968
25.348,0.45067
25.093,0.45125
25.303,0.44659
25.576,0.44414
25.725,0.44382
24.93,0.45559
25.355,0.44653
25.533,0.44376
26.127,0.43919
24.962,0.45289
25.03,0.45433
26.242,0.43584
25.656,0.44496
25.115,0.44903
26.291,0.43495
25.444,0.44329
25.253,0.4512
25.009,0.45272
25.066,0.45139
26.207,0.43718
24.982,0.4532
26.165,0.43637
25.293,0.44902
24.912,0.45714
25.086,0.44972
25.17,0.44862
25.681,0.44105
25.35,0.44549
23.225,0.47603
25.075,0.44966
24.085,0.46059
25.117,0.4493
24.872,0.45367
24.54,0.45383
24.96,0.45164
25.003,0.44901
24.812,0.4543
25.288,0.44854
25.887,0.44038
25.235,0.44745
24.879,0.45418
25.161,0.44488
25.319,0.44555
24.53,0.45357
24.179,0.46117
25.11,0.44944
24.992,0.45382
24.264,0.4612
24.188,0.46269
25.265,0.44726
25.024,0.4508
25.154,0.44949
25.065,0.44999
24.97,0.45144
24.526,0.45356
25.512,0.44241
25.54,0.44464
25.273,0.44802
25.111,0.45017
25.421,0.44318
25.394,0.44499
25.644,0.44226
25.577,0.4414
26.591,0.43001
26.623,0.42896
25.587,0.44069
25.486,0.44215
25.443,0.44607
25.373,0.44564
25.534,0.44688
25.168,0.45016
25.18,0.44756
24.921,0.45308
25.483,0.44455
25.592,0.44281
25.558,0.44483
25.178,0.45105
25.325,0.44712
25.02,0.45148
25.736,0.44313
25.49,0.44416
25.06,0.4494
25.412,0.44651
24.608,0.46302
25.641,0.44269
25.224,0.44959
25.186,0.44807
25.567,0.44346
25.42,0.44538
25.715,0.44132
25.674,0.44287
26.574,0.43287
25.783,0.44227
26.503,0.43417
25.166,0.44925
25.318,0.44685
25.459,0.44564
25.388,0.44728
25.319,0.44834
25.273,0.45016
25.637,0.44469
26.321,0.43514
26.503,0.43627
26.38,0.43635
25.268,0.44976
26.341,0.43767
26.471,0.43511
25.62,0.44386
25.841,0.44273
25.51,0.44594
26.234,0.43975
25.315,0.44925
26.167,0.44252
24.926,0.45765
25.373,0.44983
25.189,0.45319
24.907,0.45955
25.032,0.45155
25.243,0.44873
25.454,0.44581
24.265,0.46208
25.287,0.44801
24.917,0.45522
25.748,0.44302
24.397,0.45809
25.988,0.44109
25.371,0.44966
24.816,0.45533
25.477,0.44797
24.565,0.45644
24.915,0.45127
25.387,0.44804
25.29,0.44906
25.891,0.43888
25.399,0.44566
25.615,0.44381
25.417,0.44692
25.534,0.44471
25.769,0.44067
25.489,0.4439
25.519,0.44547
25.75,0.44383
23.374,0.47128
23.365,0.47153
26.04,0.43725
25.329,0.44653
25.529,0.44526
25.875,0.44049
25.284,0.44501
25.297,0.44665
25.224,0.44918
25.268,0.44689
25.389,0.44517
24.702,0.45641
24.825,0.45631
24.97,0.45487
25.308,0.44568
25.217,0.44952
25.276,0.44965
25.266,0.44676
25.249,0.44849
25.097,0.45098
24.873,0.45664
24.853,0.45715
24.923,0.45464
25.627,0.44338
25.573,0.44219
25.766,0.44126
25.955,0.44099
25.733,0.44266
25.847,0.43993
26.074,0.43711
25.933,0.43926
25.533,0.4453
24.743,0.45272
24.937,0.45075
26.078,0.43776
26.025,0.43474
25.656,0.4413
24.783,0.45177
26.752,0.4288
25.395,0.44398
24.83,0.44971
25.646,0.44261
25.591,0.44349
25.906,0.43901
25.397,0.44826
25.647,0.44262
25.607,0.44391
25.17,0.44621
25.829,0.43947
25.386,0.44528
24.969,0.45115
25.339,0.44572
24.783,0.45502
25.05,0.45042
25.448,0.44501
25.907,0.43868
25.246,0.4476
25.258,0.44838
25.661,0.44269
25.704,0.44025
25.895,0.43885
25.536,0.44312
25.406,0.44278
25.718,0.44017
25.414,0.44406
25.249,0.44945
23.849,0.46421
25.735,0.44304
26.149,0.43691
26.091,0.43851
25.6,0.44221
25.369,0.44553
26.022,0.43574
26.507,0.43224
25.183,0.44677
26.447,0.43215
25.143,0.44803
25.492,0.44333
25.629,0.44219
25.306,0.4479
25.331,0.44767
25.134,0.44882
25.301,0.44753
24.437,0.45587
25.685,0.44117
23.563,0.46591
24.664,0.4563
24.666,0.45309
23.793,0.46445
25.802,0.43922
25.564,0.44268
23.81,0.46438
25.839,0.43707
24.74,0.45316
25.958,0.43618
25.691,0.44188
25.663,0.44543
25.863,0.44024
25.509,0.44329
26.038,0.43856
26.032,0.438
25.952,0.43881
25.389,0.44839
25.471,0.44507
24.746,0.45313
25.833,0.44033
25.701,0.44133
25.088,0.44957
25.431,0.44497
25.786,0.44206
25.291,0.44916
25.438,0.44595
25.297,0.44755
25.406,0.4471
25.16,0.44841
25.186,0.44899
25.102,0.45137
25.12,0.44636
24.81,0.45156
25.428,0.44167
25.436,0.44386
25.435,0.44226
25.252,0.4446
25.148,0.44775
25.44,0.44253
25.308,0.44395
25.398,0.44456
24.082,0.45834
25.65,0.44069
25.901,0.44041
25.389,0.44829
24.842,0.45282
25.646,0.44333
24.922,0.4519
25.836,0.43944
25.465,0.4437
25.835,0.44149
25.498,0.44367
25.594,0.44351
25.03,0.45177
25.72,0.44345
25.353,0.44769
25.534,0.44627
25.011,0.4512
25.142,0.45184
26.011,0.43934
25.508,0.44715
25.654,0.44331
23.379,0.47238
24.541,0.45666
24.95,0.45168
25.005,0.45337
26.165,0.436
25.976,0.43847
26.026,0.43823
26.6,0.42912
25.477,0.44388
25.346,0.44683
24.762,0.45407
25.147,0.44809
24.719,0.45363
24.876,0.45196
24.944,0.45148
25.73,0.43977
25.864,0.43986
25.502,0.44399
25.025,0.45004
25.749,0.43965
25.236,0.44587
25.676,0.43968
23.938,0.46129
24.762,0.45207
25.732,0.44057
24.175,0.45947
24.358,0.45891
24.075,0.45809
24.257,0.45806
23.976,0.46394
25.836,0.43988
26.037,0.43578
26.582,0.43038
25.689,0.44325
25.359,0.44637
26.647,0.43257
26.807,0.4286
25.935,0.43851
25.31,0.44808
25.753,0.441
25.95,0.43673
24.366,0.45829
24.634,0.45349
25.151,0.44243
24.132,0.45646
24.396,0.45248
22.939,0.47041
22.951,0.47082
22.342,0.48278
23.049,0.47044
22.634,0.47622
23.03,0.47239
23.991,0.45943
22.981,0.47036
22.702,0.47611
24.361,0.45362
23.67,0.46445
23.802,0.46125
23.775,0.46406
23.805,0.45982
23.657,0.46531
23.498,0.46484
23.942,0.4589
24.26,0.45361
24.138,0.45647
24.455,0.45341
24.126,0.45802
22.435,0.48502
23.173,0.47165
22.779,0.47893
22.966,0.47677
22.868,0.47542
22.921,0.47368
23.578,0.46559
23.219,0.46986
22.98,0.47509
24.181,0.45812
23.545,0.46548
23.742,0.46712
24.089,0.45612
24.439,0.45173
24.402,0.45215
24.192,0.4547
24.193,0.45706
23.07,0.4709
24.014,0.4603
23.228,0.4692
24.363,0.45408
24.165,0.45787
24.139,0.45833
24.518,0.45279
24.184,0.45454
23.953,0.46132
23.919,0.46045
24.228,0.45576
23.818,0.46255
24.111,0.4582
23.915,0.45885
24.126,0.45614
23.964,0.45742
23.161,0.46875
23.363,0.4654
24.461,0.45281
23.874,0.4607
23.274,0.46865
23.536,0.46705
24.583,0.45331
23.56,0.46758
24.387,0.45502
23.501,0.46822
23.584,0.46661
24.168,0.46133
23.268,0.47354
23.32,0.47237
23.175,0.47219
23.271,0.47103
23.16,0.4708
24.054,0.45964
23.106,0.4743
23.874,0.46312
23.324,0.46922
23.927,0.46259
23.444,0.46511
23.092,0.47054
23.932,0.46195
23.557,0.46468
23.121,0.47105
23.264,0.46827
23.252,0.47209
23.515,0.46361
23.112,0.46996
22.964,0.47524
24.061,0.459
22.858,0.47523
23.802,0.462
23.998,0.45819
23.42,0.46719
23.822,0.45966
22.891,0.47395
23.839,0.46252
23.998,0.45818
23.112,0.46812
23.444,0.46626
23.364,0.46683
23.952,0.45839
23.622,0.46656
24.089,0.4551
23.566,0.46306
23.174,0.46854
23.18,0.47198
22.826,0.47273
23.182,0.46817
23.541,0.4624
23.342,0.46437
23.337,0.47019
23.246,0.47059
23.033,0.47068
24.061,0.45719
23.039,0.4706
23.229,0.47023
23.278,0.47047
23.053,0.47242
23.958,0.45786
24.37,0.45405
23.965,0.45705
23.457,0.46631
24.449,0.45535
23.363,0.46682
23.425,0.46747
23.804,0.46181
23.232,0.46878
24.079,0.45654
24.431,0.45235
23.491,0.46578
23.929,0.4616
22.91,0.47045
23.373,0.46326
22.951,0.46989
23.135,0.46932
23.466,0.46418
23.23,0.46722
22.896,0.473
23.216,0.46909
23.121,0.46945
24.1,0.45497
23.116,0.467
23.577,0.46102
23.386,0.46736
23.499,0.46688
23.307,0.47061
23.378,0.46742
23.689,0.46153
23.483,0.46814
23.72,0.46509
24.495,0.45455
23.646,0.46309
23.493,0.46651
23.396,0.47072
23.551,0.466
24.005,0.45919
22.786,0.47615
23.242,0.4691
23.572,0.4642
23.231,0.46923
23.263,0.46712
23.401,0.46544
23.252,0.46903
23.644,0.46042
22.546,0.47782
23.6,0.46199
23.536,0.46616
23.217,0.46567
24.12,0.45561
24.151,0.45688
23.443,0.46467
23.58,0.46308
23.383,0.46509
23.651,0.46083
23.428,0.46413
24.004,0.4579
23.786,0.46075
23.829,0.45996
23.822,0.46118
23.41,0.46784
23.88,0.46034
23.608,0.46046
23.712,0.46252
23.825,0.46054
23.33,0.46443
22.97,0.47123
23.792,0.46153
23.08,0.46959
22.309,0.48372
23.067,0.47158
23.986,0.45957
24.086,0.456
23.19,0.46864
24.017,0.46257
24.431,0.45711
23.282,0.46752
24.079,0.45838
24.094,0.45858
23.813,0.46092
22.961,0.47415
23.171,0.46643
23.789,0.45977
24.105,0.45329
22.75,0.47058
24.041,0.45567
23.394,0.46295
23.917,0.45797
23.588,0.46066
23.102,0.46806
23.735,0.45909
22.847,0.47091
22.676,0.47645
23.125,0.46651
22.836,0.46896
22.948,0.46785
22.761,0.47385
22.606,0.47689
22.814,0.46947
22.882,0.47
22.702,0.47208
22.586,0.47223
22.857,0.47064
22.627,0.47625
22.439,0.47717
23.078,0.46468
22.132,0.47749
22.558,0.47311
23.417,0.46481
22.543,0.4739
23.389,0.46339
21.956,0.48368
21.947,0.48354
21.805,0.48503
22.114,0.47823
22.597,0.47238
22.174,0.48173
22.372,0.47395
22.375,0.47327
23.116,0.46202
21.376,0.48247
21.966,0.47613
21.369,0.48606
22.329,0.47326
22.012,0.4744
22.752,0.46539
22.5,0.46935
22.47,0.47285
22.48,0.47215
22.6,0.46769
21.752,0.47983
22.998,0.46583
22.449,0.47429
22.106,0.47874
22.086,0.47482
22.658,0.46659
21.691,0.47974
22.058,0.47472
22.163,0.47222
21.738,0.48316
22.091,0.47484
21.716,0.47834
21.411,0.48273
21.339,0.48388
22.103,0.46953
21.574,0.47609
21.922,0.47368
22.588,0.46359
22.111,0.46919
21.734,0.47191
22.242,0.46777
22.563,0.46005
21.692,0.47592
21.358,0.47787
22.087,0.46798
20.673,0.49171
22.177,0.46763
20.869,0.48391
22.231,0.46616
22.195,0.46543
22.019,0.46854
20.663,0.48452
21.792,0.46844
21.068,0.47722
20.356,0.48888
21.21,0.47469
19.81,0.49267
21.176,0.47445
20.806,0.48069
21.734,0.46629
21.205,0.47274
21.724,0.46529
21.447,0.47101
20.382,0.48493
20.694,0.47834
21.385,0.46863
22.234,0.45568
20.888,0.47581
21.134,0.46705
20.859,0.47321
20.16,0.48227
21.23,0.46468
20.9,0.47168
19.961,0.48298
19.847,0.48588
19.736,0.48434
19.335,0.49333
20.024,0.48031
20.099,0.47737
19.852,0.48157
19.852,0.48176
19.561,0.48459
19.052,0.49413
19.297,0.49078
19.341,0.4876
19.118,0.49079
19.94,0.4805
19.378,0.48802
18.985,0.49088
19.401,0.48226
19.731,0.47774
19.642,0.47953
19.66,0.47856
18.808,0.4881
19.541,0.48226
20.238,0.46808
20.249,0.46697
19.433,0.47782
20.013,0.46817
19.159,0.48078
19.944,0.46635
19.156,0.47793
19.293,0.47391
20.066,0.46446
19.752,0.46924
20.04,0.46327
19.673,0.47222
20.194,0.46399
19.794,0.46777
18.485,0.48664
18.541,0.48477
19.343,0.47088
18.807,0.47756
19.156,0.47299
19.306,0.46916
19.603,0.46235
19.422,0.46652
18.226,0.4833
18.327,0.48324
18.33,0.48291
18.629,0.47752
18.203,0.48434
18.133,0.48548
18.345,0.48215
18.604,0.47762
18.257,0.48385
18.276,0.48235
18.337,0.47968
18.377,0.47791
17.751,0.487
18.854,0.47169
18.631,0.47643
18.989,0.46843
19.008,0.46882
18.027,0.4803
18.177,0.47751
18.234,0.47652
18.071,0.48227
17.921,0.48078
17.673,0.48433
18.158,0.47614
17.858,0.48177
18.225,0.47559
18.475,0.47243
17.761,0.48389
17.951,0.47849
17.911,0.47795
17.603,0.48395
17.56,0.48531
16.86,0.49341
16.772,0.49583
16.77,0.49504
17.058,0.49018
17.127,0.48743
16.838,0.49136
16.698,0.49278
16.339,0.50335
16.237,0.50154
16.351,0.5006
15.695,0.51098
15.784,0.50887
16.157,0.50182
16.198,0.50325
16.333,0.49899
16.657,0.49291
15.666,0.51438
15.883,0.50654
16.179,0.50266
15.732,0.50634
15.909,0.50407
15.319,0.51124
15.156,0.51435
14.377,0.5297
14.825,0.52124
14.614,0.52535
15.4,0.50875
14.833,0.51628
15.39,0.5055
15.025,0.51205
17.296,0.47253
14.91,0.51185
14.173,0.52727
16.942,0.48046
14.615,0.51844
14.339,0.52494
13.687,0.538
13.539,0.53994
13.201,0.53988
12.479,0.55744
10.814,0.59625
8.8571,0.65482
9.3506,0.62846
9.4348,0.62276
9.2734,0.62755
8.8525,0.63805
8.4257,0.65051
8.3654,0.65476
8.4092,0.65509
8.3836,0.6575
8.3969,0.65781
8.9428,0.6389
8.2208,0.66393
8.7891,0.64404
9.351,0.62405
9.1896,0.62491
9.7831,0.60627
9.1488,0.62374
8.6728,0.64322
8.255,0.6556
8.1814,0.65609
8.1999,0.65473
7.7529,0.67111
7.4727,0.68134
7.7706,0.67045
8.6291,0.64505
7.8599,0.67155
8.0569,0.65841
8.067,0.65731
8.0195,0.65973
8.4575,0.64405
8.3421,0.64838
8.9188,0.62999
8.9703,0.62666
8.8127,0.63428
8.0892,0.65745
7.7163,0.66905
8.4057,0.64674
7.8564,0.6639
8.1571,0.65521
7.3047,0.68263
7.6916,0.66861
7.4522,0.67776
7.4061,0.67761
7.3236,0.68125
7.4799,0.67289
7.2545,0.67904
7.7764,0.66078
7.8423,0.66043
7.3834,0.67381
8.0274,0.65323
7.5471,0.66988
7.5472,0.66873
7.47,0.67234
7.4659,0.67207
7.6983,0.66247
7.2474,0.67782
7.3111,0.67417
7.4632,0.66813
7.3289,0.67144
7.369,0.67122
7.2704,0.67397
7.7032,0.65926
7.1922,0.67839
7.3525,0.67423
7.4183,0.6681
7.1963,0.67756
7.3513,0.67054
7.7731,0.65589
8.3588,0.634
8.0889,0.64275
7.5338,0.663
7.9071,0.64757
7.1703,0.67328
7.1758,0.67221
7.1145,0.67475
7.1905,0.67222
7.2799,0.66883
7.279,0.66777
7.1201,0.67352
7.0316,0.67747
7.1833,0.67141
7.077,0.67373
7.3416,0.66301
6.914,0.67765
7.1687,0.66815
7.2899,0.66098
7.2292,0.66403
7.3965,0.65686
7.0549,0.66969
7.1447,0.66558
7.0486,0.66758
6.9139,0.67351
6.6122,0.68295
6.6059,0.68503
7.1271,0.66369
6.7575,0.67774
6.9667,0.67087
6.8762,0.67437
7.2741,0.65735
6.9475,0.66984
6.8452,0.67306
6.889,0.6716
7.1658,0.6616
6.7077,0.67562
6.9273,0.66786
7.2004,0.65744
7.0606,0.66128
7.156,0.65842
6.6133,0.68119
6.8316,0.6723
6.8911,0.66902
7.1401,0.65919
7.1118,0.6586
7.2778,0.65235
6.9598,0.66277
6.9395,0.66473
6.9179,0.66211
6.8465,0.6657
7.0131,0.6596
6.8994,0.66202
6.7975,0.66889
6.3458,0.68548
6.5362,0.67812
6.4298,0.68102
6.4509,0.68252
6.2678,0.68594
6.3434,0.68378
6.9142,0.6614
7.1746,0.65136
6.7267,0.66794
7.0688,0.65175
6.5648,0.67179
6.5594,0.67267
6.6366,0.66955
6.5474,0.67135
6.6139,0.66865
6.7261,0.66384
6.7712,0.66281
6.73,0.66269
6.5331,0.67134
6.6025,0.66776
6.6754,0.66506
6.2334,0.68251
6.5293,0.67054
6.6164,0.66896
6.8563,0.65961
6.6521,0.66771
6.3963,0.6747
6.6837,0.66393
6.6584,0.66415
6.4801,0.67063
6.433,0.67311
6.3046,0.67753
6.9436,0.65355
6.6167,0.66619
7.2027,0.64296
6.5623,0.66746
6.3584,0.67459
6.571,0.66553
6.2763,0.67682
6.2769,0.67593
6.1713,0.67969
6.4175,0.67104
6.4099,0.67211
6.3372,0.67537
6.4379,0.67115
6.4479,0.66926
6.4418,0.67047
6.1351,0.6823
6.0537,0.68406
6.167,0.68076
6.0555,0.68515
6.351,0.67204
6.356,0.67188
6.3956,0.67241
6.4886,0.66722
6.2231,0.67589
6.3857,0.67184
6.2122,0.67925
6.5181,0.66603
6.826,0.65439
6.5807,0.66241
6.4397,0.66711
6.3281,0.67435
6.3972,0.66849
6.3599,0.67101
6.1083,0.68129
6.1288,0.68099
6.3047,0.67401
6.6115,0.6625
6.3474,0.67034
6.3728,0.67081
6.5576,0.66391
6.2242,0.67677
6.4197,0.66784
6.2776,0.67429
6.2994,0.67484
6.0611,0.68446
6.4587,0.66626
6.3661,0.67123
6.4971,0.66519
7.0691,0.64503
6.3064,0.67266
6.155,0.67833
6.0503,0.6833
6.2966,0.67223
6.3044,0.67553
6.2801,0.67424
6.0428,0.6856
5.9165,0.69254
6.2461,0.67539
6.6524,0.66024
6.2956,0.674
6.1062,0.6829
6.3053,0.67392
6.3864,0.67196
6.2795,0.6747
6.5654,0.66336
6.3454,0.6736
6.3216,0.67407
6.1972,0.67854
6.0701,0.6857
6.1702,0.67916
6.2891,0.67344
6.2457,0.67631
6.2232,0.67557
6.2424,0.67605
6.2832,0.67377
6.0692,0.68212
6.1913,0.67842
6.2069,0.6764
6.384,0.67035
6.5021,0.6646
6.5882,0.66108
6.3195,0.67531
6.4212,0.66796
6.1699,0.67864
6.4003,0.66851
6.2691,0.67342
6.3398,0.67168
5.9968,0.68355
6.1216,0.68141
6.163,0.6792
5.8729,0.68946
6.1277,0.67796
5.9541,0.6867
6.2012,0.67499
6.229,0.67588
6.1976,0.67781
6.2986,0.67317
5.9796,0.68816
6.1048,0.68173
6.3737,0.67162
6.1185,0.68082
6.4075,0.66923
6.1425,0.67943
6.1743,0.67715
6.1427,0.67804
6.0308,0.68329
6.1721,0.67827
5.956,0.68495
5.8957,0.68785
6.2511,0.6727
6.2771,0.67453
6.0327,0.68107
6.2095,0.67745
6.6135,0.66087
6.3905,0.66795
6.1058,0.68201
6.4069,0.66866
6.4633,0.66535
6.2805,0.67327
6.1238,0.67935
6.2289,0.67421
5.9518,0.68743
6.2609,0.67336
6.1331,0.67776
6.2425,0.67299
6.2322,0.6719
6.3725,0.66799
5.7267,0.69347
6.1604,0.67758
6.2368,0.67451
6.284,0.67366
6.3249,0.67185
6.2091,0.67387
6.1896,0.67463
6.3232,0.66938
6.2565,0.67203
6.2218,0.67235
6.2233,0.67514
6.0665,0.6822
6.0606,0.682
6.1017,0.68201
6.4566,0.66512
6.1576,0.67856
6.1275,0.67895
6.1324,0.67823
6.0724,0.67909
6.1476,0.67702
6.1874,0.67251
6.1718,0.67424
6.3892,0.6641
6.4497,0.66418
6.2912,0.66977
6.3861,0.66818
6.3421,0.66874
6.3195,0.67071
6.3902,0.66908
6.1606,0.67568
6.126,0.67711
6.3582,0.66703
6.7098,0.65653
5.8265,0.69014
6.1549,0.67745
5.9654,0.68525
6.4618,0.66637
5.9262,0.68728
6.2441,0.67465
6.5944,0.65968
6.5121,0.66408
5.9446,0.68793
6.1768,0.67889
6.1151,0.67827
6.4642,0.66392
6.0623,0.6806
6.0295,0.68141
6.2552,0.67317
6.6598,0.65764
5.9527,0.68404
6.2255,0.67131
6.1149,0.67577
6.4567,0.6627
6.2161,0.6712
6.1889,0.67382
6.1492,0.67661
6.3614,0.66859
6.1054,0.67946
6.3127,0.67152
6.3415,0.66921
6.2926,0.67034
6.393,0.66512
6.5562,0.65973
6.4159,0.66535
6.4638,0.66237
6.2974,0.66996
6.2256,0.6748
5.8661,0.68939
6.0317,0.68264
6.2846,0.67215
6.1877,0.67633
6.2431,0.66926
6.0289,0.68017
5.9675,0.68205
6.2465,0.66995
6.1969,0.67317
6.168,0.67526
6.1779,0.67368
6.1667,0.67419
5.963,0.68471
6.1479,0.67661
6.0926,0.67913
6.2195,0.67395
6.3712,0.66744
6.0535,0.68037
6.2442,0.67216
6.3577,0.66778
6.2528,0.67174
6.2428,0.67234
6.2691,0.67056
6.3343,0.66792
6.3993,0.66438
6.5012,0.66058
6.254,0.67211
6.3857,0.66614
6.3787,0.66794
6.3055,0.67121
6.2189,0.67477
6.1872,0.67696
6.3707,0.66777
6.4586,0.66378
6.5144,0.6609
6.3472,0.66879
6.4502,0.66422
6.1388,0.67481
6.6262,0.6568
6.0652,0.67775
6.1304,0.67656
6.2248,0.67113
6.1829,0.67311
6.3217,0.6669
6.2304,0.67099
6.063,0.67949
6.1875,0.67195
6.0323,0.68128
5.7275,0.69459
6.3593,0.67025
6.0925,0.68038
5.9549,0.68598
6.1781,0.67391
6.1704,0.67432
6.046,0.67884
6.3402,0.66907
6.4162,0.66292
6.5112,0.66196
6.2414,0.67076
5.9721,0.68492
6.3575,0.67077
6.1113,0.67795
6.4792,0.66255
6.3838,0.66539
6.1372,0.67558
6.2161,0.67296
6.2166,0.67461
6.3188,0.66814
6.6104,0.659
6.1413,0.67556
6.3487,0.66953
6.1249,0.67862
6.3366,0.66826
5.9692,0.6836
6.3227,0.67032
6.1371,0.67533
6.3265,0.6683
6.1816,0.67362
6.1083,0.67777
6.0241,0.68194
6.4144,0.66616
6.1712,0.67562
6.1476,0.6753
6.269,0.67185
6.0786,0.68138
5.9258,0.68602
5.9734,0.68346
5.9714,0.68336
5.9645,0.68523
6.1808,0.67448
6.087,0.67886
5.9622,0.68497
6.0062,0.68296
6.0588,0.67867
5.9783,0.68344
6.1618,0.6765
6.2843,0.67249
6.2951,0.66911
6.2831,0.66917
6.2561,0.67003
6.3858,0.66633
6.2825,0.67155
6.3125,0.66947
6.2969,0.66958
6.3884,0.66673
6.1512,0.67616
6.152,0.67644
6.3112,0.66917
6.1988,0.67156
6.3058,0.66835
6.2768,0.67001
6.2506,0.67179
6.245,0.67371
6.4161,0.66733
6.1477,0.67754
6.2507,0.67327
6.4064,0.66552
6.2938,0.66967
6.7728,0.65135
6.287,0.66844
6.3344,0.66603
6.4204,0.66471
6.2578,0.67161
6.3025,0.66866
5.9443,0.68435
6.0286,0.68187
6.067,0.68013
6.4114,0.66765
6.2152,0.67224
6.106,0.67907
6.2478,0.67396
6.2786,0.6703
6.1116,0.6781
6.4642,0.66248
6.1678,0.67354
6.2071,0.67374
6.795,0.64733
6.2281,0.67046
6.2595,0.66933
6.5091,0.66037
6.4631,0.6631
6.4755,0.66054
6.4135,0.66395
6.4036,0.66491
6.242,0.6707
6.3319,0.66674
6.301,0.66916
6.1877,0.67479
6.4048,0.6647
6.3059,0.66732
6.3419,0.66725
6.0068,0.68031
6.37,0.66581
5.9055,0.68496
6.2828,0.66943
6.2482,0.67258
6.3066,0.66962
5.8969,0.68501
6.0026,0.68184
5.8667,0.6873
6.1016,0.67991
6.0158,0.68137
6.0362,0.6812
6.0495,0.67901
5.896,0.68812
6.089,0.67836
5.8264,0.69236
6.0013,0.68275
5.9472,0.68565
6.2907,0.66798
6.2963,0.66722
6.2402,0.67051
6.1784,0.6717
6.1255,0.67399
6.1427,0.67577
6.2579,0.67132
6.0691,0.67701
6.1953,0.67259
6.187,0.67349
6.1241,0.67652
5.9208,0.68365
5.645,0.69534
5.9124,0.68383
5.8045,0.68884
5.9418,0.68311
5.9333,0.68465
6.0188,0.68191
6.1876,0.67525
5.999,0.68104
6.0689,0.67823
6.1186,0.67663
5.9591,0.68498
5.971,0.68325
6.3987,0.66299
6.2728,0.67017
6.0697,0.67747
5.9148,0.68506
5.9981,0.68294
5.9403,0.68559
5.8907,0.68632
5.9717,0.68577
6.0322,0.67971
6.1775,0.67338
6.1443,0.67437
5.9195,0.68214
6.0731,0.67686
6.2591,0.67098
6.284,0.66841
6.1714,0.67545
6.0099,0.6788
6.0889,0.6768
6.0824,0.6782
5.941,0.68317
5.9016,0.6871
5.8735,0.68823
6.0252,0.68107
6.1182,0.67654
6.1306,0.67417
6.3845,0.66437
5.9211,0.68339
6.2217,0.67073
6.4711,0.66097
6.0266,0.67942
6.1963,0.67278
6.0609,0.67936
5.8947,0.68513
6.4673,0.66369
6.3883,0.66415
6.2594,0.66955
6.1574,0.67193
6.1668,0.67485
6.3131,0.66801
6.271,0.66848
6.2951,0.668
6.1805,0.67414
6.2028,0.67272
6.018,0.68209
6.1848,0.67436
6.3044,0.66851
6.3407,0.66746
6.0727,0.67763
6.8113,0.65152
6.2057,0.67538
6.3943,0.66486
6.4961,0.66135
6.7147,0.65338
6.2251,0.6715
6.4896,0.66244
6.1219,0.67545
6.1069,0.6804
6.4093,0.66631
6.3733,0.66609
6.3927,0.66747
5.5215,0.70173
6.4814,0.66076
6.5686,0.65873
6.3134,0.6701
6.3343,0.66916
6.1911,0.67351
6.124,0.67557
6.4902,0.66336
6.2744,0.66875
6.3062,0.66898
6.4649,0.66212
6.1101,0.67589
6.3343,0.66853
6.3371,0.66724
6.1042,0.67787
6.0963,0.67625
6.3351,0.66593
6.1351,0.67309
6.1292,0.67279
6.5012,0.66037
6.6229,0.65572
6.1776,0.67259
6.2161,0.67237
6.5337,0.65851
6.2307,0.67271
6.2164,0.67317
6.194,0.67304
6.0996,0.67793
6.2273,0.67147
6.0801,0.67712
6.2425,0.67008
6.0369,0.67499
6.1606,0.67217
5.8604,0.68541
6.2625,0.66989
6.2604,0.67005
5.9415,0.68455
6.0189,0.68284
6.0734,0.68072
5.9972,0.68247
6.3968,0.66473
6.1451,0.67565
6.142,0.6745
6.1328,0.67464
6.0932,0.67584
6.2107,0.67134
5.9514,0.68205
6.0946,0.67835
6.0034,0.68063
6.0516,0.68059
6.1672,0.67381
6.0513,0.67835
5.8604,0.6854
6.2096,0.67043
5.9248,0.68139
6.3174,0.66471
5.9813,0.67937
6.4887,0.66008
6.1234,0.67511
6.4935,0.6599
5.8766,0.68553
6.0167,0.68022
5.8742,0.68499
5.9474,0.68235
5.8862,0.68532
5.9071,0.68252
5.9718,0.67917
6.176,0.67098
5.9042,0.68268
6.141,0.67353
6.2633,0.66957
5.9941,0.68014
6.0347,0.68002
6.3592,0.6639
6.207,0.67002
6.2047,0.66889
6.1309,0.67398
6.1626,0.67189
6.3299,0.66488
6.1229,0.67415
6.3682,0.66282
6.2443,0.67009
6.1901,0.67232
6.0318,0.67732
6.3252,0.6668
6.2434,0.66951
6.0468,0.6762
5.9136,0.68195
6.0923,0.67386
6.2134,0.67117
6.2754,0.66918
6.1771,0.67281
6.1508,0.67502
6.1421,0.67445
6.182,0.67393
6.198,0.6726
6.4642,0.66237
6.3526,0.66679
6.3458,0.66475
6.3985,0.66533
6.4166,0.66259
6.2664,0.66854
6.3164,0.6683
6.4058,0.66479
6.3509,0.66637
6.3788,0.66756
6.4153,0.66444
6.2934,0.67084
6.3205,0.66603
6.1332,0.6723
6.2617,0.67039
6.3162,0.66581
6.3504,0.66557
6.266,0.66946
6.1654,0.67238
6.034,0.67858
6.2367,0.6706
6.2658,0.66724
6.1651,0.67158
6.2701,0.66812
5.9706,0.67919
5.9527,0.68361
6.3273,0.66841
5.9074,0.68482
6.015,0.68023
5.932,0.68272
6.294,0.66884
5.9666,0.68233
6.0591,0.67711
5.9218,0.68438
6.0556,0.67805
6.211,0.67355
6.1773,0.67049
6.1592,0.67276
6.2856,0.66742
6.1029,0.67581
6.072,0.6775
6.2299,0.67024
6.0038,0.67944
6.2266,0.67113
6.0494,0.6786
5.8365,0.68655
5.9922,0.68018
6.2401,0.67021
6.2737,0.66889
6.0462,0.6756
6.2558,0.66914
6.3662,0.66526
6.2497,0.6697
6.4186,0.66216
6.4567,0.66053
6.2753,0.66771
6.5107,0.65979
6.5125,0.65932
6.0776,0.67731
6.1406,0.67307
6.1362,0.67316
5.9997,0.67978
5.9569,0.68147
6.0473,0.67674
5.9384,0.68292
6.0015,0.67899
6.0021,0.68146
6.1243,0.67624
6.2959,0.66883
6.0308,0.68257
6.3076,0.66684
6.2343,0.67073
6.7224,0.65055
6.3285,0.66381
6.4644,0.65993
6.5257,0.65566
6.3994,0.66058
6.2948,0.66859
6.2221,0.66896
6.2232,0.66893
6.5387,0.6587
6.5723,0.65544
6.2499,0.67003
6.389,0.66355
6.3031,0.66809
6.265,0.66921
6.1686,0.67223
6.2501,0.67048
6.2634,0.66858
6.5064,0.65968
6.443,0.66058
6.1998,0.66921
6.6167,0.65546
6.2206,0.67202
6.4763,0.66263
6.4635,0.66149
6.1753,0.67286
6.2066,0.67009
6.2201,0.671
6.1513,0.67243
6.1385,0.67167
6.0569,0.67526
5.9747,0.6777
5.9837,0.67818
6.2423,0.66831
6.1742,0.67342
6.1525,0.67207
6.2668,0.66887
5.9646,0.68299
6.0793,0.67867
6.2254,0.6713
6.1536,0.6725
6.1006,0.67447
5.9443,0.68238
5.9548,0.68108
6.2178,0.66936
6.3246,0.66578
6.1875,0.67309
5.959,0.68057
6.2814,0.66574
6.1233,0.67403
6.1568,0.6726
5.942,0.68041
5.8814,0.68342
5.8906,0.68158
6.0662,0.67568
5.9152,0.67944
5.9742,0.67779
5.903,0.68279
6.1779,0.67061
6.3256,0.66602
6.2634,0.66849
6.7091,0.65219
6.2105,0.67139
6.307,0.66618
6.6901,0.65206
6.4131,0.66087
6.1957,0.67117
6.431,0.66208
6.3811,0.66282
6.3321,0.66513
6.1289,0.67473
6.2447,0.66924
6.6355,0.65503
6.142,0.67335
6.1314,0.67289
6.2071,0.67032
5.9062,0.68317
5.9499,0.67997
6.0343,0.67697
5.9445,0.67909
5.8882,0.68288
6.1476,0.6727
6.0779,0.67483
6.1537,0.6708
5.8598,0.68383
6.1883,0.67177
6.174,0.67299
6.1227,0.67722
6.1089,0.67712
6.003,0.67896
5.8948,0.68379
6.192,0.67089
6.1041,0.67321
6.093,0.6734
6.2995,0.66442
6.1375,0.67373
6.4573,0.66043
5.9705,0.6814
6.1164,0.67537
6.0567,0.67821
5.9961,0.68121
6.1212,0.67634
6.0381,0.67753
6.0385,0.6768
6.0641,0.67526
6.354,0.66372
5.9928,0.67875
6.0388,0.67735
5.9913,0.67932
6.1503,0.67216
6.067,0.67619
6.1417,0.67381
6.3064,0.66756
6.1845,0.67409
6.0604,0.67679
6.0376,0.67912
6.1658,0.67401
6.1174,0.67528
6.0555,0.67748
6.391,0.66465
6.16,0.67347
6.3023,0.66643
6.0046,0.67893
5.7756,0.68784
5.9251,0.68337
6.1506,0.67142
6.2787,0.66745
5.9002,0.68156
6.0317,0.6791
6.102,0.67437
5.9196,0.68173
6.206,0.67018
5.996,0.67851
5.9825,0.68161
6.379,0.66404
6.136,0.67267
6.2129,0.67096
6.257,0.66942
6.3647,0.66479
6.2447,0.67162
6.3285,0.66768
6.1491,0.67403
6.3352,0.6666
6.2109,0.67162
6.0583,0.67634
6.0854,0.67426
6.1069,0.67156
6.2548,0.66684
6.3784,0.66254
5.9927,0.67834
6.2123,0.66997
6.1475,0.67327
5.9979,0.68053
6.1466,0.67357
6.1551,0.67532
6.0236,0.67669
5.92,0.68179
6.104,0.67478
6.0019,0.67833
6.0322,0.67826
5.9557,0.67986
6.0737,0.67782
6.2495,0.67328
6.0372,0.678
6.1019,0.67558
6.1309,0.67458
6.101,0.67606
6.0432,0.67889
6.1715,0.66973
6.0988,0.67411
6.2409,0.66947
6.165,0.6724
5.9861,0.68023
6.1456,0.67281
6.0379,0.67702
6.3742,0.66408
6.3429,0.66511
6.3823,0.66419
6.1025,0.67408
6.2537,0.66813
6.2153,0.66905
6.0898,0.67391
5.9772,0.6791
6.0619,0.67561
5.8777,0.68422
6.0673,0.67931
5.8916,0.68519
6.2139,0.66961
6.0328,0.67708
6.3349,0.6649
6.576,0.65538
5.8893,0.68259
5.9942,0.67906
6.4008,0.66324
6.3362,0.66544
6.5755,0.65856
6.1619,0.67486
6.1328,0.67584
6.2223,0.67307
6.2952,0.66997
6.229,0.66992
6.3123,0.66627
6.3349,0.66491
6.312,0.66635
6.3167,0.66633
6.0286,0.67671
6.102,0.67482
6.1353,0.67245
5.9828,0.68121
6.2366,0.67021
5.8435,0.68648
6.0398,0.67797
6.1099,0.67463
6.0488,0.67644
6.1918,0.6722
6.1309,0.67516
5.9461,0.68256
6.1047,0.67659
5.8724,0.68483
5.8695,0.68643
6.1769,0.67098
6.2528,0.66744
6.1777,0.67156
6.0186,0.67587
6.0254,0.67705
6.0977,0.67588
5.9726,0.67986
6.136,0.67643
6.0928,0.67586
5.9186,0.68254
6.1633,0.67057
5.8782,0.68179
5.9476,0.68212
5.7966,0.6865
6.3269,0.66519
5.9033,0.68192
6.1744,0.67074
5.8619,0.68258
6.0965,0.67461
6.3336,0.66467
6.1235,0.67367
5.7813,0.68804
6.1524,0.67119
5.9152,0.68242
6.0449,0.67778
5.871,0.68373
5.9186,0.68026
6.0777,0.67482
6.089,0.67334
5.9334,0.67943
6.0067,0.67674
6.1406,0.67291
6.1757,0.67035
6.19,0.66996
5.9823,0.67705
6.1064,0.67149
6.1936,0.66721
5.9463,0.67755
5.732,0.68705
6.0875,0.6723
5.9202,0.67949
5.9951,0.67554
6.0525,0.67384
6.1355,0.66942
5.9999,0.67658
6.0662,0.67313
5.9037,0.68052
5.9183,0.68067
5.9737,0.6781
5.7663,0.68764
5.6822,0.69063
5.8711,0.68045
5.8328,0.68089
5.8014,0.6819
5.9591,0.67547
5.8958,0.67732
6.1097,0.66986
6.0882,0.66999
6.2657,0.66705
5.9108,0.67909
6.0541,0.67322
6.27,0.66291
6.2977,0.66104
6.1465,0.668
6.2374,0.66368
5.9759,0.67511
6.4366,0.65555
6.0927,0.67148
6.1874,0.66666
6.2331,0.66315
5.9779,0.67256
6.0231,0.67133
6.1697,0.66295
5.9985,0.67089
5.9132,0.67372
6.4629,0.65112
6.3138,0.65816
6.3398,0.65552
6.2186,0.66099
6.1185,0.66616
6.0844,0.6664
6.1836,0.66186
6.0951,0.66471
6.0282,0.66746
6.0831,0.66601
6.0358,0.66755
6.1563,0.6612
5.8368,0.67572
5.8992,0.67189
5.808,0.67538
5.9281,0.672
5.8483,0.67454
6.1844,0.65922
6.4251,0.64904
6.1581,0.66059
6.4116,0.65032
6.003,0.66669
5.9106,0.66924
5.7796,0.67567
5.8653,0.67082
6.0765,0.66136
5.8296,0.6719
5.668,0.67728
5.8113,0.67179
5.9198,0.66659
6.0549,0.66186
5.8011,0.67413
5.8115,0.67192
5.8348,0.67013
5.6821,0.67599
5.9765,0.66266
5.9973,0.66264
5.9678,0.66422
5.8361,0.66857
5.9346,0.66426
5.7832,0.66871
5.9636,0.66248
5.8343,0.6657
5.8177,0.6675
5.7991,0.67069
5.7316,0.67123
5.9684,0.66394
5.9332,0.66227
5.5539,0.68064
5.6269,0.67586
5.9212,0.66165
5.804,0.66748
5.7309,0.66881
5.6098,0.67532
5.6416,0.67374
5.6571,0.67382
5.544,0.67797
5.6532,0.67339
5.7118,0.66944
5.8925,0.66147
5.5846,0.67554
5.6521,0.67098
5.7127,0.66912
5.6291,0.67183
5.7683,0.66549
5.6382,0.67185
5.6356,0.67151
5.5835,0.67097
5.4905,0.67661
5.5293,0.67629
5.5685,0.67294
5.5768,0.67281
5.5232,0.67456
5.2243,0.68748
5.5627,0.6728
5.4952,0.67443
5.6271,0.66999
5.5009,0.67313
5.3678,0.67956
5.8953,0.65716
5.5776,0.66783
5.5996,0.66955
5.5717,0.67194
5.6438,0.66582
5.6196,0.66757
5.8491,0.65775
6.1045,0.64656
5.6516,0.66532
5.6354,0.6644
5.2717,0.6815
5.2347,0.684
5.4572,0.67261
5.54,0.66878
5.5029,0.67179
5.5896,0.6696
5.5167,0.66815
5.4944,0.6694
5.4015,0.67598
5.2309,0.68044
5.5083,0.66751
5.6881,0.65903
5.4558,0.66851
5.4305,0.66918
5.5362,0.66418
5.3241,0.67604
5.3588,0.67358
5.3082,0.67613
5.6759,0.65971
5.6878,0.65948
5.4916,0.66943
5.3563,0.67386
5.5042,0.6678
5.4902,0.66746
5.2338,0.67721
5.2001,0.68071
5.156,0.68219
5.0888,0.68696
5.1576,0.67958
4.9894,0.68862
5.116,0.68146
5.2911,0.67535
5.1895,0.67901
5.1294,0.68361
4.993,0.68655
5.0717,0.68335
5.0075,0.68678
5.2272,0.67531
5.0846,0.68152
5.4024,0.66657
5.4481,0.66296
5.4144,0.66686
5.3336,0.6678
5.2632,0.67288
5.3748,0.66834
5.3165,0.66963
5.3227,0.66986
5.3038,0.66794
5.1741,0.67843
4.9601,0.68454
5.3805,0.66466
5.2336,0.67409
5.2345,0.67122
5.2344,0.67099
5.1679,0.67591
5.1903,0.67393
5.2049,0.67375
5.0851,0.6776
5.1456,0.67446
5.0213,0.68119
5.05,0.68082
4.9491,0.68593
5.3074,0.66834
5.2947,0.66676
5.3131,0.66528
5.4283,0.65905
5.187,0.66992
5.3283,0.66424
5.19,0.66654
5.3438,0.66267
5.5501,0.65505
5.2658,0.6674
4.9393,0.68193
4.5725,0.69838
4.9193,0.67801
5.1461,0.66726
5.3622,0.65627
5.3464,0.65794
5.0249,0.67308
5.195,0.66849
5.2703,0.66315
5.4811,0.65398
5.2524,0.66362
5.1662,0.66763
5.1952,0.6648
5.0067,0.67512
5.4694,0.65078
5.1291,0.66637
5.1672,0.66201
5.1792,0.66182
5.3267,0.65522
5.1937,0.66273
5.1657,0.66487
4.9109,0.67595
5.331,0.6536
4.8736,0.67486
5.2275,0.65822
4.9905,0.66911
5.1305,0.66271
5.1718,0.66186
5.0419,0.66594
4.9943,0.6708
4.8824,0.67196
4.7605,0.67828
5.1571,0.65737
5.095,0.66037
4.9416,0.66874
4.896,0.67083
5.2373,0.65525
4.8154,0.67421
5.2307,0.65597
4.7364,0.675
5.0859,0.65958
4.6361,0.67971
4.9398,0.66356
5.4377,0.64629
5.046,0.66329
4.7,0.67596
4.9658,0.66405
4.9644,0.66433
5.0537,0.65802
5.114,0.6534
4.5932,0.67946
4.6801,0.67647
4.814,0.66781
4.8359,0.66627
4.9726,0.6609
4.8299,0.66558
4.9019,0.66498
4.9104,0.66314
4.8832,0.66513
4.8055,0.66874
4.6629,0.67578
4.8567,0.66601
4.8816,0.66255
4.6844,0.67438
4.9374,0.6597
4.8454,0.66439
4.828,0.66711
4.8921,0.66486
4.6687,0.67611
4.9399,0.65979
4.7235,0.66951
4.7363,0.66948
4.764,0.66493
5.102,0.6455
4.7146,0.66788
4.9686,0.65135
4.8506,0.65719
4.6961,0.6667
4.6431,0.67074
4.6273,0.6707
4.616,0.67111
4.6171,0.6699
4.4385,0.68085
4.4072,0.68063
4.401,0.67981
4.5019,0.67559
4.4604,0.67676
4.4092,0.68424
4.5358,0.67438
4.6731,0.66755
4.4702,0.67797
4.3531,0.68918
4.6097,0.6748
4.4976,0.67756
4.3478,0.68331
4.483,0.67608
4.3834,0.67997
4.7001,0.66024
4.5955,0.66478
4.4949,0.67539
4.501,0.67373
4.4969,0.67578
4.5286,0.67214
4.4011,0.6808
4.5356,0.67088
4.4934,0.6735
4.3666,0.68043
4.4836,0.67254
4.5372,0.66944
3.8939,0.70841
4.2631,0.68029
4.084,0.69628
4.1737,0.68775
4.0968,0.68763
3.7296,0.71501
4.3574,0.67322
4.3059,0.67648
3.7144,0.71238
4.1044,0.68752
4.3221,0.68032
4.2645,0.68047
4.015,0.69862
3.9899,0.70041
4.3643,0.67843
4.0008,0.69813
4.2726,0.6833
4.262,0.68127
4.2894,0.67769
4.094,0.68829
4.0232,0.69291
4.1878,0.68683
4.267,0.68233
4.2494,0.68328
4.1264,0.68923
4.0764,0.69267
3.8383,0.7065
3.9357,0.69913
4.2267,0.67991
3.9455,0.69831
4.3794,0.67241
4.1831,0.68423
4.2254,0.6827
3.8344,0.70369
4.2157,0.68445
4.1456,0.68588
4.1875,0.6837
3.9715,0.69542
4.0019,0.69174
4.2463,0.67632
4.0604,0.68826
4.2211,0.67738
4.1616,0.67994
4.1738,0.68306
4.1396,0.68703
3.9564,0.69398
4.3539,0.67334
4.0382,0.6896
4.038,0.69129
4.1171,0.68461
4.0892,0.68527
4.0207,0.69004
4.0373,0.68931
3.9626,0.69519
3.8706,0.70259
3.8552,0.70528
3.8358,0.69987
4.0064,0.69561
4.0926,0.69061
3.8075,0.70367
4.0326,0.69068
3.8489,0.70284
4.1855,0.67474
3.7948,0.70207
4.0143,0.69208
3.9503,0.69201
4.0591,0.69236
3.8543,0.70233
4.0952,0.69012
4.2403,0.68049
3.6361,0.7141
4.1688,0.67519
4.0935,0.68285
3.5923,0.71594
3.924,0.69272
4.0894,0.68215
3.4893,0.71909
4.0982,0.68305
3.4941,0.72018
3.7141,0.70631
4.0355,0.69135
3.9292,0.70066
3.8715,0.70138
4.0235,0.68985
3.813,0.7074
3.834,0.7009
3.5299,0.72041
3.6154,0.71576
3.8818,0.69529
3.6925,0.70584
4.3166,0.66857
3.769,0.70444
4.0339,0.68248
4.0909,0.68538
3.6757,0.71397
3.896,0.69689
3.6677,0.70862
3.8035,0.70248
3.8968,0.69355
4.07,0.6836
3.816,0.70325
3.9515,0.69327
3.9557,0.69552
3.5293,0.7254
4.0206,0.69431
3.8145,0.7066
3.827,0.70481
3.862,0.69685
4.0034,0.68777
3.8042,0.70161
3.5375,0.71771
3.9768,0.68819
3.9821,0.68864
3.9505,0.69523
3.8938,0.6985
3.976,0.69401
3.8405,0.70025
4.1958,0.67625
3.8269,0.69952
3.8356,0.70108
4.2798,0.66773
4.0596,0.68165
3.7572,0.7024
4.1479,0.68098
4.0923,0.68556
4.1584,0.68284
3.9023,0.6981
3.4727,0.72534
4.1054,0.68131
4.0489,0.68509
4.2493,0.67361
3.94,0.69226
3.924,0.69421
4.1877,0.67865
4.0575,0.68665
4.1877,0.68204
3.7235,0.71295
3.7355,0.71301
3.9565,0.69507
3.8498,0.70131
3.8246,0.70103
3.7848,0.70364
4.0284,0.68562
3.8994,0.69575
3.9702,0.69135
3.9833,0.69294
3.9255,0.69818
3.8437,0.70394
3.9784,0.69021
4.0646,0.68495
4.0611,0.68111
3.9604,0.68962
3.9426,0.69242
3.9374,0.68966
3.9289,0.69295
3.9652,0.68744
3.8551,0.69673
3.4876,0.72643
3.6678,0.71121
3.8535,0.69303
3.8139,0.6967
3.8623,0.69821
3.817,0.69669
3.9624,0.69007
3.9359,0.69308
3.7015,0.70657
3.3654,0.72894
3.7334,0.70062
4.2744,0.67089
3.642,0.71431
3.9122,0.69164
3.855,0.69602
3.8862,0.69616
4.015,0.68715
3.9869,0.68893
3.7693,0.69787
4.0364,0.68376
3.9934,0.68517
3.8352,0.69285
4.0935,0.67574
3.964,0.68346
4.0122,0.68426
4.1041,0.6788
3.9784,0.68631
3.9507,0.68561
3.9712,0.6861
3.9086,0.6911
3.8827,0.69635
3.8958,0.69485
3.7963,0.69977
3.922,0.68994
3.8395,0.69334
3.3037,0.73122
3.7106,0.70123
3.6463,0.70873
3.727,0.70434
3.3068,0.7347
3.6428,0.70415
3.8713,0.69083
3.8607,0.68881
4.1274,0.66705
3.8148,0.68803
3.8248,0.69052
3.8772,0.68581
3.4778,0.71644
3.6144,0.70779
3.8015,0.69869
3.7038,0.70046
3.5689,0.71039
3.4417,0.71965
3.6299,0.70867
3.612,0.70793
3.7764,0.7021
3.7594,0.7037
3.8576,0.69363
3.8154,0.69531
4.0339,0.68006
4.1025,0.67763
4.0957,0.67562
4.3797,0.65954
4.3212,0.66187
3.9487,0.69158
4.0213,0.68411
3.9846,0.68327
3.8532,0.69354
4.0769,0.67825
3.7131,0.69682
4.0072,0.68011
3.758,0.69734
3.7355,0.70071
4.0002,0.68328
3.9816,0.68764
3.9223,0.69155
3.911,0.69064
3.8626,0.69239
3.9052,0.68708
3.7689,0.69808
3.7156,0.70223
3.9838,0.68632
3.7609,0.70009
3.8389,0.69534
3.9755,0.68437
3.8077,0.69645
3.9774,0.68634
3.9436,0.68905
3.8138,0.70114
3.9154,0.69134
4.1878,0.6732
3.8796,0.69588
3.8965,0.69221
4.1438,0.6744
4.0184,0.68544
3.8337,0.69168
3.7718,0.69902
4.0429,0.67944
4.0179,0.68021
4.0555,0.68127
3.8481,0.69166
3.9976,0.67968
3.8949,0.68115
4.0896,0.67505
3.5988,0.70698
4.1323,0.67102
4.0688,0.67698
3.855,0.69524
4.0196,0.6814
3.8001,0.69579
3.6309,0.70916
3.8783,0.68968
3.7387,0.6974
3.7123,0.70325
3.7861,0.69632
3.7031,0.69941
3.7677,0.69405
4.1598,0.67027
4.0652,0.68183
3.5333,0.70805
3.5154,0.71316
3.6185,0.70855
3.7335,0.69771
4.0035,0.67948
3.8268,0.69255
3.9056,0.69081
3.7152,0.70176
3.6541,0.71096
3.6695,0.70894
3.5273,0.71935
3.8293,0.69158
3.9104,0.68757
4.0456,0.6841
3.9129,0.687
3.7606,0.69644
3.8906,0.69094
3.8023,0.69343
3.9466,0.68648
3.9835,0.6868
4.0029,0.68033
4.1846,0.67162
3.9968,0.68019
4.086,0.6781
3.585,0.70566
3.9036,0.6857
3.6842,0.70084
3.9529,0.6844
3.9267,0.68422
3.561,0.70798
3.858,0.68947
4.0256,0.6809
3.8238,0.6942
3.9371,0.68645
3.7775,0.69666
3.7714,0.69531
3.7844,0.69348
4.0224,0.67925
3.9755,0.68259
3.7866,0.69436
3.6832,0.69974
3.9711,0.67843
4.1767,0.67014
3.7665,0.69819
3.9546,0.68615
4.0621,0.67877
3.7674,0.69776
4.0576,0.67659
4.136,0.66864
4.1512,0.67003
3.9824,0.6751
4.0057,0.67978
3.7947,0.69098
4.151,0.66896
3.9263,0.6861
4.0188,0.68043
3.8859,0.68929
4.2355,0.66388
4.3058,0.65938
3.9956,0.68085
3.7362,0.68975
4.0597,0.67574
3.8517,0.69031
4.1189,0.67578
4.0603,0.68009
4.0542,0.68025
4.0648,0.68046
3.9284,0.68311
4.0894,0.67797
4.1482,0.67357
4.0582,0.67863
3.7302,0.69522
4.1356,0.67275
4.0004,0.68004
3.8179,0.68769
3.8622,0.68412
3.6749,0.69831
3.8574,0.69091
3.981,0.68372
3.7772,0.69224
3.7769,0.69999
3.8868,0.69251
3.9711,0.6844
3.623,0.70746
3.7619,0.702
3.7923,0.69768
3.9174,0.68811
3.7398,0.69929
3.8048,0.69282
3.6118,0.70373
3.7357,0.70062
3.6515,0.70295
3.7373,0.6964
3.4014,0.71751
3.9156,0.68585
3.8578,0.68854
3.9789,0.67996
3.9425,0.68437
3.6435,0.70552
3.8744,0.69018
3.8817,0.68912
3.6731,0.70371
4.0127,0.6786
3.576,0.70637
3.9336,0.68002
3.9533,0.67837
4.138,0.66609
4.1187,0.6707
3.8907,0.68613
3.769,0.69212
3.6122,0.70459
3.6918,0.70127
3.7904,0.68931
3.7674,0.69148
3.7923,0.68902
3.8173,0.68615
4.043,0.66966
3.7093,0.70001
3.6513,0.7072
3.6587,0.70113
3.4411,0.71695
3.5413,0.71
3.4648,0.71591
3.4959,0.70777
3.4804,0.70837
3.6417,0.69423
3.4809,0.7112
3.686,0.69457
3.7825,0.68618
3.7689,0.69642
4.0293,0.67997
3.7509,0.70187
3.4474,0.71625
3.5339,0.71108
3.7231,0.6943
3.6741,0.69508
3.4764,0.70469
3.8336,0.68336
3.7368,0.68561
3.9297,0.679
3.5098,0.70939
3.6037,0.7057
3.5117,0.71528
3.6435,0.70305
3.7104,0.69727
3.6768,0.69905
3.7383,0.6899
3.7796,0.68723
3.4863,0.71086
3.7779,0.69022
3.6156,0.70369
3.5739,0.70932
3.9889,0.67851
3.772,0.69233
3.9076,0.68544
3.5712,0.70536
3.883,0.68658
4.0249,0.67822
3.769,0.69609
3.833,0.68774
3.9782,0.677
3.9413,0.68293
3.7882,0.69277
4.0069,0.6769
3.9669,0.67697
3.732,0.69674
3.7851,0.69382
3.5589,0.71133
3.6918,0.69334
3.5577,0.70579
3.6776,0.6987
4.0584,0.67255
3.8308,0.68348
3.9657,0.67874
3.6969,0.69166
4.0531,0.67215
3.822,0.68823
3.854,0.68759
3.9242,0.68678
3.8141,0.69402
3.2935,0.72473
3.3075,0.7258
3.537,0.7054
3.4449,0.71451
3.6971,0.69829
3.7365,0.69671
3.5299,0.70975
3.6534,0.69786
3.4086,0.71744
3.5981,0.70663
3.5578,0.71051
3.7008,0.6951
3.6365,0.70369
3.7797,0.68943
3.6612,0.69555
3.6519,0.69798
3.6476,0.70455
4.0487,0.67218
3.7334,0.69739
3.7411,0.69601
3.7108,0.69978
3.6929,0.69945
3.7951,0.69043
3.6277,0.70504
3.5967,0.70386
3.8529,0.68338
3.7817,0.69063
3.7835,0.69307
3.7582,0.69278
3.7375,0.69856
3.7755,0.69297
3.4957,0.71348
3.6909,0.69574
3.7658,0.69081
3.7697,0.69137
3.7396,0.69392
3.8417,0.69158
3.6137,0.7075
3.6681,0.70097
3.6292,0.70536
3.3873,0.72096
3.5339,0.70557
3.4853,0.70893
3.7619,0.69483
3.723,0.69928
3.7142,0.69964
3.7124,0.70032
3.6757,0.70225
3.7249,0.69472
3.7964,0.69116
3.6779,0.70114
3.75,0.68973
3.966,0.67763
3.8583,0.68349
3.7533,0.69417
3.6052,0.70124
3.7265,0.69143
3.7314,0.6879
3.7744,0.68698
4.0629,0.66849
3.6195,0.70227
3.7313,0.6942
3.6033,0.70962
3.6792,0.70051
3.7262,0.69757
3.8196,0.68982
3.8418,0.68583
3.8979,0.67917
3.9337,0.67618
3.7771,0.68779
3.6989,0.69717
3.6997,0.69479
3.632,0.70001
3.6919,0.69859
3.7891,0.68935
3.9067,0.67786
3.7399,0.6847
3.8063,0.68237
3.7985,0.68556
3.6559,0.69891
3.7082,0.69693
3.5078,0.7112
3.8313,0.68951
3.9099,0.68529
3.6794,0.69804
3.5764,0.70414
3.9047,0.68246
3.8945,0.67864
3.4486,0.70759
3.7259,0.6893
3.7831,0.69059
3.6945,0.69824
3.6536,0.70155
3.8571,0.68623
3.6252,0.69713
3.9168,0.67776
3.7741,0.68564
3.9145,0.67915
3.8875,0.67634
3.7812,0.68899
3.6651,0.69976
3.7574,0.69322
3.9267,0.67815
3.9598,0.67725
3.8092,0.68902
3.8697,0.68478
3.9874,0.67622
3.7811,0.69072
3.9575,0.67794
3.775,0.69301
3.7019,0.69258
3.9749,0.67675
3.9333,0.68152
3.8795,0.6842
3.8444,0.68849
3.9924,0.67973
3.8312,0.68562
3.8697,0.68624
3.85,0.68142
3.6751,0.69762
3.5538,0.70834
3.5264,0.7077
3.5211,0.71051
3.8975,0.6891
3.6481,0.70286
3.8998,0.68189
3.8692,0.68071
3.6893,0.69226
3.7784,0.68729
3.859,0.67932
3.6927,0.69535
3.7692,0.68943
3.8538,0.68643
3.8641,0.68724
3.6124,0.70799
4.0548,0.67318
3.5588,0.69856
3.7647,0.6929
3.9522,0.67592
3.8967,0.6827
3.959,0.6773
3.5399,0.70688
3.8162,0.69037
3.8214,0.69036
3.5107,0.70675
3.9594,0.67579
3.8542,0.68423
3.9189,0.6796
3.9911,0.67848
3.9582,0.67839
3.8623,0.68504
3.7216,0.68864
4.0165,0.67249
3.772,0.69206
3.8415,0.68592
3.649,0.69462
3.3751,0.71753
3.3257,0.72042
3.8801,0.68152
3.6292,0.69995
3.6927,0.69704
3.8681,0.68366
3.6981,0.69555
3.5254,0.70747
3.6728,0.69509
3.6054,0.70123
3.812,0.68765
3.6003,0.7009
3.5255,0.70492
3.9978,0.67499
3.7592,0.68912
3.6933,0.69166
3.7784,0.69215
3.5002,0.71108
3.8072,0.69183
3.7923,0.69157
3.7922,0.69465
3.7595,0.69077
3.9249,0.67775
3.6388,0.69363
3.7584,0.6908
3.5267,0.70537
3.7026,0.69581
3.6262,0.70013
3.7859,0.69165
3.3779,0.71648
3.8026,0.69054
3.8312,0.6881
3.8206,0.6858
3.8869,0.67912
4.1197,0.66368
3.8585,0.68133
3.8072,0.68425
3.9996,0.67388
3.9936,0.67073
3.868,0.68638
3.9171,0.67935
3.9867,0.67684
3.7442,0.6917
3.8398,0.68288
3.7689,0.68819
3.8289,0.6836
3.9916,0.67202
4.0145,0.67118
3.799,0.68844
4.0084,0.67451
3.8615,0.68526
3.8709,0.6831
3.9273,0.67665
3.7094,0.68899
3.841,0.68232
3.9744,0.67589
3.9427,0.67835
3.9046,0.679
4.0463,0.66595
3.6694,0.69257
3.4851,0.70601
3.8772,0.67438
3.9842,0.67253
3.6234,0.69718
3.5878,0.69798
3.8836,0.68394
3.7576,0.69506
3.7115,0.69494
3.7512,0.69192
3.5946,0.69918
3.5622,0.69944
3.7852,0.68509
3.4554,0.70945
3.5779,0.69865
3.5287,0.70277
3.7206,0.69339
3.5594,0.70918
3.5373,0.70528
3.6803,0.69924
3.7562,0.69147
3.542,0.70404
3.3232,0.71957
4.0356,0.66808
3.2835,0.71872
3.5963,0.70004
3.8978,0.67754
3.7621,0.68571
3.7325,0.69191
3.6218,0.6962
3.4789,0.71089
3.5555,0.70374
3.7955,0.68933
3.6765,0.69423
3.4888,0.70821
3.4559,0.70981
3.5604,0.70192
3.8249,0.68238
3.7241,0.69224
3.8311,0.68225
3.7172,0.69178
3.8162,0.68407
4.0529,0.66946
3.6467,0.701
3.7098,0.69605
3.5698,0.70409
3.9246,0.67803
3.6778,0.6941
3.8737,0.67358
4.0373,0.66766
3.8896,0.67677
3.9163,0.67521
4.2598,0.65479
3.8892,0.68181
3.9291,0.68123
3.973,0.67946
3.7161,0.69823
3.8441,0.68662
3.6871,0.69805
3.7155,0.69266
3.7568,0.68974
3.8174,0.68391
3.8715,0.68168
3.7276,0.68944
3.7291,0.69054
3.7913,0.68581
3.7416,0.69157
3.7628,0.69035
3.8956,0.68181
3.9412,0.6772
3.9432,0.67834
3.6349,0.69716
3.8438,0.68495
3.758,0.69249
3.8043,0.69114
3.6437,0.69909
3.9424,0.67827
3.7454,0.68991
3.7987,0.68476
3.8103,0.68677
4.0067,0.67387
3.835,0.68624
3.9543,0.67744
3.7461,0.69497
3.7909,0.69389
3.644,0.69692
3.4366,0.71096
3.5916,0.69768
3.7081,0.68912
3.6836,0.69394
3.7921,0.68962
3.5958,0.70563
3.5376,0.70324
3.7142,0.69148
3.5724,0.70098
3.5953,0.69862
3.2594,0.7168
3.3657,0.70977
3.5562,0.70056
3.5043,0.70004
3.531,0.70577
3.3865,0.71365
3.5574,0.70002
3.6433,0.69385
3.738,0.68515
3.6062,0.69881
3.6132,0.69297
3.6578,0.6883
3.7283,0.6901
3.3828,0.71244
3.5907,0.70074
3.5295,0.70257
3.9344,0.67846
3.8714,0.67956
3.7778,0.68812
3.6412,0.69911
3.9428,0.67361
4.0253,0.67118
3.8863,0.68229
3.8209,0.68931
3.513,0.70817
3.5285,0.70246
3.4567,0.70683
3.6418,0.69354
3.5923,0.69749
3.6001,0.69905
3.6668,0.6953
3.7326,0.68982
3.5785,0.70168
3.6878,0.69118
3.6964,0.69165
3.6223,0.69545
3.6322,0.69309
3.6983,0.69198
3.6682,0.69608
3.9726,0.66954
3.8748,0.6802
3.6885,0.68644
3.8077,0.68316
3.6522,0.69837
3.7429,0.69303
3.5805,0.70684
3.4533,0.71098
3.7645,0.68774
3.5944,0.70242
3.6225,0.68878
3.8116,0.67578
3.7178,0.69275
3.8039,0.68255
3.6364,0.69219
3.6057,0.69492
3.6649,0.69313
3.7791,0.68306
3.688,0.69012
3.8211,0.68478
3.9333,0.67502
3.9628,0.67412
3.521,0.70498
3.7031,0.6902
3.6685,0.69586
3.6261,0.69963
3.8326,0.68388
3.5449,0.70432
3.7827,0.68821
3.4966,0.70593
3.7332,0.69063
3.6901,0.69302
3.5731,0.70019
3.5694,0.70205
3.7749,0.68245
3.4478,0.70753
3.7625,0.68926
3.7916,0.68619
4.0276,0.67124
3.8771,0.67747
3.7418,0.68596
4.007,0.66761
3.8946,0.6794
3.6988,0.69145
3.6583,0.68875
4.0397,0.6692
3.9055,0.67696
4.0764,0.66848
3.6837,0.70061
3.9136,0.67784
3.9316,0.68094
3.7585,0.69334
3.9035,0.68116
3.7949,0.68655
3.8715,0.68165
3.866,0.68369
3.952,0.67432
3.8703,0.6801
3.6161,0.69755
3.5217,0.70249
3.4746,0.70756
3.5266,0.70469
3.5628,0.70127
3.717,0.69015
3.6217,0.6951
3.6793,0.69745
3.6878,0.69504
3.8059,0.68562
3.6588,0.69801
3.788,0.69001
3.6338,0.69904
3.6116,0.69953
3.6684,0.69577
3.7738,0.68767
3.884,0.68094
3.8061,0.68692
3.6357,0.6952
3.5032,0.708
3.5036,0.70492
3.5152,0.70432
3.6711,0.69481
3.51,0.70884
3.757,0.68546
3.5994,0.69699
3.7132,0.69211
3.6962,0.69287
3.672,0.69133
3.6675,0.69441
3.6777,0.69364
3.7482,0.68806
3.6783,0.69381
3.7463,0.68998
3.9202,0.67939
3.8131,0.6852
3.7166,0.69602
3.7594,0.694
3.6246,0.70202
3.6421,0.70072
3.8921,0.6839
3.8814,0.68319
3.7118,0.69451
3.6868,0.69809
3.6239,0.70471
3.7136,0.694
4.012,0.67139
3.8716,0.68138
3.8339,0.69114
3.7597,0.69256
3.9994,0.6768
3.8449,0.68513
3.7978,0.68767
3.8681,0.68582
3.7842,0.69008
4.0211,0.67835
3.6834,0.69929
3.8229,0.68971
3.6742,0.69954
3.8507,0.68562
3.792,0.68681
3.8078,0.68864
3.8883,0.68217
3.7224,0.69655
3.8656,0.68645
3.9421,0.68563
3.8752,0.69012
3.6851,0.70206
3.5118,0.71083
3.7672,0.69608
3.6499,0.69594
3.9587,0.68188
3.9587,0.68157
3.8731,0.68654
3.8611,0.69156
3.8062,0.6965
3.6535,0.70446
3.902,0.68844
3.9094,0.68747
4.0747,0.67494
3.8399,0.68961
3.8866,0.68905
3.7227,0.70122
3.796,0.69407
3.7609,0.69991
3.7287,0.70118
3.5632,0.70986
3.7073,0.70177
3.5594,0.71074
3.7517,0.69842
3.6667,0.70488
3.8639,0.69266
3.7577,0.70178
3.5458,0.7146
3.6034,0.70773
3.7064,0.70207
4.0254,0.6775
4.0866,0.67339
4.0722,0.67405
3.8362,0.69468
3.9412,0.68728
3.8057,0.69951
3.8844,0.69303
3.7135,0.70221
3.921,0.68841
3.5974,0.71253
3.8643,0.69247
3.9465,0.68596
3.8164,0.69686
3.7203,0.70417
3.7279,0.70093
3.7161,0.70311
3.6884,0.70807
3.7942,0.70195
3.9088,0.69303
3.6569,0.71035
3.8661,0.69407
3.9882,0.68497
3.6629,0.70671
3.6895,0.70499
3.8002,0.69403
3.7682,0.6978
3.628,0.71038
3.4831,0.72141
3.7686,0.70097
3.7315,0.70537
3.3787,0.72972
3.8063,0.69909
3.7245,0.70768
3.6752,0.70568
3.7297,0.7061
3.6856,0.70777
4.1153,0.6791
4.0371,0.68135
3.7893,0.70421
3.7034,0.70749
4.023,0.68605
3.7413,0.70544
3.755,0.70219
3.7903,0.70189
3.8277,0.70069
3.6184,0.71365
3.7608,0.70445
3.9178,0.69396
3.6643,0.71043
3.9191,0.69775
3.7646,0.70603
3.7776,0.70307
3.7342,0.70762
3.9925,0.69004
3.8017,0.70811
3.5868,0.72073
3.7081,0.71484
3.79,0.70433
3.7788,0.70382
3.5444,0.71864
3.9658,0.69503
3.7225,0.7121
3.7369,0.71152
3.7471,0.71214
3.8231,0.70735
3.5857,0.72083
3.8586,0.70402
3.7328,0.71335
3.8799,0.70019
3.6454,0.72205
3.8737,0.70341
3.7473,0.71183
3.8626,0.70232
3.8071,0.70641
3.7675,0.71145
3.7888,0.70995
3.7452,0.71543
3.8684,0.71001
4.0483,0.69457
3.8478,0.7074
3.9984,0.69695
3.8121,0.71273
3.8245,0.70822
3.6394,0.72067
3.8753,0.70607
3.7397,0.71564
3.8225,0.71142
3.8633,0.70983
3.8401,0.71141
3.867,0.70791
3.8162,0.70998
3.9002,0.70562
3.8012,0.71114
3.8526,0.70459
4.0097,0.69689
4.0397,0.69558
3.8906,0.70475
3.9426,0.7052
3.7453,0.7199
4.0113,0.70301
3.8184,0.71431
3.955,0.70912
3.7741,0.71547
3.9418,0.70536
3.9168,0.70871
3.9987,0.70499
3.8438,0.71199
3.8437,0.71215
4.0074,0.70128
4.1421,0.69248
4.1712,0.69127
4.089,0.69525
4.0314,0.70042
3.9363,0.70753
4.2235,0.69135
4.0327,0.70227
3.9883,0.70344
3.9207,0.70926
3.8839,0.7111
4.0758,0.69696
3.8236,0.71149
3.8979,0.70888
3.5994,0.72815
3.8617,0.71339
3.9339,0.70722
3.8758,0.71414
3.8491,0.7127
3.7634,0.72083
3.7078,0.72224
3.9013,0.71153
3.8739,0.71278
3.9509,0.70864
3.7333,0.72077
3.7136,0.72516
3.8669,0.71381
3.7711,0.7203
3.8025,0.71842
3.5022,0.7367
3.8049,0.71994
3.7521,0.7215
3.7865,0.71929
3.8262,0.7168
3.708,0.72351
3.8468,0.71783
4.0587,0.70385
3.9345,0.71172
3.8702,0.71864
3.9992,0.71242
3.9756,0.71275
3.6815,0.72962
3.7227,0.72504
3.7466,0.7224
3.8348,0.71598
3.8389,0.71736
4.0552,0.70781
3.9833,0.71217
3.929,0.71191
3.9345,0.71044
4.0237,0.70571
3.918,0.71466
4.1747,0.69634
4.0364,0.7056
4.0252,0.70737
4.0365,0.70781
3.95,0.71379
4.1029,0.70727
4.0382,0.70765
3.9318,0.71597
4.0538,0.70729
3.7674,0.72286
3.952,0.7117
4.1569,0.70338
4.0846,0.70504
4.203,0.70096
4.2958,0.69355
4.194,0.70051
3.9544,0.71407
4.0468,0.71095
4.0591,0.71065
3.8693,0.72171
3.7558,0.7251
4.2233,0.69958
4.0815,0.71061
4.2191,0.70053
4.0384,0.71073
3.9895,0.71374
3.9511,0.7167
4.1673,0.70331
4.1296,0.70529
3.9391,0.71835
4.0724,0.71041
3.8033,0.72426
4.084,0.70619
4.1914,0.70284
4.2447,0.70007
4.0417,0.71304
4.1325,0.70608
4.2195,0.70108
4.4615,0.68962
4.396,0.69393
4.2802,0.69978
4.2238,0.70243
4.2286,0.70441
3.7735,0.73022
4.0558,0.716
4.3717,0.69526
4.1996,0.70429
4.0835,0.71326
4.2398,0.70425
4.1434,0.7099
4.2537,0.70198
4.1293,0.71123
4.0575,0.71274
4.1354,0.71085
4.1793,0.7071
4.1675,0.70522
4.2101,0.70218
4.0462,0.71078
3.9487,0.7164
3.9985,0.71612
4.3013,0.70437
4.3838,0.6982
4.3664,0.69813
4.112,0.71307
4.0624,0.71779
4.2607,0.70538
4.1129,0.71232
4.216,0.70829
4.3409,0.70014
4.2684,0.70649
4.2254,0.70738
4.0871,0.71401
4.2147,0.71047
4.1277,0.71288
4.3104,0.70242
4.0981,0.71226
4.2507,0.70433
4.3105,0.70031
4.4029,0.6968
3.8174,0.72961
4.3681,0.70143
4.2844,0.70643
4.1514,0.71474
4.144,0.71425
4.2681,0.70813
4.4186,0.70098
4.3867,0.69931
4.2031,0.71126
4.1347,0.7152
4.3983,0.69918
4.2366,0.70973
4.0847,0.71684
4.0535,0.71854
4.0449,0.72011
4.3266,0.70439
4.6202,0.69135
4.5362,0.69321
4.3647,0.70248
4.438,0.70196
4.3541,0.7064
4.479,0.69725
4.1789,0.71536
4.4852,0.69805
4.2769,0.70756
4.3989,0.70621
4.3098,0.71165
4.2235,0.71613
4.2573,0.71364
4.392,0.70401
4.5353,0.69631
4.5343,0.69748
4.3567,0.70741
4.5044,0.7028
4.3244,0.71172
4.4154,0.70599
4.3364,0.71199
3.8408,0.7382
4.1445,0.71887
4.1782,0.71532
4.4001,0.70506
4.2801,0.71166
4.2377,0.7134
4.2361,0.71269
4.303,0.70968
4.1855,0.71605
4.328,0.70759
4.548,0.69651
4.2872,0.71193
4.023,0.72801
4.0081,0.73103
4.0344,0.72854
4.5789,0.69786
3.9771,0.73512
4.0594,0.72752
4.4863,0.70357
4.3866,0.70811
4.6196,0.69694
4.3525,0.71082
4.4784,0.70459
4.6005,0.69782
3.9011,0.73587
3.9801,0.73246
4.131,0.72637
4.3512,0.71364
4.385,0.71027
4.1291,0.72465
4.3423,0.71261
4.301,0.71527
4.1735,0.72216
4.2518,0.7167
4.0298,0.73204
4.0704,0.72909
4.101,0.72978
4.2303,0.72135
4.2886,0.71905
4.1774,0.72548
4.3333,0.71591
4.3297,0.71647
4.3065,0.71595
4.3186,0.71633
4.1692,0.7243
4.5452,0.70312
4.2511,0.72009
4.4012,0.7156
4.2191,0.72437
4.2451,0.72196
4.1253,0.72724
4.4516,0.71023
4.3213,0.71639
4.2449,0.72381
4.158,0.72574
4.4207,0.71364
4.235,0.72169
4.4874,0.71159
4.3241,0.71803
4.4103,0.71597
4.4927,0.71025
4.4612,0.712
4.4142,0.71652
4.4396,0.71344
4.2717,0.72237
4.4966,0.71183
4.377,0.71862
4.4316,0.71433
4.5571,0.70991
4.593,0.70832
4.4699,0.71516
4.5381,0.71028
4.4952,0.71202
4.4221,0.71554
4.4651,0.71407
4.5626,0.70662
4.5321,0.70958
4.4124,0.71574
4.6583,0.70648
4.6938,0.70349
4.5611,0.71295
4.5951,0.70928
4.4291,0.71953
4.5253,0.71437
4.5056,0.71171
4.3913,0.72014
4.6531,0.7068
4.2635,0.72439
4.3916,0.72169
4.5855,0.70971
4.3969,0.72122
4.4514,0.71802
4.3478,0.72068
4.618,0.70859
4.5623,0.71102
4.6118,0.70863
4.5546,0.71308
4.4988,0.71629
4.4619,0.71874
4.6422,0.70945
4.6372,0.71044
4.5984,0.713
4.7249,0.70584
4.6173,0.71121
4.6246,0.71143
4.536,0.71538
4.5046,0.71716
4.6408,0.70906
4.3955,0.722
4.4073,0.71929
4.8314,0.69911
4.6335,0.70762
4.6705,0.70852
4.7162,0.70566
4.8087,0.70152
4.6269,0.71291
4.3728,0.72402
4.6908,0.70779
4.7784,0.70404
4.6704,0.70783
4.7198,0.70773
4.6086,0.71212
4.6026,0.7138
4.7221,0.70932
4.6383,0.71233
4.5174,0.71974
4.5122,0.71956
4.5318,0.7169
4.5869,0.71659
4.6841,0.71034
4.6718,0.71127
4.4232,0.72461
4.6815,0.71231
4.7456,0.71088
4.7037,0.7123
4.6244,0.71601
4.6415,0.71459
4.6632,0.71423
4.7725,0.70822
4.7936,0.70535
4.7761,0.70758
4.755,0.70944
4.6533,0.71405
4.7839,0.70726
4.7835,0.70619
4.7139,0.71145
4.721,0.71047
4.6813,0.71316
4.7804,0.70903
4.5575,0.71888
4.651,0.71501
4.611,0.7131
4.6728,0.71196
4.7257,0.70864
4.7628,0.70613
4.7608,0.70685
4.8563,0.70397
5.0223,0.69693
4.7673,0.70909
4.8575,0.7065
4.8504,0.70488
4.7389,0.71122
4.8343,0.70661
4.6514,0.71548
4.7319,0.71044
4.8992,0.70167
4.6947,0.7115
4.8573,0.70547
4.8853,0.70223
5.0926,0.69435
4.885,0.70498
4.9847,0.70199
4.9076,0.70298
4.9017,0.70541
5.0232,0.69909
4.9166,0.70322
4.9057,0.70394
4.9462,0.7014
4.8641,0.70488
4.941,0.7019
4.9519,0.70133
5.2678,0.68758
4.89,0.70373
4.8588,0.70618
5.0213,0.6994
5.079,0.69496
4.9358,0.70391
5.0329,0.69954
4.7756,0.70982
4.9492,0.70257
4.7455,0.71189
4.8352,0.70777
4.7892,0.71075
4.8799,0.7057
4.795,0.7115
4.7727,0.71164
5.0104,0.7026
4.698,0.71706
4.8656,0.70829
4.8762,0.70646
4.9897,0.70192
5.0465,0.69851
4.873,0.70638
5.0844,0.69657
4.7223,0.71365
4.6949,0.71649
4.8945,0.70574
4.8376,0.71019
4.9667,0.7046
4.6959,0.71574
4.7348,0.71445
4.906,0.70709
4.9581,0.70573
4.8707,0.70884
4.9347,0.70454
4.8518,0.70901
4.8885,0.70612
4.7306,0.71503
4.7848,0.71392
4.8126,0.71341
4.8734,0.7102
4.7784,0.71385
4.8586,0.70775
5.0322,0.69976
5.0117,0.70037
4.8257,0.70972
5.0231,0.70066
4.8905,0.70679
4.915,0.70923
4.9956,0.706
5.0703,0.7023
4.9114,0.70949
5.0423,0.70552
4.9497,0.70711
5.0953,0.70137
4.916,0.70914
5.0064,0.7048
4.8908,0.71121
5.0631,0.70311
5.046,0.7015
5.1356,0.69641
5.0211,0.70177
4.9522,0.70466
4.9265,0.7074
4.917,0.70832
4.8618,0.71059
4.8316,0.71122
4.6765,0.72264
4.7055,0.71857
4.7911,0.71431
5.0104,0.70481
4.8736,0.7123
4.6093,0.72457
4.9653,0.7073
4.7848,0.71608
4.9864,0.70684
4.9829,0.70563
5.099,0.69931
4.9443,0.7072
5.0972,0.6989
4.7995,0.71238
4.9906,0.70416
4.8499,0.71252
4.7836,0.718
4.6944,0.72109
4.8005,0.71655
4.7756,0.71815
4.7994,0.7178
4.7836,0.71912
4.8965,0.71413
4.9004,0.71361
4.7247,0.7201
4.8836,0.71268
4.8146,0.71621
4.8021,0.71778
4.902,0.71189
5.003,0.70766
4.9703,0.7086
4.9409,0.71119
4.9349,0.71018
4.9607,0.71102
4.8371,0.71501
4.9722,0.70981
4.8483,0.71605
4.9735,0.71191
5.1274,0.7027
4.9574,0.71207
4.8653,0.7163
4.982,0.70921
4.773,0.71757
4.8037,0.71706
4.851,0.71589
4.9167,0.71252
4.7783,0.72037
4.8509,0.71604
4.975,0.70972
4.6898,0.72278
4.9711,0.71081
4.845,0.71908
4.8339,0.71819
4.9242,0.7133
4.9862,0.71126
4.8238,0.71902
4.9323,0.71347
5.0243,0.71051
4.8921,0.71707
5.0235,0.71026
4.9829,0.71071
4.9384,0.71429
5.0816,0.70867
4.9171,0.71448
4.9304,0.71248
4.98,0.71101
4.9413,0.71434
4.9265,0.71408
4.9517,0.71272
4.8699,0.71759
4.9453,0.71433
4.9132,0.71808
4.9594,0.71502
5.0009,0.71338
4.9778,0.71262
5.1467,0.70531
5.0632,0.70892
4.7225,0.72237
4.9487,0.7115
5.0008,0.70824
4.8007,0.71949
4.8813,0.71466
4.8565,0.71557
4.9394,0.7134
4.9654,0.71191
4.9758,0.70964
4.9037,0.7159
5.0901,0.70796
4.8412,0.71926
4.9006,0.71591
5.2106,0.70227
5.0221,0.71284
4.9861,0.71419
4.8653,0.71758
4.9919,0.7121
5.2422,0.70054
5.1692,0.70259
4.9656,0.71361
5.0179,0.71095
4.9447,0.71502
5.4032,0.69206
5.5876,0.68842
5.7258,0.68955
5.2938,0.7166
5.538,0.70727
5.6474,0.70733
5.5181,0.71372
5.6107,0.70813
5.8387,0.69572
5.8824,0.69175
5.8371,0.68983
5.5558,0.7014
5.5205,0.70308
6.0828,0.67902
5.8446,0.68867
5.918,0.68803
5.5527,0.70273
5.5424,0.70576
5.6034,0.70226
5.641,0.70017
5.9857,0.68491
5.649,0.70077
5.6092,0.70302
5.6908,0.69956
5.4715,0.70931
6.0947,0.68147
5.8396,0.69232
5.9478,0.68854
5.982,0.68766
6.1265,0.68193
5.8665,0.69202
5.7315,0.69587
5.7895,0.69404
5.9071,0.68903
5.6886,0.69794
5.7946,0.69404
5.8317,0.69376
5.6605,0.70027
5.5219,0.70617
5.4913,0.70871
5.5673,0.70534
5.7115,0.69942
5.7481,0.69757
5.8498,0.69468
5.7603,0.69689
5.6853,0.70221
5.8206,0.69588
5.8248,0.69439
5.7019,0.70089
5.8752,0.69159
5.8923,0.69046
5.5781,0.70402
5.7257,0.69854
5.677,0.70057
5.6392,0.70158
5.6897,0.69997
5.792,0.69653
5.6764,0.70098
5.7338,0.69891
5.8126,0.69492
5.7507,0.69873
5.7936,0.69852
5.665,0.70388
5.6069,0.70632
5.7332,0.70054
5.8076,0.69625
5.7619,0.70092
5.9458,0.6915
5.9105,0.69371
5.8494,0.69462
5.656,0.70409
5.7717,0.69869
5.8316,0.69517
6.0876,0.68531
5.9938,0.69
5.9763,0.69098
6.0346,0.68755
5.9919,0.68936
6.1194,0.68511
6.0769,0.68749
5.9083,0.69365
6.0426,0.68774
5.9608,0.69267
5.7982,0.69915
5.7978,0.69836
5.8964,0.69512
5.6499,0.70811
