136.17,-0.33212
119.83,-0.27414
126.8,-0.29367
119.61,-0.27352
119.94,-0.27247
131.63,-0.30908
119.7,-0.27532
122.11,-0.27888
128.01,-0.29923
120.04,-0.27582
129.11,-0.30205
120.2,-0.27373
119.37,-0.27191
118.81,-0.26965
118.89,-0.27
118.66,-0.26922
118.31,-0.26732
118.33,-0.26797
125.87,-0.29336
115.84,-0.25987
125.89,-0.29348
126.12,-0.29438
126.32,-0.29469
126.37,-0.295
140.44,-0.33602
140.77,-0.33747
127.31,-0.29707
143.28,-0.3454
143.71,-0.34624
142.69,-0.34389
138.99,-0.33922
121.44,-0.27711
120.71,-0.27526
120.13,-0.27342
121.78,-0.27731
123.08,-0.28066
129.73,-0.30482
148.17,-0.36151
129.23,-0.30309
129.7,-0.30539
131.1,-0.30923
119.85,-0.27736
120.14,-0.2741
127.03,-0.29471
129.58,-0.30381
133.94,-0.32068
126.17,-0.29812
130.42,-0.30854
131.24,-0.3078
129.94,-0.30365
131.53,-0.30461
128.05,-0.29669
121.67,-0.27603
129.35,-0.29957
120.91,-0.27281
123.1,-0.27903
129.06,-0.29858
128.36,-0.29548
121.37,-0.27512
128.85,-0.29792
128.61,-0.29649
129.36,-0.29844
127.83,-0.28958
130.01,-0.29845
127.89,-0.30149
129.2,-0.29798
122.52,-0.27609
131.29,-0.30072
121.71,-0.27162
124.01,-0.28436
122.2,-0.27386
121.07,-0.26784
125.28,-0.29195
118.23,-0.26663
135.53,-0.32328
132.47,-0.31428
125.02,-0.28848
127.02,-0.29474
127.17,-0.29126
127.56,-0.2927
122.33,-0.27641
135.05,-0.32204
118.53,-0.27054
122.11,-0.27694
140.27,-0.33387
120.91,-0.27119
127.7,-0.29427
128.54,-0.29394
117.91,-0.26837
126.75,-0.29982
126.92,-0.30022
129.09,-0.29855
125.12,-0.28551
119.62,-0.27138
118.45,-0.26905
117.29,-0.25979
119.95,-0.27409
119.29,-0.273
119.75,-0.27271
123.52,-0.28417
126.85,-0.2858
120.73,-0.2759
120.92,-0.27252
119.04,-0.27
123.39,-0.28579
115,-0.25221
125.68,-0.28692
124.5,-0.28185
115.44,-0.25474
114.93,-0.25244
114.71,-0.25343
114.43,-0.25027
113.63,-0.24982
114.91,-0.25265
114.02,-0.25446
115.93,-0.25748
113.48,-0.25194
113.21,-0.25033
114.5,-0.25143
110.07,-0.23781
111.6,-0.24306
115.43,-0.25651
112.56,-0.24722
110.01,-0.23598
109.64,-0.23561
109.56,-0.23621
111.14,-0.23688
117.53,-0.25644
112.31,-0.23855
112.81,-0.24127
112.89,-0.24059
113.28,-0.24462
109.28,-0.23491
108.81,-0.23306
108.26,-0.23022
109.36,-0.23412
110.44,-0.2387
110.16,-0.23783
108.82,-0.23161
109.97,-0.23612
110.49,-0.23789
111.12,-0.2383
110.76,-0.23521
107.59,-0.22654
109.5,-0.2286
110.86,-0.23382
110.84,-0.23341
108.22,-0.23083
108.07,-0.22949
107.71,-0.22775
109.74,-0.2339
109.63,-0.23014
107.43,-0.22153
105.49,-0.22058
104.42,-0.21759
103.21,-0.21072
103.78,-0.21398
102.79,-0.20996
105.1,-0.21474
103.86,-0.21536
104.65,-0.21788
104.06,-0.21051
102.4,-0.20847
101.57,-0.20529
102.65,-0.20651
102.55,-0.20535
100.92,-0.2028
102.58,-0.20321
101.61,-0.19838
101.11,-0.19891
100.14,-0.19527
101.23,-0.19805
98.998,-0.19228
101.55,-0.198
99.656,-0.19178
99.634,-0.19203
98.97,-0.18874
98.212,-0.18645
98.161,-0.18603
99.414,-0.19153
97.323,-0.18459
96.702,-0.18504
96.77,-0.18348
97.496,-0.18615
96.995,-0.1832
96.944,-0.18333
97.148,-0.18288
97.183,-0.18537
96.093,-0.17916
96.603,-0.18121
94.468,-0.17355
94.586,-0.17292
95.336,-0.17365
95.158,-0.17282
94.655,-0.17007
93.825,-0.17182
94.091,-0.17314
93.747,-0.17198
93.189,-0.16932
95.929,-0.17317
94.655,-0.16826
94.053,-0.16935
93.21,-0.16588
92.798,-0.16378
93.95,-0.16402
91.965,-0.16289
92.58,-0.15919
91.648,-0.16334
93.438,-0.16183
93.158,-0.16166
93.831,-0.17239
95.709,-0.17061
95.51,-0.17094
96.789,-0.17384
97.56,-0.17927
99.064,-0.18567
100.76,-0.18497
101.25,-0.18256
99.354,-0.18547
101.03,-0.18643
98.533,-0.18716
99.488,-0.18741
98.2,-0.18723
100.01,-0.18778
99.604,-0.18468
98.963,-0.18205
100.14,-0.19125
102.35,-0.19715
98.56,-0.18587
96.239,-0.17644
98.399,-0.18462
97.393,-0.18003
97.647,-0.18037
101.85,-0.19615
98.641,-0.18551
96.759,-0.17726
101.33,-0.19535
104.86,-0.20837
102.31,-0.19881
102.05,-0.19872
105.12,-0.20127
107.23,-0.21371
106.82,-0.2122
105.15,-0.19823
109.38,-0.2145
105.46,-0.2087
104.43,-0.20543
104.72,-0.20449
109.83,-0.22286
101.54,-0.19397
103.3,-0.20027
111.25,-0.22371
101.42,-0.19247
107.62,-0.21115
104.02,-0.19955
107.98,-0.21313
104.93,-0.20215
103.39,-0.1966
104.92,-0.20431
98.452,-0.17877
104.96,-0.20449
102.31,-0.19581
98.345,-0.18173
100.02,-0.18719
95.695,-0.17246
95.774,-0.17024
97.654,-0.17826
95.842,-0.16739
96.677,-0.17659
97.064,-0.17827
95.27,-0.17189
92.466,-0.16149
90.963,-0.15553
91.057,-0.15639
90.042,-0.1535
87.924,-0.14017
87.373,-0.14447
81.808,-0.11983
87.279,-0.13911
91.942,-0.16015
92.982,-0.16012
83.282,-0.12723
76.6,-0.093274
81.572,-0.11659
79.319,-0.10883
77.101,-0.096784
74.569,-0.081447
69.386,-0.047236
64.132,-0.016444
60.474,0.011218
52.293,0.079489
47.643,0.1178
42.447,0.16991
29.618,0.32847
28.811,0.34467
25.429,0.40164
15.748,0.60254
5.9758,0.93547
10.322,0.77697
4.5929,1.0335
10.059,0.77622
7.8091,0.87366
6.8581,0.92555
5.6299,1.0066
6.4125,0.94563
6.5515,0.94008
5.3074,1.0279
5.4427,1.016
4.6179,1.0765
5.0381,1.0367
4.7797,1.059
4.5785,1.0737
4.9549,1.0481
4.6041,1.0762
5.4757,1.0052
5.064,1.0334
4.7201,1.0646
4.9914,1.0483
4.4225,1.0754
4.5955,1.0573
5.1257,1.0164
4.9388,1.0254
4.3669,1.0621
4.3667,1.0587
4.7909,1.0292
4.6957,1.038
5.5418,0.99115
3.8506,1.0833
4.7617,1.045
4.6229,1.0543
3.5546,1.1053
4.0961,1.0922
4.4443,1.0568
3.7047,1.1007
4.346,1.0569
3.2911,1.1333
4.5751,1.0439
4.209,1.0649
3.3516,1.117
4.6537,1.0282
4.7746,1.0042
4.3878,1.0283
4.1273,1.0417
4.5121,1.0155
3.956,1.0647
4.0237,1.0467
5.4998,0.96505
6.0259,0.94158
7.3116,0.88536
9.4309,0.82302
12.916,0.72685
15.214,0.67534
14.497,0.69161
14.807,0.67617
11.668,0.75224
11.677,0.7446
15.587,0.65632
12.042,0.73027
11.534,0.7447
11.796,0.72911
13.053,0.7072
12.461,0.7075
14.014,0.67336
12.594,0.7119
13.577,0.68617
10.293,0.76113
12.83,0.69577
10.317,0.75403
13.783,0.66919
12.33,0.6979
12.137,0.70344
12.074,0.69785
11.285,0.71816
10.885,0.7334
11.504,0.71146
1.2781,1.264
11.507,0.70546
11.445,0.70676
1.5206,1.2054
1.5634,1.195
1.3607,1.2308
1.6036,1.1835
11.656,0.69064
9.5879,0.74214
1.2292,1.2585
9.4011,0.75823
9.2404,0.75522
1.1349,1.2764
10.234,0.72883
10.93,0.70843
9.6659,0.73611
9.239,0.74191
10.903,0.69826
9.2508,0.74464
10.529,0.70111
10.23,0.71127
1.9819,1.1231
9.7205,0.71889
9.86,0.71738
9.8633,0.71294
9.5676,0.7218
8.6089,0.74538
9.7489,0.71065
9.1476,0.72988
9.5401,0.71672
9.5915,0.71249
8.0037,0.7612
5.168,0.8691
9.8551,0.70593
9.4942,0.71214
10.137,0.69176
9.9894,0.69315
9.6921,0.70929
9.4658,0.70582
9.7014,0.6996
10.066,0.69139
9.8031,0.69461
8.2889,0.73722
9.4557,0.69939
9.9041,0.69175
4.8812,0.86986
4.6919,0.88069
9.3011,0.70439
8.5746,0.72719
8.3301,0.72833
8.5338,0.72483
8.7502,0.71321
9.2318,0.70019
9.3512,0.68977
8.498,0.71882
4.8104,0.86264
9.3734,0.69401
5.7822,0.82488
9.8938,0.68237
8.9301,0.71134
9.6151,0.68864
5.6387,0.81844
8.8835,0.70969
8.5586,0.71838
9.7482,0.68454
10.022,0.67384
10.353,0.66309
9.5775,0.69046
10.02,0.6725
9.4614,0.68588
8.7249,0.70506
8.4592,0.71321
9.1904,0.68696
9.7597,0.67703
9.5891,0.67614
8.923,0.69429
8.2888,0.7142
9.1675,0.68573
9.6475,0.67414
8.8486,0.69655
9.4549,0.68044
8.8703,0.69725
8.9596,0.69093
9.3517,0.68044
8.8533,0.69466
8.2958,0.70939
9.4025,0.6805
9.6454,0.67192
8.9283,0.68936
9.0028,0.68917
9.4671,0.67294
9.4005,0.67607
9.1633,0.68301
8.1407,0.71851
8.6794,0.6991
8.2481,0.71477
8.218,0.71601
8.4342,0.70475
8.8888,0.69072
9.4285,0.67681
8.4197,0.70511
7.632,0.72626
7.336,0.73511
7.9081,0.7185
8.3811,0.70037
6.9808,0.75424
6.5117,0.76625
6.7752,0.7572
8.6559,0.6952
4.9776,0.83279
5.3369,0.81301
3.5046,0.9133
6.3293,0.76427
3.7234,0.8944
5.0809,0.82104
4.0065,0.87777
4.0944,0.86704
4.0013,0.88066
4.8343,0.82933
4.4469,0.8503
3.9524,0.8778
4.6988,0.83625
3.9558,0.87818
4.4917,0.85284
4.9126,0.82357
4.3238,0.85549
4.4531,0.84649
5.0464,0.81405
4.1422,0.8648
4.1606,0.86333
4.6075,0.84471
4.9832,0.81775
4.5547,0.84393
4.5325,0.8468
4.7266,0.83237
4.7267,0.83305
4.7934,0.82732
4.9718,0.81591
4.9468,0.81767
4.8841,0.81945
5.1366,0.80703
4.2182,0.86157
4.3272,0.85413
4.5675,0.84125
3.7542,0.8944
5.1673,0.80858
4.8423,0.83016
5.2164,0.80962
5.3274,0.79739
4.2595,0.85336
5.2759,0.80402
4.5373,0.83959
5.1835,0.80837
5.4739,0.79425
5.1901,0.80986
6.429,0.7563
5.4363,0.79463
7.5994,0.71894
6.6362,0.74808
6.4169,0.7569
7.9702,0.70412
6.9505,0.73483
5.5013,0.79459
5.7364,0.78381
5.5424,0.792
5.359,0.80143
5.4245,0.79607
5.2312,0.80533
5.475,0.79177
5.4906,0.79098
5.6519,0.78217
6.7007,0.7424
5.7251,0.78016
5.3092,0.79848
5.6469,0.78224
5.4358,0.7913
6.5039,0.74645
6.1873,0.76469
6.0499,0.7683
5.7182,0.78306
5.9373,0.77313
5.3842,0.80198
5.9768,0.77765
5.7524,0.78189
5.7159,0.78444
5.9172,0.7735
5.8786,0.77783
5.8841,0.7733
5.3624,0.79144
5.0244,0.81583
5.6925,0.78744
5.2641,0.80256
5.3216,0.79941
6.3745,0.7547
5.6676,0.78109
6.0189,0.76584
5.3016,0.80176
5.844,0.77494
5.9527,0.77197
6.1044,0.76392
5.9642,0.77205
5.7338,0.78418
6.254,0.76395
5.6294,0.7886
5.8586,0.77646
6.2019,0.76527
6.015,0.77367
6.5839,0.74802
5.8766,0.77425
5.7908,0.77841
6.3764,0.75644
6.2506,0.76318
4.7806,0.82621
5.6884,0.78957
5.9801,0.77705
6.1884,0.76395
6.3865,0.75728
6.0673,0.76834
6.5746,0.74613
6.1957,0.76336
5.9634,0.77754
5.9099,0.77847
6.3346,0.75899
6.335,0.76052
5.9715,0.77717
6.9728,0.73918
6.5271,0.75578
6.7422,0.7462
6.5053,0.75626
6.6325,0.75052
6.7387,0.74536
6.8834,0.73792
6.7809,0.74198
6.1609,0.76782
6.1604,0.76636
6.2192,0.76671
6.4552,0.75517
5.3468,0.80216
6.1075,0.76912
6.1666,0.76492
7.0038,0.7276
6.8142,0.73571
7.0201,0.726
6.4,0.75299
6.5736,0.7431
6.2648,0.75805
6.7106,0.74229
6.2822,0.7578
6.7781,0.737
6.7546,0.73704
6.5065,0.74916
6.2741,0.75959
6.2698,0.76065
6.5935,0.74547
6.5397,0.74839
6.3281,0.75883
6.3815,0.75582
6.7927,0.73678
6.3528,0.75118
6.3323,0.75654
6.8783,0.73419
7.278,0.7251
6.0546,0.76635
5.9596,0.77077
6.1573,0.76355
6.3858,0.75153
6.5355,0.74392
6.4614,0.75312
6.7324,0.73847
6.7422,0.73995
6.7206,0.74005
6.7036,0.74087
6.2505,0.7574
7.0238,0.7313
5.5009,0.78607
6.9584,0.73237
7.0472,0.72795
6.8736,0.7349
6.7989,0.73701
6.1377,0.76322
6.3514,0.7533
7.003,0.7294
6.8219,0.73641
6.9087,0.73236
6.8276,0.73806
7.6185,0.70793
6.1914,0.76004
7.3511,0.71902
6.5203,0.74941
6.3286,0.75517
6.3924,0.75017
7.322,0.71783
6.4337,0.74882
6.5624,0.7431
6.5425,0.7457
6.5786,0.74304
6.354,0.75262
6.5621,0.74549
6.4628,0.75193
5.6899,0.78451
5.8462,0.77522
6.7648,0.73034
6.3133,0.74908
6.0899,0.76232
6.1411,0.75905
6.0734,0.76226
6.3293,0.75015
5.867,0.76808
6.5144,0.74035
6.6696,0.74523
7.1359,0.72585
6.8234,0.73719
6.8758,0.73622
5.7544,0.77773
7.0214,0.72776
7.5178,0.70591
5.8178,0.76693
5.9127,0.76896
7.2659,0.7199
6.4474,0.74762
7.1972,0.72213
8.4184,0.68603
5.2949,0.79705
6.4522,0.75232
4.8171,0.81832
5.0853,0.80916
6.6181,0.74644
5.1523,0.80023
4.627,0.83263
6.1879,0.75252
6.8865,0.73022
5.1313,0.80216
6.2132,0.75549
5.5726,0.78644
6.5792,0.74367
6.7279,0.73727
7.1233,0.72224
7.199,0.71612
7.0688,0.72459
6.9221,0.72617
7.0581,0.72524
6.8145,0.73179
6.7552,0.73244
6.0942,0.76035
7.058,0.72274
6.9358,0.73248
5.8716,0.76904
5.8795,0.77092
6.2279,0.75531
6.1236,0.75832
6.9169,0.73092
5.7935,0.77503
7.2658,0.71719
6.1864,0.7538
5.6668,0.78038
5.8834,0.77129
6.2596,0.75047
9.1158,0.66099
6.9728,0.72783
6.9371,0.72877
7.0044,0.72543
7.1052,0.72055
7.2217,0.71777
7.1889,0.71888
7.1238,0.71969
6.5973,0.74317
6.7088,0.73703
6.9923,0.72751
6.8271,0.73198
6.6745,0.73781
6.3257,0.75352
6.5091,0.74399
6.6281,0.73682
6.7365,0.73474
7.2337,0.71874
7.2797,0.71664
6.5429,0.73769
6.5197,0.74181
6.5383,0.74081
6.5549,0.73876
6.5015,0.74801
5.3074,0.79796
6.3332,0.75642
6.7189,0.73838
6.4277,0.75303
5.8301,0.77176
5.6378,0.78308
7.8614,0.70042
5.6481,0.77933
5.7767,0.77334
5.7304,0.77675
5.9204,0.76176
5.6748,0.77898
6.011,0.76233
6.09,0.75926
5.8684,0.76833
5.6985,0.77557
5.5968,0.77845
5.9109,0.7635
5.8454,0.76949
5.7647,0.77212
5.6293,0.77405
5.6692,0.77762
7.8997,0.69384
6.0295,0.76183
7.4861,0.70636
7.0989,0.72587
7.1605,0.72089
7.922,0.69183
7.3634,0.71464
7.8739,0.6951
6.0829,0.75808
6.9924,0.7258
6.3211,0.75125
6.6435,0.74043
6.3144,0.7538
6.5983,0.73861
8.2055,0.68488
7.6269,0.70621
8.0716,0.69268
8.0327,0.68991
7.6812,0.70508
6.6654,0.73582
7.0692,0.72103
7.1574,0.71736
6.1934,0.75816
7.4542,0.70993
7.5408,0.70686
7.5702,0.70644
6.1698,0.7529
5.8661,0.7647
8.132,0.68337
7.4313,0.70799
7.328,0.71491
7.7764,0.69476
7.4086,0.7072
7.4076,0.71186
6.7088,0.73637
7.211,0.71819
6.8798,0.73093
6.9004,0.72997
6.5484,0.7395
6.1512,0.76275
7.0896,0.72129
6.8345,0.72848
5.6456,0.77469
7.0305,0.72298
6.8711,0.73004
7.1786,0.72027
7.4124,0.70919
5.8557,0.76688
7.3152,0.71146
7.7542,0.69776
7.4537,0.7043
7.9623,0.68647
7.2168,0.71449
7.8261,0.6945
7.4255,0.70776
7.4236,0.70856
7.1483,0.71684
7.4828,0.70471
7.682,0.70019
7.3665,0.71102
8.0436,0.6876
7.1205,0.71657
7.5869,0.70575
8.0844,0.68823
7.9525,0.69228
7.6668,0.70103
7.7579,0.6987
5.4937,0.7823
5.9536,0.76598
5.4711,0.78675
5.4463,0.78735
5.7547,0.77663
6.943,0.72995
5.2554,0.79712
6.3144,0.7548
7.2885,0.71494
6.8914,0.72436
6.6548,0.73851
5.9781,0.76158
6.5701,0.74281
6.9674,0.72806
6.0844,0.76642
6.4939,0.747
6.7676,0.73464
6.651,0.73886
6.1715,0.75759
6.5664,0.73703
6.4295,0.74773
7.5059,0.71357
7.2009,0.72203
7.3373,0.71415
7.2022,0.71994
8.0716,0.69063
8.1287,0.68592
7.2789,0.71403
7.34,0.70897
7.2957,0.70934
7.3417,0.70916
7.047,0.72451
6.6692,0.73632
6.9459,0.72461
6.9908,0.72199
6.9099,0.72522
6.7871,0.72972
6.7642,0.73187
6.8616,0.72789
6.8602,0.72793
7.0596,0.72033
7.0742,0.72283
6.8241,0.73048
8.0131,0.68026
7.0977,0.72034
6.725,0.73501
7.2798,0.7174
6.6048,0.74002
7.1122,0.7231
6.9254,0.73068
7.1278,0.72134
6.8589,0.72883
6.8944,0.73063
7.2128,0.71209
6.7279,0.73373
7.8231,0.69378
8.1315,0.68656
8.7554,0.66701
8.4898,0.67337
8.3515,0.6831
8.4276,0.67826
8.1301,0.68512
7.6237,0.70301
7.931,0.69125
7.7914,0.69847
7.1392,0.717
7.2145,0.71513
7.8554,0.69897
7.687,0.70024
8.0845,0.68712
7.6106,0.70355
7.7445,0.69938
7.3395,0.71178
7.2544,0.71586
7.9762,0.6885
7.7396,0.70044
8.1834,0.6859
7.5274,0.70625
7.9774,0.68526
8.0052,0.69413
7.5286,0.71022
7.478,0.70722
7.9619,0.69338
7.9632,0.6906
7.7326,0.70149
6.9584,0.72738
7.355,0.71465
7.5984,0.70626
7.7224,0.70089
7.8389,0.69637
7.9548,0.69203
8.1425,0.68735
8.5064,0.67327
8.3476,0.68273
8.4149,0.67844
7.8937,0.69413
8.1646,0.6885
8.2796,0.68262
8.4076,0.67731
8.7288,0.66631
8.2832,0.68076
8.8684,0.66298
8.4122,0.67683
5.8389,0.76876
7.8541,0.69416
6.0053,0.76221
6.0396,0.75577
7.1294,0.71679
7.5881,0.70366
7.789,0.69476
7.6933,0.69913
7.2273,0.71297
7.3792,0.70972
7.2241,0.70982
7.1571,0.71676
7.0653,0.7199
7.6533,0.70102
7.2286,0.71613
7.4475,0.70583
7.0432,0.72231
7.9452,0.69101
7.5521,0.70357
7.6416,0.70019
7.2056,0.71363
7.2069,0.71462
7.3096,0.71239
7.2917,0.71178
7.5081,0.70316
8.0469,0.68904
7.4465,0.70516
7.6273,0.70028
6.8822,0.72418
7.2441,0.7124
7.0582,0.71985
6.7099,0.72606
6.0999,0.75171
7.1071,0.71923
6.0863,0.75801
7.1904,0.71807
7.3852,0.70827
7.1806,0.71669
7.1931,0.71684
7.2322,0.71401
7.1447,0.7148
7.8282,0.69439
7.7512,0.69705
7.1299,0.71393
7.3237,0.71104
7.6244,0.70053
6.7579,0.72898
7.0399,0.71584
6.549,0.74419
6.6015,0.73868
7.1897,0.72477
6.2651,0.7572
7.2484,0.72009
7.2908,0.71888
6.561,0.74717
6.796,0.72902
6.5894,0.74612
6.2789,0.75409
7.2976,0.71709
6.4325,0.74697
5.691,0.77269
5.5156,0.78392
7.9021,0.69182
6.6409,0.73289
5.9434,0.76406
5.8314,0.76756
5.8874,0.76441
5.7421,0.77509
5.8263,0.76909
7.0989,0.71997
7.5306,0.70278
6.6994,0.73707
7.144,0.71954
6.9182,0.72728
7.4114,0.70699
7.0088,0.72265
7.5007,0.70503
7.2855,0.7108
7.3578,0.71028
6.8478,0.72718
6.6942,0.73022
7.0557,0.7205
7.0089,0.71837
7.4224,0.70618
5.8877,0.76618
8.0426,0.68892
8.119,0.68636
7.9806,0.69259
6.9218,0.72293
8.265,0.67935
8.1802,0.68355
7.7234,0.69214
8.2501,0.67734
8.3657,0.67352
7.7489,0.69331
7.8881,0.68957
6.7027,0.74376
7.1739,0.72166
5.9591,0.76474
6.2849,0.74805
6.4142,0.74104
7.4705,0.70465
7.2173,0.71382
7.0276,0.72473
5.6204,0.78001
6.2544,0.75157
6.1145,0.75719
6.8102,0.72849
8.5825,0.67662
7.9041,0.69733
7.513,0.70799
8.5409,0.6791
8.6968,0.67211
7.3503,0.71238
7.6073,0.70176
7.5122,0.7046
7.8016,0.69605
7.299,0.71228
7.557,0.70723
7.5334,0.70374
7.7791,0.69601
7.586,0.70202
6.4905,0.73968
7.8016,0.69375
7.8219,0.69332
7.3291,0.71029
7.1627,0.71682
7.6619,0.69672
7.4913,0.70366
7.7448,0.6946
7.5279,0.70526
7.6885,0.69758
6.9322,0.72576
7.0616,0.72086
7.5079,0.7065
7.2523,0.71309
6.5089,0.74231
7.3079,0.71317
7.3282,0.71345
7.698,0.69738
7.8459,0.69497
7.5584,0.7042
7.7474,0.69572
7.7008,0.69818
5.9702,0.76315
7.4347,0.70972
6.8491,0.73352
7.4748,0.70829
7.2161,0.71786
7.4781,0.70629
7.3257,0.71172
7.7474,0.69725
7.4932,0.70726
7.0332,0.72236
7.256,0.71457
6.7164,0.73363
8.0719,0.69131
7.3874,0.71472
8.5288,0.67176
7.5576,0.70625
7.6664,0.69947
7.0114,0.72546
7.0201,0.72492
6.9287,0.72485
7.0457,0.72519
5.8786,0.76553
6.7869,0.733
7.7105,0.69797
7.3143,0.71044
7.4112,0.70651
7.1858,0.71472
7.0857,0.71657
7.2237,0.72009
6.7907,0.73554
7.556,0.70199
6.9415,0.72669
7.5623,0.70062
7.6104,0.7026
7.4833,0.70471
7.5149,0.70394
5.3405,0.79051
7.2461,0.71338
7.2768,0.71636
7.2126,0.71595
6.9452,0.72844
6.8271,0.72973
7.1402,0.72178
6.9677,0.72729
6.4992,0.74531
6.978,0.72445
6.9054,0.72916
6.8196,0.73192
7.1893,0.71662
6.7014,0.73878
7.2461,0.72036
6.8018,0.73445
7.3336,0.71404
8.7254,0.66942
7.5626,0.70443
7.4395,0.70505
6.068,0.7576
7.2899,0.71135
7.2766,0.71123
7.9333,0.69135
5.6545,0.77852
5.4325,0.78828
5.7533,0.76934
7.7746,0.69722
5.7565,0.76889
5.8091,0.76837
5.8708,0.76426
6.1768,0.74817
6.2078,0.74608
5.8609,0.75946
5.95,0.75525
6.1126,0.7474
7.0086,0.72381
7.5618,0.70142
7.6465,0.69957
7.8288,0.68927
7.3409,0.71008
7.7933,0.69118
9.206,0.6517
7.6864,0.69664
7.8821,0.69147
8.0532,0.68268
8.1225,0.67797
8.046,0.68034
6.4264,0.74154
7.7257,0.69936
7.8924,0.69098
7.6704,0.69869
7.518,0.70489
7.5574,0.70253
7.3051,0.71011
6.9138,0.72202
7.7621,0.69495
7.4239,0.70751
8.1962,0.68273
7.8882,0.69282
5.3619,0.78692
7.2098,0.71439
6.7152,0.73972
7.3444,0.71076
7.7543,0.69481
5.6989,0.77026
7.4421,0.70752
5.5484,0.77776
7.6608,0.69553
7.3761,0.70786
7.6356,0.6981
5.7773,0.76564
6.8087,0.73032
7.1447,0.71652
5.8311,0.76812
7.3685,0.70792
7.3002,0.70948
6.1767,0.74852
6.0725,0.75471
7.4461,0.70636
7.4259,0.70365
7.416,0.70456
7.5595,0.70626
6.9775,0.72195
7.3366,0.70828
7.4405,0.70603
7.4344,0.70633
7.6561,0.69647
7.6004,0.69884
7.1881,0.7137
7.7181,0.69179
7.8649,0.69075
7.6311,0.69523
7.6901,0.69496
7.2178,0.71262
7.2878,0.71091
8.4295,0.67481
7.3911,0.71252
7.8708,0.69356
7.5557,0.69859
7.4743,0.70538
7.2648,0.71159
7.4393,0.70193
7.6796,0.69595
7.3809,0.70728
7.4327,0.70251
7.608,0.70106
6.9199,0.72283
6.939,0.72667
6.702,0.73318
7.5051,0.70515
6.8275,0.72761
6.6522,0.73564
5.4802,0.78063
7.4123,0.70411
6.8824,0.72449
7.308,0.70442
7.2933,0.70391
7.3285,0.70263
7.2792,0.70545
7.2526,0.71065
7.7133,0.69474
7.2751,0.70844
7.3611,0.70474
7.5547,0.69909
6.5722,0.73439
7.6833,0.699
7.1447,0.715
7.3411,0.70491
7.5386,0.69871
8.2269,0.67642
8.117,0.68143
8.9072,0.65988
7.7125,0.69377
7.4921,0.69973
7.4493,0.7018
7.5694,0.69677
7.6696,0.69247
7.6152,0.69496
7.5706,0.69564
7.3669,0.7022
7.8724,0.68232
7.4453,0.69766
5.8626,0.75257
7.2154,0.71022
7.623,0.69262
7.2344,0.7056
7.6368,0.68988
7.2067,0.70614
7.5035,0.6925
7.3488,0.69707
7.5813,0.69003
7.5829,0.68921
7.5709,0.68916
7.7492,0.68083
7.5384,0.69353
7.1385,0.70999
6.8389,0.71962
7.142,0.71096
6.7586,0.71793
7.2716,0.6992
7.1818,0.70558
6.7671,0.71928
7.2104,0.69973
7.1631,0.70103
7.3902,0.69348
7.266,0.69742
7.2227,0.69778
6.6498,0.72468
7.0036,0.70909
7.1998,0.70059
7.103,0.70478
7.4048,0.6912
7.3075,0.69484
6.9028,0.71219
6.7496,0.71864
6.9804,0.70804
6.7429,0.71531
7.2872,0.69717
7.3664,0.69359
7.2961,0.69807
7.212,0.69852
7.1713,0.69914
7.046,0.70442
7.6974,0.67793
7.3186,0.6913
7.1976,0.69639
8.8377,0.6453
7.5146,0.68461
7.1777,0.69436
6.7587,0.70797
6.8146,0.70598
9.3757,0.636
7.1686,0.69886
7.3998,0.68877
9.9654,0.61859
7.2339,0.69335
9.979,0.61464
9.3118,0.62788
6.9058,0.70165
6.473,0.71447
6.7729,0.70259
6.9282,0.6996
6.6239,0.70808
5.8647,0.73777
5.7369,0.74411
5.7641,0.74121
6.5381,0.71124
6.3228,0.7195
6.076,0.72727
6.7231,0.70258
6.6062,0.70562
6.9943,0.69484
6.4341,0.70926
6.6983,0.69959
6.4704,0.70808
6.9078,0.6998
5.8562,0.73688
6.6495,0.70564
6.3641,0.71469
6.5838,0.70594
6.7098,0.70156
6.3063,0.71244
5.9208,0.72828
5.8458,0.73256
6.7235,0.69425
7.0221,0.68582
6.541,0.70022
7.6213,0.6709
7.7844,0.65965
5.0224,0.76147
5.9116,0.72284
5.8611,0.72791
5.6862,0.73164
5.5525,0.73765
5.5804,0.73231
5.2602,0.74793
5.5293,0.73763
5.522,0.73636
5.4833,0.73626
5.8781,0.72294
6.024,0.71873
5.91,0.72175
5.9085,0.71816
5.7339,0.7269
6.1301,0.71122
6.0027,0.71448
6.0072,0.71232
5.6493,0.72827
5.6933,0.7266
6.3033,0.70154
6.3284,0.69896
6.7997,0.68786
5.3002,0.74096
5.2154,0.74502
5.0344,0.75322
5.203,0.7429
6.1266,0.70447
5.2711,0.73674
7.1662,0.668
5.0194,0.74849
5.0442,0.7461
5.2014,0.73968
5.1579,0.74056
6.6707,0.6831
5.779,0.7145
5.4874,0.72548
5.577,0.72213
5.5972,0.71825
5.7345,0.71107
5.7205,0.71323
5.9464,0.70033
5.6207,0.71539
6.0572,0.69471
5.9494,0.70041
5.7534,0.70711
6.2385,0.69255
6.3554,0.68771
6.6903,0.67429
6.3654,0.68392
6.2946,0.68254
6.6069,0.67239
6.5818,0.6718
7.726,0.63372
6.8826,0.66088
7.2556,0.64915
7.1225,0.65229
6.6122,0.66991
6.8836,0.65892
6.7312,0.6624
6.6621,0.66446
6.8385,0.65839
6.7566,0.66085
6.4706,0.66906
6.4514,0.67007
6.4307,0.6725
6.4881,0.66946
6.1847,0.68128
5.8454,0.69521
6.1125,0.68017
6.5047,0.66808
5.9648,0.68638
6.4812,0.66592
6.2041,0.67188
6.464,0.66312
6.2098,0.67082
5.8948,0.68385
6.3282,0.6683
5.9522,0.68034
5.5215,0.70094
6.5087,0.65754
6.8021,0.65044
5.9483,0.68244
6.0999,0.67667
5.3903,0.70544
6.1098,0.67517
5.8681,0.68387
5.4129,0.6985
5.9459,0.67624
5.695,0.68732
6.1196,0.6675
6.1828,0.66742
6.1329,0.668
5.9968,0.67292
5.9608,0.67508
5.5381,0.69373
6.1195,0.66661
5.7888,0.679
6.122,0.66506
5.6059,0.68471
5.8755,0.67299
6.0019,0.66831
6.0167,0.66377
6.1852,0.65772
6.1991,0.65603
5.8142,0.66954
6.4696,0.64461
6.3228,0.64903
6.38,0.64654
6.3304,0.64656
6.3305,0.64483
6.2006,0.64852
6.2664,0.64725
5.9839,0.65719
5.9532,0.65421
6.1729,0.64819
6.1777,0.64784
6.2757,0.64544
4.713,0.70769
4.5919,0.71379
4.8539,0.69874
5.0233,0.69103
4.7792,0.70006
4.8452,0.69761
4.8723,0.69321
4.9574,0.69075
5.847,0.65682
5.868,0.65611
6.3076,0.64021
6.2697,0.6411
5.7781,0.65994
5.7016,0.66162
6.3889,0.6357
6.3775,0.63536
6.2812,0.63947
6.4299,0.63063
5.8768,0.6526
5.8526,0.653
6.2156,0.63835
5.9221,0.64741
6.2675,0.63401
6.2604,0.63399
6.2839,0.63428
6.235,0.6369
6.3192,0.63169
6.2951,0.63191
6.2358,0.63423
6.1559,0.6373
6.2044,0.63498
6.3412,0.62855
6.2574,0.63148
6.2261,0.63176
6.1631,0.63407
6.1266,0.63475
6.0455,0.63503
5.9972,0.63635
5.931,0.63895
5.0619,0.66877
5.9496,0.63508
5.0642,0.66858
5.8663,0.63828
4.9981,0.66977
6.0086,0.6309
5.6561,0.64517
6.0023,0.63196
4.9317,0.67333
5.3131,0.65652
5.6418,0.64584
5.6752,0.64299
5.5532,0.64781
5.2886,0.65608
5.0111,0.66864
5.3678,0.65278
5.8327,0.63493
5.4576,0.64794
5.1893,0.65819
5.5412,0.64426
5.8119,0.63416
5.6171,0.64368
4.7546,0.67565
4.8096,0.67173
5.907,0.62931
4.8673,0.66974
4.9029,0.66625
4.9936,0.66171
4.9974,0.66229
4.8675,0.66682
6.1128,0.62157
4.7948,0.67227
4.8172,0.6689
5.58,0.63851
5.5352,0.6404
5.6689,0.63548
5.639,0.63522
5.4796,0.64106
5.3686,0.64624
4.9299,0.66289
5.7926,0.63308
5.4528,0.64247
5.5969,0.63696
5.3278,0.64663
5.4009,0.64262
5.3452,0.64421
5.3456,0.644
5.3746,0.64283
5.5505,0.63846
5.2829,0.64711
5.3143,0.645
5.5212,0.6373
5.3781,0.64146
5.2375,0.64706
5.475,0.63725
5.3728,0.6416
5.2841,0.64621
5.4887,0.63518
5.4797,0.63437
5.4053,0.64018
5.3741,0.63867
4.3135,0.68327
5.2376,0.64409
5.2375,0.64459
5.3088,0.64103
5.2174,0.64321
5.248,0.64348
5.261,0.6414
4.2671,0.68449
5.2293,0.64464
5.4019,0.63635
4.5525,0.66561
5.1301,0.64534
4.706,0.66193
5.1785,0.64131
5.152,0.64139
5.4593,0.63084
5.0321,0.64843
5.1103,0.64288
4.9437,0.65063
4.9913,0.64638
4.9805,0.64741
4.7608,0.65753
5.0046,0.64621
4.9666,0.64635
4.8446,0.65229
4.8362,0.64862
5.4593,0.62739
5.4462,0.62723
5.0876,0.63971
5.143,0.63747
4.9609,0.64587
4.7835,0.65512
4.8199,0.65277
4.1741,0.68141
4.2625,0.67631
4.8807,0.6474
4.8374,0.6495
4.8777,0.64917
4.8732,0.64725
4.8288,0.64762
4.7406,0.65349
4.7547,0.65309
4.721,0.65337
4.6398,0.6573
4.5008,0.66405
4.4179,0.66532
4.5874,0.66009
4.8955,0.64293
4.4961,0.66337
4.4955,0.6636
5.1188,0.63902
4.7724,0.64915
4.7385,0.65037
4.8178,0.64399
4.7604,0.64793
4.7569,0.64595
4.6599,0.65434
4.682,0.6524
4.0362,0.6815
4.3187,0.66728
4.8601,0.64624
4.5031,0.65728
4.8409,0.64512
4.7968,0.64765
4.2095,0.67343
4.6194,0.654
4.1682,0.67492
4.6457,0.65441
4.6875,0.65171
4.7041,0.65227
4.7328,0.64996
4.7961,0.64581
4.7888,0.64689
5.1642,0.63138
4.6914,0.65124
4.8206,0.64431
4.7774,0.64533
4.6714,0.65249
4.8026,0.64562
4.8562,0.64356
4.4756,0.65983
4.4669,0.66015
4.3633,0.66424
4.3333,0.66656
4.2646,0.67008
4.3744,0.66302
4.4283,0.65972
4.2058,0.67213
4.4817,0.65617
4.3811,0.66348
4.2384,0.66958
4.4509,0.66085
4.6576,0.65465
4.6625,0.65505
4.7791,0.65029
4.519,0.65924
4.8691,0.64642
4.9055,0.64014
4.9929,0.63664
4.8217,0.64253
4.8384,0.64272
4.8069,0.64426
4.8643,0.64001
4.7077,0.64801
4.661,0.64975
4.7282,0.64632
4.7769,0.64393
4.6981,0.64788
4.9675,0.63595
4.8752,0.63993
4.8099,0.64298
4.5134,0.6607
4.5894,0.6555
4.6279,0.65532
4.8052,0.64274
4.7698,0.64627
4.8538,0.6419
4.6608,0.64981
4.7765,0.64425
4.8443,0.6409
4.6734,0.64872
4.7879,0.64201
4.6769,0.65011
4.7967,0.64179
4.7802,0.64226
4.073,0.67612
4.3945,0.65866
4.3519,0.6639
4.4801,0.65813
4.1755,0.67105
4.2431,0.66686
4.5598,0.65047
4.2512,0.66525
4.5065,0.65251
4.6433,0.6476
4.7456,0.64675
4.6375,0.6481
4.5543,0.65292
4.6513,0.65155
4.6425,0.64861
4.0686,0.678
4.1143,0.67527
4.0347,0.67931
3.8551,0.68968
4.1544,0.67105
4.0812,0.67621
3.9944,0.68101
4.2093,0.66915
4.1783,0.67163
4.1576,0.67259
4.0764,0.67748
4.1115,0.67355
4.7482,0.64302
3.8443,0.68613
3.9744,0.67845
4.0716,0.67467
4.9598,0.63301
4.0116,0.67827
4.8797,0.63768
4.0341,0.67576
4.4953,0.65349
3.992,0.67846
3.9832,0.67862
4.9634,0.63294
4.5403,0.65446
4.5517,0.65342
4.5844,0.65037
4.5872,0.65004
4.4907,0.65641
4.514,0.65311
4.1491,0.6709
3.9254,0.68093
4.2039,0.66704
4.1924,0.66956
4.23,0.66679
4.0838,0.67521
4.4762,0.65549
4.0235,0.67415
4.0063,0.67561
3.968,0.67671
3.9643,0.67913
4.552,0.65037
3.9199,0.68158
3.9729,0.67813
4.387,0.66076
4.6286,0.64602
4.501,0.65203
4.7841,0.6429
4.5668,0.64654
4.8394,0.63748
4.7781,0.64117
4.5913,0.65035
4.7622,0.64185
4.751,0.64452
4.4465,0.65344
4.6943,0.64383
4.7231,0.6448
4.6876,0.64434
4.7715,0.63968
4.5664,0.65121
4.4577,0.65599
4.3689,0.65741
4.5734,0.64789
4.3567,0.65711
4.0065,0.67616
3.9563,0.67815
3.9368,0.6805
3.8136,0.68651
3.862,0.68405
3.9849,0.67485
4.3542,0.6572
3.9406,0.67732
4.6163,0.64802
4.7887,0.63936
4.4289,0.6592
4.6162,0.6482
4.5849,0.65023
4.5449,0.65242
4.5618,0.65238
4.4696,0.65646
4.543,0.6526
4.7441,0.64247
4.702,0.64364
4.4676,0.65665
4.5843,0.64954
4.4342,0.65504
4.2763,0.66548
4.5988,0.65068
4.4116,0.65739
4.3847,0.65939
4.2342,0.6642
4.4258,0.65758
4.4252,0.6557
3.9934,0.67693
4.287,0.66251
4.527,0.65079
4.6792,0.64453
4.5691,0.65071
4.5025,0.65326
4.5203,0.653
4.5342,0.65243
4.4528,0.65704
4.4309,0.65854
4.5122,0.65444
4.6662,0.64447
4.5478,0.65135
4.6694,0.64623
4.4431,0.6586
4.3336,0.66399
4.3367,0.66336
4.5549,0.65181
4.6157,0.65101
4.3929,0.66065
4.2967,0.66617
4.3127,0.66576
4.4403,0.65811
4.4995,0.65413
4.4178,0.65974
4.3731,0.66114
4.5233,0.65119
4.5084,0.65068
4.4717,0.65435
4.3882,0.65816
4.5036,0.65191
4.0199,0.67365
4.5185,0.65051
4.4637,0.65386
4.4991,0.65375
4.6203,0.64599
3.995,0.67604
4.445,0.65743
4.4888,0.65395
4.6637,0.64493
4.5598,0.65028
4.5324,0.65118
4.6726,0.64338
4.6037,0.64633
4.6806,0.64297
4.4837,0.65344
4.3999,0.65501
4.5578,0.64922
4.5378,0.65063
4.3885,0.65839
4.3375,0.6627
4.5723,0.64904
4.5511,0.6498
4.5525,0.65087
4.6331,0.64595
3.8342,0.68351
4.5456,0.65145
4.7207,0.64163
4.5382,0.6517
4.4136,0.65655
4.4407,0.65631
4.5524,0.651
4.544,0.65082
4.2864,0.66166
4.2784,0.66134
4.3102,0.66407
4.4966,0.65165
4.3722,0.66056
4.306,0.66382
4.1313,0.67196
4.2975,0.66431
4.2414,0.66698
4.409,0.6573
4.4664,0.65268
4.4423,0.65475
4.4812,0.65489
4.373,0.66132
4.7467,0.64309
4.5878,0.64865
4.6018,0.64796
4.2359,0.66216
4.5208,0.65149
4.3606,0.65317
4.4152,0.65442
4.3098,0.66065
4.5013,0.65264
4.1407,0.6671
4.253,0.66738
4.1587,0.66694
4.1893,0.67055
4.2223,0.66299
4.2449,0.667
4.2099,0.66919
4.2698,0.66577
4.372,0.66011
4.6199,0.64967
4.3481,0.65966
4.5002,0.65588
4.653,0.65042
4.3657,0.6609
4.4855,0.65703
4.5233,0.65417
4.1588,0.66969
4.1179,0.67216
4.416,0.65779
4.2643,0.66219
4.5132,0.65603
4.4591,0.6544
4.6113,0.65018
4.5894,0.6521
4.5819,0.65258
4.7305,0.64385
4.4947,0.65225
4.3912,0.65796
4.3375,0.6612
4.2773,0.66399
3.8942,0.68207
4.4428,0.65618
4.3341,0.66085
4.5283,0.64722
4.4838,0.64718
4.2224,0.66063
4.6171,0.64343
4.3635,0.65915
4.2836,0.66279
4.2722,0.66357
4.3205,0.65977
4.7296,0.64257
4.4665,0.65226
4.1923,0.66492
4.3999,0.65651
4.24,0.66193
4.326,0.66332
4.558,0.65422
4.5813,0.65024
4.4825,0.6531
4.4964,0.6524
3.9393,0.67589
4.5354,0.64889
4.4858,0.65203
3.9613,0.67296
4.5673,0.64886
4.2518,0.65892
4.1317,0.66813
4.0388,0.673
4.0841,0.66741
4.4821,0.6543
4.5931,0.64731
4.5204,0.6517
4.3035,0.66413
4.4121,0.65684
4.3517,0.66129
4.3407,0.66101
4.6022,0.64435
4.4121,0.65453
4.5023,0.65393
4.6739,0.64422
4.4351,0.65563
4.5765,0.64436
4.6548,0.64207
4.8967,0.6282
4.981,0.62411
4.9527,0.62741
4.886,0.62951
4.5518,0.64611
4.181,0.66245
4.8439,0.63162
4.6505,0.64177
4.985,0.62473
4.7884,0.63487
4.9914,0.62429
4.176,0.66966
4.3922,0.65843
3.8694,0.68423
4.4214,0.65648
4.3183,0.66107
4.9798,0.63185
4.4045,0.65863
4.6435,0.64707
4.1706,0.66592
3.9377,0.68093
4.0395,0.67439
4.5709,0.64938
4.0105,0.67247
4.105,0.66489
4.0344,0.66816
3.9385,0.67384
4.0958,0.66389
4.003,0.67067
4.0026,0.6694
3.9971,0.66907
3.9396,0.67384
3.9309,0.67456
4.8085,0.63279
4.452,0.65273
4.6424,0.64596
4.403,0.65554
4.4884,0.6517
4.3105,0.66124
4.2317,0.66696
4.3274,0.6602
4.3869,0.6569
4.3832,0.65642
4.3991,0.65553
4.3525,0.65694
4.482,0.64767
4.1018,0.66681
4.2149,0.65938
5.0532,0.62097
4.1823,0.66136
4.0036,0.67183
4.9847,0.62502
4.9585,0.62515
4.2545,0.6581
4.9726,0.62614
4.6463,0.64165
4.9753,0.62609
3.6546,0.69202
4.5226,0.64818
4.334,0.65909
4.3476,0.6589
3.8229,0.68194
3.8629,0.68052
4.0241,0.66938
3.8054,0.68462
4.2878,0.66263
4.5186,0.65024
4.5138,0.6498
4.5323,0.64729
4.4857,0.65031
3.2072,0.72619
4.4133,0.65605
4.5373,0.64627
4.5497,0.6477
4.4519,0.65387
4.4845,0.65172
4.4658,0.65273
4.4315,0.65487
4.462,0.6527
4.7566,0.64107
4.6641,0.64596
4.4274,0.65544
4.7227,0.63666
4.4026,0.65584
4.3357,0.66018
4.3728,0.65756
4.2963,0.66289
4.2054,0.66533
4.338,0.65986
3.8722,0.6799
3.9076,0.67794
3.8807,0.67968
3.8487,0.68139
3.8327,0.6811
4.4985,0.64749
4.186,0.66291
4.3518,0.65209
4.0881,0.66719
4.0556,0.66962
3.8076,0.68197
4.1088,0.66576
4.0776,0.66895
4.2345,0.65972
4.4232,0.65291
4.3509,0.65579
4.4563,0.65527
4.3535,0.65677
4.227,0.66585
4.5251,0.64868
4.416,0.65569
4.2639,0.66391
4.4205,0.65321
4.3845,0.6562
4.3868,0.65563
4.4393,0.64806
4.4615,0.65174
4.5421,0.64734
4.3287,0.65923
4.8072,0.63208
4.072,0.66624
4.6971,0.63627
3.3053,0.71451
4.6706,0.63923
3.9909,0.6712
3.3643,0.71062
3.3766,0.70919
3.4139,0.7089
3.9235,0.67932
3.5817,0.69963
3.4734,0.70606
3.9536,0.67397
4.1967,0.66638
4.2614,0.66249
4.3998,0.65513
4.2915,0.65991
4.3524,0.65662
4.3904,0.6551
4.4588,0.6524
4.3054,0.66044
4.1941,0.66723
4.3346,0.6588
4.2875,0.66082
4.3546,0.65694
4.534,0.6455
4.2332,0.65873
4.2669,0.66187
4.2774,0.66219
4.4,0.65455
4.954,0.62501
4.3536,0.65771
4.2893,0.6607
4.4207,0.65526
4.4078,0.65371
4.2812,0.66099
4.2244,0.66424
4.2566,0.66062
4.4244,0.65155
4.3354,0.65757
4.1593,0.66708
4.3535,0.65634
4.5418,0.64554
4.3275,0.6595
4.2743,0.66286
4.366,0.65707
4.4967,0.64772
4.8565,0.63084
4.8266,0.63021
4.2168,0.66363
4.2178,0.66291
4.4672,0.65091
4.6156,0.64255
4.1825,0.66399
4.4845,0.65192
4.4134,0.65282
4.3906,0.65235
4.4104,0.6544
3.847,0.68028
4.2161,0.66645
4.2602,0.65912
4.0459,0.67084
3.5166,0.70037
4.0443,0.67146
4.341,0.65896
4.4832,0.65163
4.0469,0.66828
3.9743,0.67241
3.6344,0.69312
3.7936,0.68306
3.8075,0.68074
4.6578,0.63946
4.3194,0.65484
4.4003,0.6555
4.2191,0.65836
4.4928,0.64717
4.7066,0.63566
4.0964,0.66494
4.0765,0.66641
4.3839,0.65234
4.4295,0.65399
4.7378,0.63425
4.6437,0.64485
4.5834,0.64467
4.6646,0.63923
4.4297,0.65211
4.3031,0.65882
4.4555,0.6484
4.2104,0.66029
3.9998,0.67566
3.7554,0.6885
4.4394,0.65067
4.6238,0.64549
4.5294,0.65153
4.1252,0.66984
4.3106,0.65785
4.4659,0.65052
4.4424,0.64871
4.5995,0.63942
4.6853,0.6366
4.5117,0.65214
4.6213,0.64606
4.2643,0.66106
4.32,0.65741
4.5799,0.64885
4.4287,0.65115
4.5101,0.65296
4.4899,0.64883
4.2042,0.66516
4.2297,0.66397
4.4006,0.65381
4.2574,0.66157
4.2565,0.66119
4.3448,0.65696
4.3429,0.65828
4.4164,0.65341
4.2228,0.66293
4.2444,0.66173
4.2041,0.66334
4.3928,0.65497
4.3816,0.65498
4.3396,0.65265
3.8753,0.67771
4.0313,0.67004
4.4023,0.65165
4.3037,0.65742
4.5766,0.64262
4.1577,0.66338
4.3101,0.65337
4.4844,0.64739
3.9164,0.67648
4.4424,0.64815
4.2875,0.65702
3.9609,0.67931
4.017,0.67024
4.478,0.64885
4.4837,0.64867
4.1796,0.66664
4.3759,0.65532
4.1763,0.66604
4.316,0.6593
4.4128,0.65421
4.4794,0.65081
4.4126,0.65461
4.4145,0.65052
4.1154,0.6702
4.3666,0.65522
4.3664,0.65427
4.2684,0.66039
4.5458,0.64576
4.7277,0.6343
4.1799,0.66305
4.1643,0.66405
4.1754,0.66501
4.1674,0.65959
3.9718,0.6733
4.3572,0.65483
4.3776,0.6562
3.1719,0.7249
4.3594,0.65065
4.408,0.64938
4.5968,0.64136
4.4816,0.64753
4.5604,0.64374
3.9478,0.67311
3.8925,0.67895
4.5603,0.64283
4.6017,0.6405
4.4784,0.64868
4.311,0.65738
4.6115,0.64127
3.7371,0.68382
4.863,0.6288
4.3088,0.65917
4.1725,0.66659
4.3251,0.65728
4.2536,0.6608
3.9704,0.67752
4.2444,0.65866
4.246,0.65916
4.1585,0.66216
4.1116,0.6693
4.931,0.62605
4.6219,0.63697
4.5176,0.64312
3.8014,0.67953
4.1547,0.66055
4.2894,0.65834
4.151,0.66619
4.4815,0.64576
4.5283,0.6448
4.4099,0.65071
4.6031,0.64182
4.0705,0.67688
3.7601,0.68976
4.2492,0.66425
4.3953,0.65423
4.059,0.66828
4.3123,0.65282
4.0625,0.66725
4.3143,0.65367
4.0346,0.66816
4.4001,0.65046
4.3577,0.64997
4.1488,0.66206
4.143,0.66782
4.3813,0.65147
4.4044,0.65075
4.5943,0.64103
4.3786,0.65412
4.4118,0.65734
4.5357,0.64946
4.3931,0.65131
4.2113,0.66047
4.1796,0.66296
4.4278,0.64925
3.8238,0.67853
3.8848,0.67787
4.0249,0.67394
3.9721,0.67843
4.0892,0.66596
4.3423,0.65508
4.3123,0.66031
3.7866,0.68469
4.0669,0.66867
4.5176,0.64678
4.1518,0.66365
4.839,0.63102
4.253,0.6587
4.2146,0.6632
4.3026,0.65749
4.2871,0.65869
4.2958,0.65823
4.1846,0.66105
3.9038,0.67324
4.5385,0.64326
3.9429,0.67111
4.4955,0.64534
4.3856,0.65316
4.522,0.64546
4.5805,0.641
3.6782,0.69013
4.3215,0.6578
4.0497,0.67207
4.254,0.65969
3.8418,0.68022
4.1955,0.6651
4.0659,0.67098
4.5366,0.64715
4.2087,0.66049
4.727,0.6372
4.2821,0.65691
4.601,0.64325
4.0068,0.67057
4.2557,0.65954
4.0592,0.66719
4.042,0.66823
4.0741,0.66571
4.0978,0.66913
4.0735,0.6706
4.3176,0.65625
4.5132,0.64459
4.491,0.64568
4.5344,0.64386
4.5001,0.64498
4.2834,0.65744
4.1949,0.66248
4.1957,0.66287
4.1803,0.6639
4.2152,0.66211
4.1727,0.66101
4.4884,0.64409
4.1799,0.66354
4.1484,0.66563
4.5209,0.64647
4.298,0.65728
4.5183,0.64599
4.0514,0.6661
4.1716,0.65832
4.5501,0.64318
4.1037,0.66504
4.2065,0.65998
4.3182,0.65299
4.2362,0.65885
4.1063,0.66379
4.2394,0.65907
4.2621,0.65698
3.8606,0.67828
4.265,0.65635
4.765,0.6325
4.0118,0.67317
4.6094,0.64277
4.4574,0.65003
4.3432,0.6527
3.9912,0.67509
3.9523,0.6731
4.5547,0.64246
3.7793,0.6854
4.3536,0.6528
4.198,0.66133
3.1406,0.72526
3.9187,0.6765
4.0728,0.66778
4.6129,0.64139
4.6715,0.63787
4.6778,0.63874
4.6978,0.63744
3.9617,0.67282
4.5581,0.64406
3.7233,0.69174
4.0326,0.66889
4.8055,0.63197
4.5942,0.6432
4.4328,0.64952
4.2761,0.65889
4.1651,0.66539
4.079,0.67224
4.3411,0.65473
4.0868,0.67161
4.221,0.66331
4.2199,0.66805
3.9856,0.67832
4.1383,0.6691
4.1397,0.66914
4.1818,0.66673
4.0795,0.66914
4.2687,0.65786
4.1924,0.66375
4.0049,0.67544
4.252,0.66113
4.2986,0.65564
4.3817,0.65287
4.3535,0.65313
4.2702,0.65509
4.3451,0.65017
4.4275,0.65047
4.4121,0.65285
3.9331,0.67579
4.2194,0.66167
4.5248,0.64959
4.7433,0.63352
4.211,0.66209
4.723,0.63352
4.5114,0.6477
4.1968,0.65952
4.3995,0.65514
4.3305,0.66138
4.5097,0.65212
4.4121,0.65684
3.9709,0.67665
4.17,0.66523
4.159,0.66215
4.4413,0.6549
4.1735,0.66119
4.1377,0.66367
4.1984,0.65901
4.4509,0.65653
4.2059,0.65895
4.1113,0.66862
3.936,0.67905
4.1192,0.66769
4.0402,0.67113
4.1458,0.66562
3.9675,0.67597
4.0763,0.6688
4.2392,0.65974
3.8771,0.683
4.427,0.65225
4.2327,0.65949
4.1405,0.66812
3.9773,0.67486
4.2183,0.6608
4.3157,0.65415
4.6018,0.64143
4.5772,0.64479
4.7856,0.63345
3.9043,0.67464
4.9148,0.62578
4.065,0.66477
4.0227,0.66718
5.0067,0.62104
4.0251,0.66733
4.5975,0.64263
4.8675,0.6283
4.7825,0.63383
3.9993,0.67408
4.0791,0.66946
4.0453,0.6709
4.0509,0.67039
4.1217,0.66556
4.1771,0.66234
4.1514,0.66218
4.2097,0.65636
4.4447,0.64687
4.4718,0.64464
4.2563,0.65757
4.5498,0.63966
3.9711,0.67383
4.0641,0.66836
4.1164,0.66566
4.2706,0.65728
4.1004,0.66669
4.1799,0.66023
4.0732,0.66675
4.2291,0.65782
4.2499,0.6566
4.1248,0.66289
4.2641,0.65539
4.317,0.65227
4.0934,0.66419
4.2498,0.65431
4.3591,0.64786
4.2925,0.65099
4.1111,0.66184
4.2823,0.65067
4.2688,0.65153
3.992,0.66421
4.1669,0.65778
4.2294,0.65469
4.0823,0.66333
4.3555,0.648
4.4693,0.64062
4.6367,0.63085
4.7483,0.62485
4.6964,0.62728
4.5739,0.6337
4.5283,0.63582
4.4725,0.6379
4.5177,0.63483
4.2824,0.64848
4.3472,0.64457
4.407,0.64169
4.4066,0.64083
3.8998,0.67176
4.0691,0.66148
4.1122,0.6583
4.0854,0.6607
4.0551,0.66201
4.1305,0.65681
4.1596,0.65462
4.4111,0.6399
4.2742,0.64722
4.4395,0.63761
3.8721,0.66544
4.4281,0.63845
3.9951,0.66134
4.1761,0.64964
4.0982,0.65445
3.8523,0.66479
4.0408,0.65893
4.1646,0.6509
4.0994,0.65441
4.1029,0.65496
4.4155,0.63586
4.2342,0.64735
4.0715,0.6573
4.4841,0.63106
3.7418,0.67667
3.7303,0.67937
3.8308,0.67218
3.9021,0.66688
4.0827,0.65488
3.8377,0.67049
4.0552,0.65727
4.09,0.65261
3.9759,0.66053
3.9804,0.65824
4.0856,0.65301
3.8328,0.66929
3.7886,0.67374
3.9606,0.66255
3.9024,0.66581
4.0005,0.6595
3.9636,0.66185
4.1003,0.65338
3.8962,0.66646
3.8131,0.67001
3.9846,0.65885
3.9764,0.65977
4.0524,0.65334
3.9914,0.65904
3.6465,0.67754
3.8483,0.6599
3.9235,0.66267
4.3281,0.63349
3.8518,0.66083
4.2119,0.63884
3.9688,0.6537
3.8504,0.66302
3.9782,0.65935
3.5972,0.67608
3.5796,0.67863
3.7748,0.66517
3.986,0.65078
3.634,0.67427
3.8591,0.65797
3.6031,0.67743
3.7626,0.66657
3.5849,0.67441
3.5928,0.67417
3.6856,0.66986
3.626,0.67315
3.4552,0.68425
3.8514,0.65463
4.1418,0.63894
4.6266,0.61926
4.6946,0.61527
4.9186,0.60319
4.5632,0.62004
3.4468,0.68439
3.86,0.65595
4.6645,0.61536
3.7468,0.66626
3.8051,0.65776
3.8332,0.65471
4.0554,0.64433
3.7132,0.66102
4.1597,0.63908
3.742,0.66052
3.7202,0.66768
3.8597,0.64989
4.2032,0.63353
3.7303,0.65976
3.6378,0.66813
3.7142,0.66053
3.6191,0.66653
3.768,0.65723
3.572,0.6695
3.5544,0.66959
3.4255,0.67967
3.566,0.67003
3.5626,0.67037
3.5932,0.66849
3.5613,0.67069
3.4549,0.67953
3.4324,0.68044
3.4466,0.67955
3.4831,0.67614
3.5075,0.67447
3.4893,0.67563
3.6137,0.66653
3.948,0.6456
4.0088,0.63739
4.0513,0.63378
3.9632,0.63863
3.5826,0.6615
3.4219,0.6762
3.2946,0.68658
3.1751,0.69456
3.8842,0.64405
3.2923,0.68575
3.2631,0.6873
3.3599,0.6787
3.4638,0.67019
3.5896,0.66183
3.6347,0.65856
3.6536,0.65697
3.6325,0.65833
3.4349,0.67171
3.4968,0.66896
3.4015,0.67562
3.9258,0.64156
3.3876,0.67553
3.8128,0.6476
3.6992,0.6539
3.6877,0.65371
3.5944,0.65991
3.4465,0.67185
3.2327,0.68091
3.8963,0.6411
3.3501,0.6787
3.1904,0.68407
3.2928,0.68353
3.6482,0.65798
3.3283,0.68095
3.4183,0.6749
3.3662,0.67814
3.3293,0.67514
3.1791,0.68668
3.0175,0.69791
3.372,0.67625
3.2958,0.68028
3.2093,0.68198
3.315,0.67439
3.3934,0.66911
3.3263,0.67505
3.0297,0.69553
3.024,0.6959
3.5946,0.65304
3.3253,0.67063
3.2546,0.67991
3.4798,0.65899
3.2762,0.67687
3.5249,0.65579
3.3705,0.66675
3.294,0.67234
3.2549,0.67492
3.4168,0.66209
3.3133,0.67017
3.4765,0.65708
3.3437,0.66712
3.4014,0.66206
3.5321,0.65052
3.5409,0.64965
3.4747,0.65494
3.2013,0.67649
3.0927,0.67732
3.1179,0.68262
3.415,0.65956
3.261,0.66883
3.4147,0.65876
3.4341,0.65783
3.4017,0.65972
3.0488,0.68512
3.021,0.68314
3.0189,0.68295
3.1478,0.68045
3.1859,0.67139
3.1217,0.67356
3.0888,0.67865
3.1024,0.67901
2.2398,0.75054
3.0998,0.67691
2.0295,0.77287
2.2873,0.74659
3.007,0.68566
2.8361,0.69138
2.805,0.69514
3.0558,0.67609
2.9296,0.68755
2.998,0.68293
2.8627,0.68703
2.6695,0.70635
2.792,0.69501
2.7869,0.68983
2.9005,0.68375
3.153,0.66831
3.2629,0.66826
2.9809,0.68472
3.0373,0.66998
3.1336,0.67253
2.8815,0.68297
3.0171,0.67864
3.168,0.6684
2.8195,0.68668
2.7071,0.69488
3.4811,0.64068
2.998,0.67981
2.8463,0.67861
2.8339,0.68476
2.6815,0.71078
2.9681,0.67356
3.9543,0.61251
2.9499,0.68354
3.097,0.66601
2.9632,0.68509
3.1231,0.66316
2.896,0.67812
2.9358,0.67944
2.8705,0.68623
3.0903,0.67077
2.6629,0.70663
2.4685,0.70551
2.6019,0.71145
2.8149,0.69119
2.5332,0.70607
2.8348,0.68873
2.7878,0.69113
2.5078,0.70815
2.6038,0.69398
2.7314,0.69822
2.5369,0.70263
2.7119,0.7041
3.816,0.60969
2.4786,0.71611
2.3675,0.72564
2.52,0.7124
2.9321,0.67586
2.4604,0.7138
2.5135,0.71069
2.6094,0.70387
2.4544,0.71865
2.5031,0.7138
2.4768,0.71568
2.5209,0.71525
3.4654,0.64394
4.0056,0.60672
3.1602,0.65357
3.0929,0.65752
2.9615,0.67298
2.43,0.7228
3.309,0.64805
2.3662,0.72409
2.318,0.73093
2.5839,0.70351
2.9702,0.67627
3.05,0.66913
2.4133,0.71795
2.3453,0.72319
2.2526,0.73054
2.3705,0.71781
2.4032,0.71936
2.4173,0.71735
2.3044,0.72449
2.3096,0.72648
2.4576,0.71112
2.299,0.72368
2.4159,0.71876
2.4235,0.71155
2.8495,0.682
3.7878,0.61108
3.3791,0.64084
2.3414,0.71877
2.2151,0.73412
2.6132,0.69156
2.8747,0.67461
2.2168,0.73223
3.5579,0.61809
2.2335,0.72615
2.89,0.66481
2.0051,0.74533
2.3549,0.71984
1.7038,0.79113
3.0596,0.6338
3.2407,0.63455
3.0615,0.63488
3.1283,0.63012
2.9962,0.65163
2.2595,0.72941
2.082,0.74134
2.1691,0.72881
2.2244,0.72323
2.1168,0.73537
2.2569,0.72763
3.7794,0.60413
3.885,0.60128
2.3867,0.71826
2.1661,0.73079
2.9752,0.64704
2.929,0.65646
2.9781,0.64742
2.8257,0.66024
2.243,0.72429
3.1259,0.63351
3.6182,0.60925
2.3828,0.70404
2.4705,0.6937
2.24,0.71012
2.3119,0.70993
2.1499,0.72345
2.109,0.72933
2.2146,0.72196
2.2636,0.70805
2.4634,0.69708
2.0201,0.73691
2.0006,0.7463
2.6215,0.67971
2.0993,0.72947
1.9271,0.7529
2.1369,0.72656
2.1304,0.72768
2.4734,0.69691
2.2814,0.7117
2.1166,0.73035
2.2855,0.71075
2.294,0.71054
2.2505,0.7149
2.2753,0.7196
2.2862,0.71141
2.7529,0.6636
2.4541,0.69197
2.3203,0.7021
2.7133,0.66223
2.7207,0.66022
2.1241,0.72464
2.8479,0.64943
2.159,0.72527
2.0919,0.73528
2.1642,0.72646
2.0806,0.73744
2.3872,0.71084
2.3361,0.69973
2.4413,0.69472
2.3512,0.70166
2.2926,0.71019
2.4533,0.69345
2.1625,0.7242
2.3656,0.6991
2.4658,0.69541
1.9377,0.75189
2.1772,0.72903
2.0843,0.74284
2.4153,0.70383
2.6928,0.67313
2.663,0.67459
2.9289,0.65056
2.7079,0.66752
2.8247,0.66174
2.7371,0.6639
3.0281,0.6425
2.919,0.64829
2.2958,0.71885
2.3221,0.71502
2.5686,0.68219
2.5389,0.6859
1.9259,0.75117
2.5465,0.682
2.7858,0.65922
2.5318,0.68441
2.1971,0.71892
2.7083,0.66542
2.9409,0.64432
2.2648,0.7095
1.8981,0.75835
1.9272,0.75507
1.9332,0.75493
1.9866,0.74539
1.9572,0.75172
2.5341,0.68242
2.0826,0.74128
2.1842,0.72932
2.8741,0.65617
2.275,0.71858
2.4112,0.70371
2.3088,0.71224
2.2331,0.72188
2.3152,0.71232
2.8292,0.65778
2.1537,0.73097
1.8701,0.75987
2.3697,0.70139
2.3388,0.70396
2.3822,0.6989
2.2162,0.72127
2.1569,0.72844
2.0916,0.73372
2.0373,0.73614
2.0311,0.73863
2.041,0.73374
2.0185,0.73931
2.011,0.74548
3.686,0.59555
3.59,0.59552
2.4694,0.68972
1.9022,0.74746
1.8764,0.7528
2.2518,0.71329
2.2531,0.70393
2.3812,0.69074
2.0589,0.73642
2.0112,0.7355
2.322,0.70571
2.0216,0.73259
2.2307,0.72084
2.9727,0.64105
2.9119,0.64529
2.8926,0.64814
2.831,0.65455
3.0155,0.63639
2.2446,0.70229
2.6435,0.6725
2.4104,0.69619
2.3541,0.69694
2.3466,0.70702
2.2499,0.70832
2.011,0.73685
1.843,0.74821
2.7068,0.66813
2.0924,0.72515
2.4654,0.69057
1.9712,0.74147
2.014,0.73623
2.1546,0.71902
1.7067,0.77204
3.2526,0.62035
2.0221,0.72968
2.209,0.71199
2.1866,0.70744
1.9733,0.74172
2.0485,0.72359
2.233,0.71449
2.5098,0.684
2.1992,0.71675
2.1096,0.72614
2.2368,0.71291
2.2532,0.71439
2.2242,0.71694
2.174,0.71863
2.1588,0.72021
2.0504,0.72977
2.1836,0.7135
3.1292,0.63118
2.4645,0.6812
2.805,0.65602
3.1231,0.63278
2.3961,0.6911
2.3585,0.69064
2.4666,0.68559
2.6368,0.66714
2.3881,0.70135
2.3152,0.70979
2.1263,0.7214
2.1426,0.7175
2.2515,0.70544
2.3397,0.69638
2.6348,0.66464
2.1323,0.72233
2.765,0.65389
2.5969,0.66865
2.8548,0.64464
2.7161,0.66035
2.8644,0.6444
2.534,0.67514
2.1102,0.72379
3.7771,0.58599
3.6055,0.59455
3.6679,0.59425
3.7619,0.5881
3.6391,0.59897
2.5481,0.67454
3.7152,0.59516
3.6456,0.59777
3.3876,0.6156
3.5392,0.6034
3.2216,0.63053
2.8741,0.65347
3.0214,0.64557
2.6842,0.6651
2.7902,0.66008
3.934,0.57811
2.2682,0.69966
3.1233,0.63359
1.9837,0.74488
3.8255,0.58405
3.5122,0.60734
3.527,0.60693
3.5049,0.61023
2.4878,0.69264
3.4286,0.60902
3.4056,0.61086
3.8595,0.58117
2.848,0.646
2.7449,0.65402
3.7567,0.58583
3.5491,0.60109
3.9175,0.57781
2.9144,0.64817
3.7304,0.58899
3.7698,0.58524
3.0031,0.6413
4.0096,0.5719
3.1253,0.63299
2.3264,0.69716
2.2595,0.71555
2.8917,0.64757
3.079,0.63408
2.401,0.68303
2.2885,0.69758
2.4113,0.69846
2.2866,0.69808
2.4286,0.69232
2.1575,0.71572
2.099,0.71963
1.9827,0.73466
2.1224,0.7142
2.6968,0.66228
2.1495,0.7153
2.1453,0.7164
2.2078,0.71162
2.8934,0.64565
2.2253,0.70423
3.5842,0.59702
2.1744,0.7164
2.5051,0.68033
2.808,0.64516
2.5789,0.66425
2.404,0.68442
2.6224,0.66986
2.3476,0.69347
2.5188,0.67563
2.6009,0.66686
2.7742,0.65163
2.85,0.64697
1.34,0.82354
3.0051,0.64065
2.8138,0.64175
2.3242,0.69157
2.6053,0.66287
2.7849,0.65051
3.4775,0.59746
2.946,0.62927
2.0449,0.71854
2.208,0.70824
2.7845,0.65191
2.6991,0.6572
2.557,0.66801
2.6624,0.65982
3.1874,0.62361
3.6367,0.5939
2.6495,0.65948
2.608,0.66398
2.5998,0.66908
2.2404,0.71009
2.2274,0.71202
2.0204,0.73147
3.5833,0.59474
3.6251,0.59385
2.9643,0.64361
2.8791,0.64944
2.5146,0.68345
2.3262,0.69425
2.8012,0.64564
3.4279,0.60583
2.7713,0.64703
3.1322,0.62906
3.6706,0.58976
3.1409,0.62941
3.8688,0.57659
3.3489,0.61433
3.7605,0.58459
3.7508,0.5852
2.5549,0.66841
2.5996,0.66342
2.452,0.68502
2.7792,0.64514
2.5252,0.67615
2.3771,0.68775
2.7634,0.65555
2.2063,0.7002
2.8825,0.64187
2.7651,0.64974
2.318,0.68867
1.9948,0.72204
2.5512,0.6748
2.5982,0.67003
1.8512,0.75078
2.257,0.69764
2.4576,0.6802
2.4281,0.67831
2.3509,0.68892
2.6324,0.65753
2.2167,0.7038
2.1153,0.7121
2.4138,0.67937
2.1472,0.7068
2.8584,0.64751
3.5217,0.60043
2.6336,0.66117
2.2481,0.7002
2.557,0.66474
2.3869,0.68288
2.1625,0.70999
2.2458,0.69871
2.2164,0.705
2.2811,0.70207
2.3216,0.69136
2.2629,0.69961
2.3465,0.69579
2.0546,0.72558
1.9486,0.73922
2.5527,0.66435
2.4243,0.68456
2.5099,0.67417
2.5376,0.66715
2.4924,0.66778
2.7048,0.649
2.6884,0.65322
2.1901,0.70024
2.3903,0.68675
3.4241,0.60348
2.0951,0.7229
2.1747,0.71329
2.5294,0.66641
2.9109,0.63255
2.3342,0.70064
3.3714,0.60863
2.4143,0.67706
2.0354,0.72067
2.0225,0.72374
2.5334,0.66942
3.449,0.60037
2.4074,0.67578
2.1924,0.70329
2.0536,0.71561
2.6245,0.65855
3.2391,0.61525
2.8022,0.65557
3.6505,0.59015
2.521,0.66987
2.6912,0.6547
2.601,0.6609
3.1116,0.62618
2.3754,0.68193
2.2197,0.69921
2.2976,0.68866
2.9868,0.62774
3.3153,0.60822
2.7075,0.64547
3.4945,0.59357
3.5342,0.5936
2.4356,0.6715
2.1781,0.7024
2.5855,0.655
2.0556,0.72018
2.6916,0.64598
1.7897,0.75521
2.2158,0.70656
2.3425,0.68874
2.0482,0.72028
2.4678,0.66648
2.5839,0.65811
2.5232,0.6682
2.5299,0.66198
1.7653,0.75608
2.2793,0.69104
2.9763,0.63549
2.606,0.65829
2.1341,0.7164
2.7384,0.65884
2.1271,0.71041
2.0723,0.72053
2.3782,0.68934
2.7708,0.64683
2.1085,0.71484
2.157,0.71004
2.1185,0.71669
1.8907,0.74027
2.1608,0.70375
2.1737,0.70352
2.6629,0.65423
2.0056,0.72042
2.4459,0.67443
2.3441,0.6847
2.8929,0.63519
2.1444,0.70688
2.2082,0.69009
2.5256,0.66602
2.8707,0.63369
2.0741,0.71017
2.1505,0.70204
2.183,0.69695
2.6632,0.65227
2.8751,0.63562
2.973,0.62493
2.9589,0.63004
2.8572,0.63899
2.7265,0.64731
1.9552,0.73552
2.093,0.71287
2.58,0.66273
2.8512,0.63572
2.6228,0.65494
2.7259,0.64919
1.8698,0.74519
2.1397,0.71072
2.1995,0.7
2.8402,0.63099
2.5366,0.66458
2.9539,0.62913
2.8568,0.63757
2.9513,0.62594
2.5833,0.66227
2.7805,0.64267
2.8939,0.63212
2.5332,0.66488
3.0749,0.62705
3.2352,0.61274
2.822,0.64756
2.6682,0.65974
2.4521,0.67626
1.9694,0.73252
2.5469,0.66936
2.0979,0.71659
2.4396,0.67858
1.9944,0.72603
1.8074,0.75015
2.6574,0.66124
2.0126,0.72784
2.6183,0.66222
2.6649,0.661
2.5818,0.66286
2.1581,0.71111
2.1112,0.71658
2.3368,0.68873
1.9385,0.737
2.8303,0.63636
2.8365,0.6337
2.1757,0.7114
2.5402,0.66616
2.1682,0.70319
2.0376,0.71354
1.9004,0.73875
2.2184,0.70484
2.2376,0.69248
2.3778,0.67736
2.577,0.65671
1.9555,0.71985
2.1321,0.70328
2.2089,0.6983
2.0563,0.71353
2.3397,0.6865
2.3455,0.69141
2.3567,0.68113
2.4941,0.66689
2.798,0.64457
2.0788,0.71626
2.2254,0.69657
2.534,0.66275
2.6454,0.66277
2.5744,0.6597
2.2561,0.694
2.2648,0.69759
2.2759,0.69392
2.0863,0.71701
1.7794,0.75432
2.8497,0.63938
2.8823,0.63639
2.7802,0.64343
2.8071,0.64249
2.7293,0.64845
2.9359,0.6325
2.0659,0.71846
1.9807,0.72767
2.6504,0.65609
2.1058,0.71461
2.2152,0.70207
1.8865,0.74139
2.054,0.71772
2.1807,0.69192
1.9301,0.72696
2.4158,0.67034
1.8683,0.7432
2.3232,0.6859
2.004,0.72559
2.0087,0.7241
1.9973,0.72762
2.1243,0.70715
2.4325,0.6743
2.5505,0.66053
2.6897,0.64707
2.3119,0.68345
2.5709,0.6573
3.0563,0.62112
2.7698,0.64035
2.5312,0.65936
2.5554,0.65904
3.4347,0.59531
3.0384,0.62169
2.5845,0.65688
2.1714,0.70106
1.9878,0.71937
2.7608,0.646
2.5863,0.66016
1.938,0.73036
2.7033,0.64884
2.2075,0.69893
2.3823,0.6795
2.4695,0.66977
2.5389,0.66297
2.8431,0.63335
2.3456,0.68217
1.8053,0.74432
2.0327,0.71817
2.1344,0.70349
1.9473,0.72858
2.1062,0.70834
2.1958,0.69586
2.1734,0.69881
2.0493,0.72124
1.8836,0.73324
1.9856,0.72092
1.9633,0.7292
2.1504,0.7039
2.9233,0.62721
1.9159,0.73126
2.6844,0.65012
2.6669,0.65573
2.1141,0.70706
2.8704,0.63011
2.0454,0.70964
2.2399,0.69345
2.4068,0.67114
2.4333,0.66652
1.9743,0.72005
2.0584,0.71447
2.6026,0.65531
2.6553,0.6502
2.5585,0.66523
2.433,0.67128
2.5186,0.65917
2.4706,0.66603
2.5732,0.65479
2.2044,0.69441
2.4931,0.66389
2.1438,0.6954
2.7316,0.64619
2.53,0.65772
2.4823,0.66831
1.9294,0.72782
2.3373,0.6789
2.8121,0.63323
2.5719,0.65977
2.2964,0.67923
2.3616,0.67323
2.381,0.67276
2.5406,0.65731
2.3234,0.68146
1.9713,0.71494
1.9685,0.71644
2.5658,0.65623
1.995,0.71645
2.0393,0.71249
1.9516,0.72473
2.0141,0.71377
2.2901,0.69634
1.9829,0.72018
2.3165,0.68499
2.0658,0.70782
2.0398,0.71136
2.1861,0.69831
2.2767,0.68943
2.2899,0.68842
2.7428,0.64471
2.3744,0.67972
2.0547,0.71054
2.5606,0.65883
2.6862,0.65038
2.7694,0.64159
2.6026,0.65402
2.3121,0.68249
2.3698,0.67721
2.6834,0.64641
2.4773,0.66657
1.8944,0.73576
2.5963,0.65279
2.5263,0.66395
2.8471,0.62981
2.1463,0.70266
2.1582,0.70909
1.7509,0.75174
3.3239,0.59933
2.0388,0.71446
2.1267,0.71117
2.2803,0.68634
2.2707,0.68492
2.1333,0.70787
2.0009,0.72287
1.9332,0.72887
2.1909,0.70221
2.1566,0.69939
2.2307,0.69355
2.1033,0.70798
2.6106,0.6536
2.6333,0.64916
2.7188,0.63759
2.2969,0.68199
3.0829,0.61364
1.7524,0.75953
2.1244,0.71506
2.6225,0.65025
2.4855,0.66116
2.3587,0.67542
2.2821,0.68161
2.1446,0.70759
2.2122,0.70374
2.7169,0.63958
2.697,0.64115
2.6553,0.64299
2.4571,0.67003
3.2589,0.61005
3.0451,0.62721
3.3519,0.6017
3.1196,0.61628
3.3448,0.59927
3.1345,0.61614
3.4245,0.59574
2.6197,0.66029
1.4895,0.78786
3.3376,0.59998
1.9549,0.72678
1.6202,0.76863
2.0066,0.72463
2.3269,0.67916
2.135,0.70317
2.4905,0.67478
3.1517,0.61846
2.5782,0.66972
2.7375,0.65289
2.1652,0.69006
1.9931,0.71666
2.3053,0.67896
2.3102,0.67788
2.2494,0.69044
2.354,0.68561
2.1277,0.69781
2.2125,0.69075
2.1219,0.70297
2.117,0.709
2.2228,0.69458
2.1855,0.69795
2.1671,0.69643
2.1994,0.69313
1.9699,0.71957
2.0239,0.71986
1.9714,0.72033
2.8964,0.63095
2.2984,0.68607
2.2327,0.6995
2.5799,0.67093
1.9245,0.72752
1.8993,0.73281
1.8219,0.74251
2.284,0.68519
2.7232,0.64792
3.4454,0.59512
2.1442,0.70079
2.0016,0.72317
2.0418,0.71535
2.3703,0.67437
2.4394,0.66917
2.2104,0.69418
2.3526,0.67778
2.5001,0.67042
2.5052,0.66583
2.4983,0.65952
2.6434,0.64689
2.8753,0.62696
2.8393,0.63224
2.5469,0.66038
1.7143,0.7618
2.252,0.68743
2.2197,0.69173
2.149,0.69859
2.3234,0.68079
2.1725,0.70482
2.1923,0.70474
1.7732,0.74853
2.0645,0.7146
2.2082,0.69802
2.1902,0.69991
2.2458,0.69467
2.4337,0.67532
2.4604,0.66464
2.4579,0.66529
2.6211,0.6465
2.2929,0.6873
2.2274,0.68627
2.0033,0.72229
2.1063,0.69899
2.0715,0.70521
1.9631,0.71772
2.2388,0.68884
2.2086,0.68996
1.9965,0.71535
2.6093,0.64892
2.4057,0.67174
2.4637,0.66369
2.411,0.66705
2.2965,0.67961
2.6757,0.64313
2.7958,0.63294
2.4197,0.66841
2.0526,0.7113
2.4687,0.66315
2.4837,0.66737
2.2891,0.67804
1.9776,0.72687
2.0103,0.71828
2.0774,0.70875
2.1566,0.70022
2.2844,0.68483
2.3661,0.6746
1.9918,0.7198
2.2449,0.68655
1.967,0.72273
2.1042,0.70782
2.0853,0.70797
2.6709,0.65581
2.9036,0.63607
2.3062,0.68607
2.8135,0.64413
2.2798,0.68873
2.3569,0.67747
2.722,0.64906
2.2679,0.68612
2.2608,0.68755
2.6413,0.65642
2.0646,0.72007
2.2264,0.69179
1.977,0.72451
1.9771,0.72618
2.1706,0.70318
1.9514,0.73095
2.0648,0.71786
2.189,0.69661
2.0847,0.71555
2.1395,0.70623
2.0693,0.70886
2.0379,0.71703
2.1033,0.70783
2.1624,0.70172
1.9949,0.71869
2.1163,0.70704
2.135,0.70617
2.1033,0.70965
2.0163,0.71707
2.5188,0.65869
2.1907,0.69884
2.0688,0.71247
2.0109,0.7166
2.0388,0.71163
2.0289,0.7133
2.0979,0.70194
2.0783,0.71247
1.906,0.73095
1.9377,0.72781
2.0667,0.71315
2.03,0.71391
2.2374,0.6916
2.2537,0.69257
1.9653,0.72399
2.2429,0.69272
2.9428,0.63058
2.122,0.70536
1.9516,0.72369
2.6782,0.64196
2.1098,0.70111
2.0107,0.71954
2.2864,0.68333
2.2577,0.68555
2.223,0.68911
2.3966,0.6745
2.0814,0.71031
2.0687,0.71373
2.0262,0.7161
2.5178,0.66608
2.3024,0.69457
2.0685,0.71418
2.2098,0.69178
2.1301,0.69796
2.3297,0.67849
2.2229,0.69086
1.9392,0.72494
2.0075,0.72347
2.2189,0.69797
2.1681,0.69873
2.4003,0.67227
2.2792,0.68658
2.3433,0.6799
2.0298,0.72187
2.1323,0.70336
2.5485,0.65451
2.1778,0.70144
2.1633,0.6953
2.0248,0.71808
2.2757,0.68868
2.3173,0.68436
2.3787,0.67898
1.8652,0.73243
2.2097,0.70222
2.092,0.71257
1.9673,0.71568
1.9497,0.71945
2.4361,0.66825
2.6498,0.64828
2.6686,0.64732
2.2536,0.69004
2.1391,0.70208
2.4614,0.66497
2.6374,0.64874
2.6704,0.64609
2.54,0.65487
2.6464,0.65084
2.1306,0.70239
2.1102,0.70379
1.9827,0.71562
1.9679,0.71824
2.2696,0.69297
2.2586,0.69649
2.1756,0.70525
2.0139,0.71774
2.6442,0.65076
1.9447,0.72331
2.1597,0.69566
2.293,0.692
2.5991,0.66339
2.2243,0.69119
2.0742,0.7074
2.1964,0.70217
1.9992,0.71401
2.0454,0.71703
2.2963,0.68771
2.0286,0.71275
2.134,0.70232
2.197,0.69596
2.1432,0.70397
1.9023,0.73127
2.3057,0.68178
2.6565,0.64716
2.4657,0.66413
2.4092,0.67441
2.8081,0.63355
2.7404,0.64305
2.1605,0.69786
2.5476,0.65799
2.1242,0.70218
2.5483,0.66049
2.4543,0.67236
2.0147,0.72755
1.9716,0.72501
1.8714,0.73587
1.9558,0.72517
2.3409,0.69216
1.9981,0.72109
2.6504,0.66073
2.402,0.68134
2.1292,0.69994
2.7212,0.65137
2.8145,0.64292
2.7267,0.6501
2.0593,0.7098
3.0173,0.6278
1.9382,0.72569
2.5537,0.65875
1.8602,0.74679
2.1439,0.71284
2.108,0.71852
2.11,0.71926
2.1913,0.70835
2.6406,0.66408
2.9267,0.63649
3.3093,0.60651
2.232,0.70169
2.9947,0.63605
2.6494,0.65109
2.1588,0.70411
2.5597,0.66084
3.5703,0.59061
2.1419,0.71737
2.0846,0.72227
2.5918,0.66458
2.6258,0.65877
2.0725,0.71754
1.6752,0.7735
2.1835,0.71804
1.7437,0.77063
1.8045,0.74586
1.9692,0.72715
2.594,0.6728
2.9305,0.64021
2.4882,0.67146
1.8824,0.74976
2.8197,0.65003
1.9352,0.73102
2.4525,0.67549
2.2197,0.69947
3.2194,0.62371
2.4722,0.67804
2.457,0.67867
2.3496,0.68547
2.6743,0.65394
2.7172,0.65642
2.6711,0.65777
2.6936,0.65739
2.2897,0.69576
2.4253,0.67858
2.8325,0.64051
2.5672,0.67046
2.6685,0.65667
1.8235,0.74852
1.8883,0.74854
1.982,0.73166
2.0472,0.72307
2.1584,0.70952
1.9414,0.73227
2.5228,0.67268
2.6647,0.66884
2.3582,0.68943
1.9374,0.73775
2.5983,0.66109
2.3864,0.6887
1.8382,0.75516
2.2359,0.70096
2.2166,0.70533
2.9869,0.6341
1.8839,0.74554
2.7447,0.65582
2.1782,0.71507
2.23,0.70952
2.8893,0.64301
2.1776,0.71087
2.2779,0.70079
2.3307,0.69336
2.7353,0.65702
2.3104,0.69439
2.8561,0.64086
2.3541,0.68982
2.126,0.71478
2.1075,0.71891
2.2167,0.72248
2.0053,0.73794
2.6702,0.66179
2.1393,0.71693
2.1914,0.71102
2.0702,0.72587
3.3484,0.61521
2.1361,0.72737
2.2615,0.70425
3.3235,0.61877
2.5578,0.67166
2.5115,0.67646
2.9025,0.64821
2.0829,0.72234
3.4133,0.61245
2.9948,0.64004
2.277,0.71027
2.3786,0.68939
2.3882,0.69348
2.3114,0.69776
2.2991,0.7042
2.2805,0.70598
1.9852,0.74411
2.4307,0.692
2.5323,0.67594
2.7059,0.66468
2.3693,0.69298
2.2837,0.70584
1.9433,0.74392
2.0208,0.73864
3.4681,0.61194
2.1833,0.71178
2.1663,0.71725
2.4509,0.68862
2.3098,0.70568
2.2123,0.71223
2.5842,0.6744
2.4621,0.6899
2.437,0.68906
2.5467,0.68456
2.4004,0.69336
2.5496,0.67692
2.1412,0.72432
3.1002,0.63771
2.7652,0.66985
3.0807,0.64494
2.5972,0.68554
1.6144,0.79441
3.0433,0.64133
2.7684,0.66423
2.7217,0.66945
2.0179,0.74089
2.0051,0.74315
2.3644,0.7046
2.5208,0.69043
1.4931,0.81058
2.3183,0.71129
1.6996,0.78369
1.9889,0.74933
2.5354,0.69046
1.8476,0.75981
1.9073,0.75359
1.8978,0.75637
1.9184,0.76298
1.9292,0.76099
1.9999,0.74985
1.9477,0.7478
1.8344,0.76302
1.9929,0.74447
1.8216,0.76883
1.9254,0.75269
1.6774,0.78311
1.5898,0.79671
2.3625,0.70384
2.7412,0.67477
1.8061,0.7747
2.1649,0.72869
1.9729,0.75484
2.271,0.72605
2.1224,0.73843
1.5945,0.79506
2.2606,0.72475
1.4586,0.82178
1.4044,0.82967
1.8078,0.77417
1.8385,0.76699
1.6748,0.78748
1.7665,0.77759
1.8868,0.77125
2.1914,0.73142
2.0941,0.7369
2.122,0.7377
1.6619,0.79818
2.1207,0.73458
2.2287,0.72266
1.9588,0.75784
2.0862,0.74304
2.0553,0.74668
1.7359,0.78648
1.8397,0.77211
1.9448,0.76023
1.7821,0.78106
1.8456,0.76833
1.9338,0.75758
2.2366,0.72283
1.8689,0.76919
1.7223,0.78291
1.9349,0.76586
1.3559,0.84771
2.088,0.74917
1.5222,0.82297
1.8552,0.77056
1.87,0.76864
2.0975,0.74217
2.0356,0.74738
2.5064,0.70239
2.1172,0.7371
2.1541,0.73211
2.0276,0.74793
2.1295,0.73989
2.2246,0.72783
1.89,0.77063
2.1293,0.73745
2.0204,0.75199
1.9515,0.76514
2.0552,0.74891
1.9878,0.75903
2.6994,0.68691
2.1443,0.74442
2.1234,0.74586
2.0055,0.75273
2.0102,0.75154
2.2308,0.72927
2.0775,0.74106
2.1229,0.74395
2.2686,0.72437
2.8693,0.67698
2.5927,0.69643
2.6428,0.69105
2.0346,0.75548
2.2474,0.73387
2.1821,0.74266
2.3125,0.72991
2.1305,0.74442
2.2887,0.72415
1.9975,0.75896
2.0986,0.74875
2.1721,0.74051
2.2875,0.72785
2.1106,0.74783
2.1311,0.73918
1.9671,0.7619
1.9606,0.76415
1.8928,0.77255
2.219,0.73259
2.224,0.73203
2.5704,0.70037
1.893,0.77185
2.6721,0.69576
2.0471,0.75856
2.6049,0.7032
2.7221,0.69333
1.9567,0.76551
2.3882,0.72021
2.303,0.72962
2.2649,0.73544
2.6593,0.69581
2.6506,0.69734
2.5254,0.70953
1.7356,0.80262
2.6273,0.69851
2.818,0.68253
2.5648,0.70563
2.4794,0.71503
2.4409,0.72257
2.3912,0.72076
2.722,0.69568
2.4015,0.72198
2.9216,0.67912
2.5278,0.71325
2.7214,0.69481
2.4452,0.71794
2.2831,0.73046
2.4564,0.71333
2.8939,0.68099
2.2153,0.74505
2.1577,0.7422
2.1015,0.74925
1.8732,0.77729
1.9742,0.77042
2.3388,0.72602
2.7209,0.69133
2.1432,0.74511
2.6782,0.69662
2.0967,0.75126
2.2361,0.73578
2.1612,0.74351
2.259,0.73402
1.9485,0.77365
1.9637,0.76807
1.951,0.76909
2.0637,0.75926
1.7919,0.79304
1.9704,0.76823
2.3909,0.73151
2.5183,0.71749
1.8925,0.77962
1.7816,0.79455
2.7094,0.69993
1.7188,0.80448
1.624,0.8248
1.9457,0.77739
1.7555,0.80562
1.8625,0.7861
2.077,0.75829
2.1307,0.75522
1.9645,0.7733
1.6957,0.81313
2.2102,0.74647
1.923,0.78137
2.0539,0.76546
1.9279,0.78014
1.903,0.77805
1.9502,0.77843
2.6631,0.70469
1.8507,0.78591
1.9773,0.767
2.0835,0.76561
1.8227,0.78794
1.9102,0.7772
2.2427,0.74955
2.0275,0.76702
2.2111,0.7438
2.0333,0.77238
2.1916,0.74591
2.1122,0.75768
2.5185,0.72399
2.1349,0.7573
3.1168,0.67115
2.2312,0.74409
2.2194,0.74395
2.3272,0.73292
2.3267,0.73319
2.3734,0.72801
2.2734,0.74065
2.1338,0.75584
1.9869,0.77806
1.8708,0.78869
2.0106,0.77185
2.0558,0.76252
2.8106,0.69854
2.0825,0.76362
2.6541,0.71185
2.3222,0.74457
1.703,0.81248
1.8337,0.79433
1.7926,0.79929
1.8675,0.78945
2.2085,0.75126
2.0922,0.76176
2.0224,0.77061
1.9911,0.77393
2.0392,0.76802
2.1247,0.75983
2.001,0.77581
2.1222,0.76057
2.0121,0.77106
2.3132,0.74151
2.185,0.75397
2.2702,0.74357
1.9778,0.78398
2.4411,0.73374
2.3252,0.74318
2.5512,0.71803
2.1702,0.75703
2.1245,0.76598
2.4754,0.72829
2.7108,0.70735
2.0825,0.77134
2.2009,0.75441
2.3584,0.73812
2.317,0.74205
2.2102,0.75699
2.0981,0.76982
2.2607,0.74832
1.9802,0.77953
1.9459,0.78416
2.0468,0.77293
1.9145,0.79001
1.973,0.78339
2.3548,0.73924
2.1841,0.75672
2.224,0.75144
2.1702,0.7583
1.9407,0.78831
2.2609,0.75185
2.1993,0.75675
2.1587,0.76056
2.2404,0.75565
2.0294,0.77856
2.0944,0.77373
2.2669,0.75647
2.32,0.74879
2.3203,0.74872
2.3278,0.74879
2.3917,0.74328
2.3471,0.74345
2.0445,0.77888
2.1491,0.76294
2.3262,0.74258
2.4952,0.72589
2.4342,0.73403
2.0882,0.77085
2.2605,0.75195
2.4685,0.7278
2.2955,0.75465
2.2097,0.7595
2.3972,0.73615
2.0044,0.78468
2.1677,0.77232
2.0771,0.7757
2.0496,0.787
1.9999,0.79257
2.0505,0.77912
1.8162,0.80803
1.7752,0.81294
2.127,0.76871
2.2364,0.75784
2.2389,0.7572
2.1173,0.77684
1.8653,0.80163
2.0156,0.7854
1.9609,0.79295
2.3103,0.7529
2.1016,0.77581
2.1631,0.76792
2.1817,0.76557
2.2332,0.76086
2.2114,0.76495
2.181,0.76913
2.2023,0.76581
2.1861,0.76677
2.1167,0.7731
2.0337,0.78323
2.3151,0.75309
2.2651,0.75992
2.3832,0.74691
2.414,0.74175
2.4222,0.74001
2.3446,0.74799
2.1537,0.77182
2.2606,0.76176
2.2888,0.759
2.3124,0.75495
2.1467,0.77577
2.2797,0.75676
2.1282,0.77544
2.8291,0.7072
2.6958,0.72091
2.7016,0.71967
2.4911,0.73823
2.3573,0.74944
2.3887,0.74525
2.393,0.75109
2.2797,0.75814
2.4619,0.7378
2.4072,0.75248
2.3442,0.7525
2.4627,0.74
2.533,0.73198
2.2201,0.76711
2.5163,0.73424
2.3236,0.75759
2.3301,0.75683
2.2893,0.76148
2.5046,0.73627
2.2314,0.76571
2.5662,0.72806
2.2017,0.76936
2.1285,0.7772
2.3152,0.75161
2.4225,0.74526
2.4119,0.74468
2.321,0.75428
2.4314,0.7433
2.3332,0.75213
2.3165,0.75875
2.4788,0.73641
2.4572,0.74188
2.5365,0.7346
2.9432,0.69999
3.2238,0.6802
2.4334,0.74598
2.5033,0.73889
2.5322,0.73139
3.1744,0.68373
3.0934,0.68934
2.5921,0.73133
3.0894,0.68968
2.5968,0.72649
2.7365,0.71483
2.5469,0.73145
2.4156,0.74476
2.4737,0.74579
2.5851,0.73051
2.5279,0.73686
2.5906,0.73171
2.3022,0.75909
2.3282,0.756
2.3649,0.75252
2.3467,0.75857
2.429,0.75042
2.0401,0.79267
2.6512,0.72594
2.4157,0.75285
1.9436,0.79907
2.543,0.73576
2.1184,0.77964
2.413,0.75011
2.7847,0.71512
2.3009,0.76295
2.402,0.75396
3.3882,0.67061
2.73,0.71946
2.4296,0.7464
2.4519,0.74515
2.0939,0.78235
2.1227,0.77927
2.2434,0.76673
2.1684,0.7757
2.1566,0.77537
2.6355,0.72802
2.3589,0.75341
2.194,0.77107
2.5783,0.7332
2.1296,0.77858
2.3251,0.75857
2.1379,0.77744
2.2378,0.77404
2.8144,0.71374
2.6549,0.72863
2.6737,0.72545
2.6024,0.73332
2.6145,0.73156
2.6717,0.72665
2.6279,0.73112
2.642,0.73079
2.5917,0.73716
2.6733,0.72891
2.7899,0.71771
2.0946,0.78543
2.5482,0.73885
2.5155,0.74204
2.5143,0.74953
2.4949,0.75195
2.5773,0.73665
2.4384,0.75562
2.5015,0.74259
2.5731,0.74215
2.5299,0.74643
2.4238,0.7499
2.698,0.72706
2.4903,0.74869
2.2007,0.7719
2.3195,0.76385
2.3292,0.76049
2.5045,0.74558
2.3439,0.76461
2.38,0.76305
2.3698,0.75907
2.4378,0.75454
2.3982,0.75653
2.4709,0.75078
2.2915,0.76627
2.4802,0.74729
2.4676,0.75073
2.3977,0.76085
2.5144,0.74172
2.2435,0.76907
2.2399,0.77158
2.3527,0.75991
2.3049,0.76662
2.6545,0.7309
2.6295,0.73248
2.4652,0.74776
2.4247,0.74934
2.7981,0.72102
2.3587,0.75916
2.4665,0.74447
2.8859,0.7145
2.6503,0.73239
2.3634,0.76218
2.5399,0.74363
2.3934,0.75866
2.233,0.7754
2.3016,0.76733
2.3387,0.76373
2.6613,0.73093
2.2249,0.77719
2.7619,0.72292
2.7273,0.7237
2.2917,0.76303
2.2315,0.76914
2.7288,0.72301
2.46,0.74877
2.7418,0.72159
2.6267,0.73348
2.3977,0.75426
2.3625,0.76082
2.3398,0.76409
2.9084,0.70898
2.54,0.73843
2.4212,0.74844
2.5096,0.73916
2.3886,0.75312
2.2745,0.7685
2.3592,0.76102
2.3491,0.76242
2.4266,0.74721
2.4567,0.74715
2.7476,0.72092
2.5141,0.73926
2.5801,0.74204
2.4437,0.75867
2.293,0.76725
2.1415,0.78398
2.3942,0.75877
2.5609,0.74215
2.5784,0.73998
2.383,0.75945
2.6018,0.73839
2.8206,0.71893
2.4766,0.75168
2.3867,0.76157
2.3107,0.77027
2.3487,0.7642
2.2942,0.76928
2.3493,0.76395
2.3516,0.76469
2.4102,0.75867
2.3826,0.76139
2.4611,0.75426
2.3683,0.7636
2.2948,0.77
2.2991,0.76971
2.394,0.76006
2.6491,0.73852
2.0821,0.78964
2.876,0.71915
2.2078,0.77436
2.4209,0.7556
2.1838,0.77644
2.0126,0.79536
2.0022,0.79746
2.1135,0.7854
1.9889,0.79911
2.1723,0.77842
2.5412,0.74599
2.2604,0.77573
2.199,0.78199
2.1953,0.78254
2.4198,0.75998
2.2199,0.77919
2.4743,0.75398
2.3727,0.76437
2.2916,0.77275
2.257,0.77482
2.5092,0.75531
2.6377,0.74193
2.3994,0.75961
2.1386,0.79053
2.4884,0.75247
2.3107,0.76721
2.4238,0.75539
2.3216,0.76946
2.3245,0.76471
2.3199,0.77004
2.4499,0.75452
2.4292,0.75655
2.6299,0.73777
2.3575,0.76571
2.4142,0.75576
2.3037,0.76724
2.1757,0.7796
2.4368,0.75464
3.2371,0.69156
2.4122,0.76349
3.3788,0.68186
2.4717,0.75387
3.2687,0.69061
3.1738,0.69727
2.787,0.72564
2.9813,0.71128
2.844,0.72141
2.836,0.72287
2.8497,0.72084
2.6073,0.74139
2.8412,0.72037
2.9587,0.71197
2.8479,0.72142
2.7121,0.73256
2.91,0.7174
2.8834,0.71835
2.6625,0.7346
2.6516,0.73489
2.4478,0.75441
2.3345,0.76623
2.7387,0.72835
2.3195,0.7661
2.5252,0.74575
2.5282,0.74585
2.6486,0.73475
2.4062,0.75704
2.5841,0.7407
2.4327,0.75524
2.4968,0.74953
2.7723,0.7271
2.4342,0.75502
2.3119,0.77082
2.818,0.72608
2.669,0.73867
2.5884,0.7437
2.653,0.73794
2.5306,0.75384
2.6566,0.73862
2.2683,0.77643
2.4012,0.76283
2.8876,0.71807
2.7897,0.72663
2.4612,0.75717
2.4852,0.75556
2.4354,0.75699
2.7179,0.73213
2.1868,0.7808
2.5653,0.74341
2.753,0.72964
2.2845,0.77414
2.883,0.7199
2.5881,0.74511
2.7237,0.73179
2.7113,0.73249
2.5028,0.75116
2.2841,0.77227
2.3581,0.7633
2.19,0.77851
2.4626,0.75543
2.3841,0.76217
2.3043,0.77017
2.4822,0.75487
2.4871,0.75342
2.684,0.74233
2.4129,0.76062
2.4466,0.75731
2.3716,0.76366
2.3447,0.76946
2.5315,0.75088
2.4833,0.75638
