23.23,0.35331
21.551,0.37726
23.311,0.35149
22.599,0.36316
20.324,0.40645
23.942,0.34004
22.573,0.36331
23.646,0.34201
22.594,0.36262
23.869,0.33944
23.919,0.33905
24.866,0.32392
23.438,0.34988
24.029,0.33849
23.72,0.34295
23.734,0.34268
24.209,0.33475
24.257,0.33435
24.882,0.32442
24.011,0.33828
24.921,0.32344
24.81,0.32489
24.51,0.32932
24.405,0.33299
25.665,0.3141
26.17,0.30706
24.789,0.32859
25.532,0.31599
26.259,0.30057
24.397,0.33463
24.8,0.32585
25.284,0.32108
25.121,0.3214
25.126,0.32322
26.445,0.30234
26.61,0.29973
23.279,0.35657
23.853,0.348
24.563,0.33705
23.238,0.35844
23.055,0.36169
22.758,0.36506
23.552,0.35315
23.861,0.34849
22.707,0.36901
22.113,0.37553
21.504,0.38962
23.046,0.36296
23.382,0.34481
22.62,0.36126
24.809,0.31966
24.362,0.32995
24.04,0.33325
23.701,0.34262
23.845,0.3394
23.65,0.3425
23.31,0.34855
24.14,0.33458
23.708,0.3422
24.436,0.32966
22.871,0.35841
22.513,0.36443
22.603,0.36154
22.482,0.36636
22.117,0.37157
22.961,0.35601
23.77,0.34266
23.541,0.34452
23.646,0.34329
23.157,0.35343
22.137,0.37176
23.534,0.34753
22.424,0.36277
22.459,0.36057
23.239,0.35173
23.816,0.34097
21.357,0.38596
22.513,0.36274
22.223,0.37066
23,0.35624
22.018,0.37477
23.092,0.3559
23.824,0.34219
23.13,0.35241
24.028,0.33872
22.548,0.36069
23.375,0.34881
20.685,0.39972
23.612,0.34543
22.544,0.3652
22.919,0.35936
22.956,0.35949
22.969,0.3562
24.432,0.3322
20.358,0.40601
20.365,0.40725
20.644,0.39979
26.275,0.30293
23.526,0.34748
21.64,0.383
24.368,0.33468
25.609,0.31483
24.557,0.33294
25.489,0.31448
23.617,0.34534
24.207,0.33557
24.649,0.32936
23.201,0.35572
20.117,0.41455
21.845,0.38146
22.372,0.36986
23.031,0.35992
22.411,0.36798
23.074,0.35665
22.456,0.36842
21.505,0.38537
23.62,0.34118
23.21,0.35114
22.663,0.36294
19.73,0.41753
21.883,0.38034
22.93,0.35741
20.603,0.40568
21.469,0.38183
21.771,0.37804
20.284,0.40455
22.872,0.35794
22.396,0.36817
22.39,0.36445
20.76,0.3944
21.085,0.39274
22.043,0.37156
19.571,0.42247
20.469,0.39615
21.481,0.38595
21.138,0.39206
22.979,0.35651
21.432,0.38364
19.679,0.41657
21.32,0.38351
21.488,0.37742
23.682,0.33865
19.629,0.4149
21.421,0.38662
20.422,0.39988
19.664,0.41725
19.861,0.41145
20.584,0.3975
19.929,0.40992
21.37,0.38596
19.965,0.41285
20.718,0.39446
19.084,0.43016
20.292,0.40258
20.077,0.40366
20.881,0.39173
17.071,0.47126
19.522,0.42097
20.375,0.40087
20.234,0.40298
19.504,0.41394
20.673,0.39198
21.122,0.38212
22.156,0.36344
20.686,0.39353
22.279,0.35972
22.872,0.34735
21.449,0.37212
15.732,0.50018
16.593,0.47758
17.162,0.46241
15.521,0.50623
21.347,0.37951
17.754,0.45314
19.838,0.40584
21.732,0.36886
23.597,0.33809
24.775,0.31567
22.494,0.35657
21.167,0.37692
18.456,0.43397
16.889,0.471
22.09,0.36219
16.309,0.4829
20.606,0.39157
24.153,0.32678
23.742,0.33378
23.968,0.32985
22.82,0.35148
23.439,0.33905
19.697,0.41204
19.019,0.42563
13.628,0.55698
12.779,0.58401
14.624,0.52787
14.479,0.53619
14.369,0.53915
20.832,0.38948
14.869,0.52186
16.907,0.47477
15.285,0.51273
19.902,0.40592
22.312,0.3595
25.824,0.30125
23.215,0.34259
28.016,0.26601
24.087,0.32666
23.64,0.33381
24.52,0.32085
24.353,0.32466
23.528,0.34264
23.914,0.33186
24.482,0.32598
24.844,0.31745
23.807,0.33759
26.524,0.29393
25.883,0.30724
23.857,0.33976
26.912,0.29274
23.342,0.35048
24.251,0.33149
25.793,0.31339
23.675,0.34764
23.234,0.35179
22.362,0.36917
21.5,0.38768
21.262,0.3997
21.418,0.3961
20.798,0.41665
20.712,0.41337
21.994,0.39196
20.492,0.42024
18.486,0.45582
18.678,0.45198
18.012,0.4673
17.754,0.4738
18.894,0.4512
18.682,0.45893
17.795,0.47739
18.7,0.45767
13.669,0.56744
13.868,0.56374
13.495,0.57094
12.623,0.59289
12.413,0.59771
11.93,0.61288
11.862,0.61265
11.484,0.62206
11.107,0.6339
16.124,0.52169
19.145,0.4678
27.815,0.3319
9.4921,0.69183
9.2459,0.69763
9.1063,0.70416
9.911,0.6791
31.329,0.30011
32.02,0.29006
32.146,0.29486
7.2096,0.78728
6.7449,0.80913
6.9839,0.79323
6.528,0.81665
6.6321,0.80714
5.6278,0.8669
5.6025,0.86405
5.3701,0.8809
5.252,0.88851
5.3589,0.87739
5.4692,0.86707
5.1644,0.88691
5.3624,0.87657
5.0217,0.90035
5.0085,0.90583
5.0132,0.91498
5.2604,0.88958
4.9028,0.91931
4.8669,0.91711
5.3516,0.88928
5.0554,0.90913
5.5244,0.88422
5.3439,0.89621
5.4644,0.88721
5.3813,0.89408
5.7653,0.86939
5.7461,0.87368
5.5698,0.87865
5.8219,0.86875
5.4692,0.88427
6.0972,0.86261
5.4401,0.89614
5.8646,0.86397
6.0553,0.85818
6.5403,0.84018
6.9677,0.82077
7.2505,0.80282
7.546,0.79076
7.4866,0.79885
7.8846,0.78066
7.5628,0.80553
7.5027,0.80001
8.9882,0.73297
11.563,0.62809
11.117,0.65408
12.006,0.62212
12.153,0.62142
13.959,0.56365
12.641,0.60715
10.467,0.66703
11.225,0.64251
11.945,0.62021
12.19,0.61486
10.382,0.69026
11.223,0.659
11.701,0.64725
11.175,0.66287
10.74,0.68096
11.104,0.66738
12.08,0.63411
11.578,0.65517
13.414,0.58996
13.448,0.58766
13.292,0.59441
15.093,0.54105
13.639,0.58518
13.397,0.59101
13.945,0.57759
13.749,0.58879
13.849,0.5835
16.751,0.50757
14.426,0.56631
13.656,0.5941
13.797,0.58384
13.73,0.58722
13.836,0.58831
14.012,0.57992
14.454,0.56829
13.849,0.58025
13.965,0.5801
13.51,0.58427
13.189,0.59397
13.309,0.58916
13.468,0.58663
13.734,0.58102
13.345,0.58782
13.794,0.58076
13.15,0.59424
13.261,0.59141
14.032,0.57765
13.683,0.58897
13.713,0.58574
13.598,0.5888
14.267,0.57265
13.642,0.58779
13.992,0.57833
13.694,0.58695
13.888,0.57968
13.872,0.57968
13.857,0.58028
13.665,0.58207
13.472,0.58745
13.454,0.58612
13.666,0.57997
13.46,0.5856
13.527,0.58282
13.472,0.58205
13.45,0.58559
13.44,0.58351
13.61,0.57814
13.413,0.58512
13.039,0.59407
13.386,0.58446
13.454,0.58151
13.787,0.57558
13.509,0.58046
13.503,0.57802
13.466,0.5835
13.48,0.58576
13.261,0.59005
13.162,0.58789
13.146,0.58822
13.114,0.5891
13.191,0.58513
13.158,0.58708
12.973,0.58381
13.468,0.57961
13.552,0.57595
13.131,0.58655
12.861,0.58983
12.862,0.58801
13.197,0.58221
13.743,0.57098
13.126,0.58197
12.53,0.59087
13.729,0.57172
12.639,0.58995
13.839,0.56735
13.008,0.58402
12.937,0.58328
13.07,0.58353
13.4,0.57742
13.044,0.583
13.278,0.5759
13.136,0.57808
13.183,0.57843
13.073,0.58024
13.453,0.57059
13.155,0.57764
13.658,0.5703
12.347,0.59395
13.468,0.57199
13.457,0.57134
13.321,0.57381
13.692,0.56535
14.11,0.55629
13.604,0.56628
13.849,0.55927
13.463,0.56871
13.513,0.56627
13.273,0.57139
13.479,0.56845
13.083,0.578
13.286,0.57514
13.338,0.57204
13.315,0.57026
13.371,0.57161
13.162,0.57022
13.535,0.56493
12.944,0.57728
12.191,0.58856
13.435,0.5644
13.437,0.56641
13.989,0.53351
12.533,0.58649
11.676,0.6024
12.567,0.58593
12.564,0.58477
12.743,0.57981
12.375,0.58889
12.793,0.57974
12.512,0.5852
12.479,0.58585
12.288,0.58929
12.776,0.57853
12.779,0.57903
13.03,0.57255
12.889,0.57743
12.393,0.58715
12.872,0.5761
12.786,0.57906
12.888,0.57729
12.908,0.57528
12.98,0.57448
12.68,0.57878
12.726,0.57904
12.681,0.57935
12.46,0.58619
12.378,0.58778
12.559,0.5837
12.574,0.58273
12.501,0.58517
12.452,0.58611
12.566,0.58335
12.561,0.58456
12.707,0.57815
12.582,0.58268
12.551,0.5824
12.609,0.58171
12.839,0.57568
12.614,0.57946
12.757,0.57578
12.78,0.5753
11.916,0.59157
12.616,0.57965
12.759,0.57643
12.792,0.57649
12.479,0.58343
13.024,0.57209
12.826,0.57559
12.773,0.57734
12.454,0.58492
12.387,0.58535
12.711,0.57848
12.58,0.57965
12.573,0.57807
12.463,0.5828
12.591,0.58062
12.694,0.57668
12.861,0.57311
12.866,0.57346
12.359,0.58346
12.15,0.58597
12.118,0.58777
12.196,0.58561
12.225,0.58696
12.389,0.58345
12.397,0.58416
12.215,0.59061
12.165,0.59193
12.323,0.58685
11.91,0.59464
12.185,0.58866
11.815,0.5967
12.106,0.58715
12.077,0.59008
12.326,0.58369
11.554,0.60112
12.222,0.58515
12.119,0.58962
12.097,0.59146
12.233,0.5879
11.995,0.59465
12.308,0.58689
11.945,0.59528
12.197,0.58755
12.257,0.58539
12.586,0.57674
12.391,0.58251
12.325,0.58212
12.552,0.57728
12.243,0.58479
12.389,0.5809
12.368,0.58207
12.025,0.58861
12.107,0.58549
12.552,0.57823
12.636,0.57164
12.462,0.57874
12.283,0.5834
12.141,0.58654
12.43,0.57984
12.212,0.58428
12.399,0.57939
12.302,0.58216
12.261,0.58241
12.39,0.58061
12.412,0.57935
12.284,0.58281
12.332,0.5823
11.972,0.58866
12.09,0.58673
12.417,0.58057
12.329,0.58071
12.094,0.58866
12.307,0.58311
12.403,0.58004
12.271,0.58237
12.623,0.57407
12.826,0.57027
12.746,0.57135
12.617,0.57569
12.254,0.584
12.225,0.57918
12.37,0.57666
12.436,0.57869
12.723,0.5713
12.372,0.58097
12.214,0.58315
12.418,0.58034
12.707,0.57177
12.436,0.57742
12.244,0.58274
12.461,0.57664
12.701,0.57138
12.749,0.57158
12.191,0.58144
12.686,0.57412
12.523,0.57776
12.435,0.57977
12.626,0.57622
12.691,0.57305
12.55,0.57739
12.462,0.5756
12.566,0.57464
12.555,0.57404
12.876,0.56865
13.003,0.56424
12.515,0.57886
12.305,0.57978
12.625,0.57301
12.561,0.57354
12.231,0.58182
12.227,0.58298
12.497,0.57597
12.749,0.5709
12.71,0.57393
12.972,0.56808
12.843,0.57188
12.507,0.57857
12.279,0.58223
12.394,0.58008
12.582,0.5752
12.645,0.5735
12.647,0.57047
12.294,0.58322
12.802,0.57118
12.402,0.57979
11.592,0.59781
12.5,0.57568
12.753,0.57109
12.748,0.57061
12.424,0.5774
12.471,0.57698
12.347,0.5804
12.352,0.57983
12.492,0.57663
12.612,0.57263
12.753,0.57253
12.62,0.57326
12.802,0.57148
12.833,0.56827
12.612,0.57472
12.562,0.57815
12.55,0.57633
12.753,0.56957
11.722,0.59357
12.633,0.57449
12.632,0.57389
12.603,0.57533
12.659,0.57378
12.517,0.57594
12.417,0.57991
12.428,0.57758
12.06,0.58276
12.533,0.57211
12.548,0.57596
12.525,0.57504
12.964,0.56477
12.266,0.584
12.796,0.57097
12.75,0.57061
12.771,0.57101
12.682,0.57469
12.739,0.56969
12.726,0.57138
12.598,0.57439
12.44,0.57727
12.603,0.57408
12.94,0.56536
12.454,0.57993
12.596,0.57534
12.806,0.57162
12.4,0.57977
12.407,0.57893
12.323,0.58171
12.823,0.56998
12.991,0.56606
12.765,0.57017
12.599,0.57039
12.68,0.57151
12.433,0.57574
12.389,0.57635
12.371,0.57912
12.483,0.57758
12.418,0.57712
12.13,0.5858
12.57,0.57792
12.395,0.57889
12.125,0.58769
12.812,0.57335
12.633,0.57332
12.651,0.57472
13.042,0.56535
12.677,0.57451
12.311,0.5789
12.556,0.57326
12.566,0.57203
12.687,0.57047
12.873,0.56744
12.578,0.5725
12.697,0.57095
12.782,0.57017
12.428,0.57544
12.861,0.57015
12.647,0.57277
12.324,0.58051
12.78,0.57359
12.537,0.57624
12.617,0.57422
12.668,0.57198
12.616,0.57416
11.719,0.59312
12.049,0.58034
11.854,0.58825
12.344,0.57931
12.147,0.58477
12.638,0.57325
12.461,0.57697
12.799,0.56878
12.376,0.57731
12.265,0.58075
12.28,0.58203
12.516,0.57467
12.403,0.57809
12.426,0.57787
12.586,0.57311
12.457,0.57433
11.573,0.58999
11.414,0.59264
12.272,0.57907
12.452,0.57542
12.575,0.57166
12.397,0.57613
12.279,0.5797
12.66,0.57213
12.508,0.57581
12.143,0.5796
12.814,0.56773
12.122,0.5853
12.242,0.58223
12.54,0.57636
12.366,0.57609
12.328,0.57919
12.166,0.58424
12.576,0.57517
12.448,0.57844
12.69,0.57191
12.64,0.5728
12.277,0.58091
12.688,0.57124
12.827,0.56478
12.599,0.57109
12.355,0.57817
12.534,0.57673
12.373,0.57884
12.555,0.57386
12.752,0.57189
12.463,0.57816
12.556,0.57717
12.545,0.57672
12.518,0.57698
12.561,0.57265
12.218,0.582
12.546,0.57678
12.343,0.57978
12.428,0.57754
12.643,0.57249
12.552,0.57421
12.418,0.57784
12.599,0.57302
12.278,0.57816
12.493,0.57425
12.294,0.57895
12.684,0.57165
12.311,0.58045
12.461,0.57586
12.365,0.57693
12.561,0.576
12.226,0.58164
12.295,0.58196
12.308,0.58082
11.815,0.5922
12.311,0.58093
12.336,0.5799
12.239,0.58183
12.406,0.57933
12.286,0.58047
12.088,0.58506
12.161,0.58369
12.311,0.57946
12.62,0.57047
12.216,0.58119
12.163,0.58031
12.609,0.57256
12.286,0.58111
12.714,0.57052
12.469,0.57631
12.031,0.58667
12.33,0.5773
12.762,0.56443
12.957,0.56286
12.471,0.57615
12.545,0.57602
12.44,0.57642
12.777,0.56857
12.563,0.57288
12.471,0.57552
12.434,0.57527
12.473,0.57469
12.543,0.57366
12.555,0.57453
12.361,0.5813
12.527,0.57336
12.542,0.57536
12.376,0.58027
12.206,0.5833
12.523,0.57492
12.546,0.57564
12.472,0.57723
12.387,0.57936
12.325,0.57892
12.519,0.57567
12.366,0.57703
12.397,0.57878
12.126,0.58425
12.036,0.58845
12.263,0.58233
12.136,0.58485
12.469,0.57766
12.407,0.5768
12.306,0.57956
12.247,0.58115
12.655,0.57163
12.356,0.57905
11.626,0.5972
12.29,0.57962
12.417,0.58055
12.303,0.57893
12.343,0.57971
12.233,0.57874
12.364,0.57723
12.548,0.57434
12.26,0.57882
12.445,0.5756
12.203,0.58181
12.146,0.58441
12.582,0.5738
12.326,0.57806
12.558,0.57375
12.548,0.57373
12.505,0.57326
12.627,0.57275
12.654,0.57188
12.631,0.57253
12.314,0.57764
12.808,0.56763
12.435,0.57402
12.403,0.57543
11.983,0.58625
12.443,0.57796
12.302,0.58164
12.197,0.5819
12.372,0.57856
12.503,0.579
12.213,0.58182
12.754,0.56717
12.601,0.57249
12.604,0.57301
12.364,0.57708
12.76,0.568
11.983,0.58728
11.571,0.59439
11.726,0.59001
12.147,0.58263
11.785,0.58791
11.467,0.59454
12.324,0.57878
11.929,0.58741
12.358,0.57904
12.191,0.58241
11.828,0.58874
12.319,0.5803
11.91,0.59019
12.137,0.58453
12.096,0.58464
12.188,0.58269
12.443,0.57748
11.924,0.58766
12.449,0.57374
12.329,0.5774
12.382,0.578
12.396,0.57671
12.313,0.57841
12.37,0.57738
12.202,0.58203
12.01,0.58268
12.485,0.57393
12.551,0.57114
12.283,0.57729
12.277,0.57851
12.564,0.57221
12.233,0.57778
12.513,0.5729
12.326,0.57827
12.478,0.57425
12.365,0.57775
11.876,0.58776
12.353,0.57797
12.205,0.58102
12.269,0.58016
12.261,0.5801
12.554,0.57312
12.443,0.57555
12.683,0.56895
12.399,0.57625
12.517,0.57488
12.585,0.56939
12.497,0.57463
12.579,0.57404
12.651,0.56889
12.215,0.58308
12.417,0.57715
11.99,0.58778
12.418,0.5761
12.342,0.57737
11.804,0.59133
12.221,0.5833
12.286,0.5791
12.174,0.5821
12.334,0.57747
12.229,0.57919
12.244,0.57784
12.089,0.58312
12.503,0.57259
12.376,0.57652
12.475,0.57353
12.431,0.57642
12.283,0.58112
12.467,0.57728
12.462,0.5777
12.321,0.57838
12.557,0.57336
12.53,0.57263
12.686,0.56989
12.474,0.57641
12.242,0.58176
12.379,0.57896
12.536,0.57555
12.44,0.57557
12.432,0.57594
12.192,0.57979
12.535,0.57261
12.639,0.57106
12.348,0.57733
12.315,0.57832
12.291,0.58104
12.277,0.58026
12.376,0.57794
12.451,0.57495
12.559,0.57308
12.555,0.57302
12.422,0.57915
12.445,0.57475
12.404,0.57765
12.195,0.58081
12.54,0.57207
12.306,0.57922
12.311,0.5778
12.216,0.5826
12.331,0.57845
12.218,0.58168
12.218,0.58176
12.43,0.57574
12.256,0.57885
12.13,0.58251
12.137,0.58302
12.331,0.57845
12.424,0.57557
12.364,0.57884
12.493,0.57752
12.478,0.5781
12.375,0.5798
12.421,0.57622
12.363,0.57794
12.247,0.58175
12.356,0.57885
12.561,0.57423
12.388,0.5769
12.164,0.58285
12.494,0.57657
12.279,0.57695
12.68,0.5672
12.222,0.57973
12.333,0.57968
12.316,0.58007
12.209,0.58168
12.338,0.57779
12.473,0.57505
12.393,0.5754
12.402,0.5756
12.264,0.57854
12.773,0.56652
12.389,0.57663
12.53,0.57426
12.287,0.57982
12.595,0.57276
12.262,0.58064
12.03,0.58815
12.402,0.57802
12.097,0.58585
12.049,0.5863
12.404,0.57821
12.136,0.58291
12.573,0.57259
12.029,0.58492
12.47,0.57485
12.523,0.57478
12.252,0.57957
12.429,0.57434
12.384,0.57597
12.353,0.57719
12.356,0.57755
12.441,0.57527
12.57,0.57211
12.363,0.5793
12.316,0.57671
11.955,0.58906
12.12,0.58683
12.364,0.57773
12.261,0.58346
12.374,0.57931
12.285,0.57949
12.464,0.57571
12.414,0.57646
12.363,0.57895
12.015,0.58476
11.94,0.58616
12.236,0.577
12.145,0.58208
12.588,0.57351
12.222,0.58126
12.155,0.5838
11.24,0.60073
12,0.58389
12.319,0.57726
11.953,0.58523
12.407,0.57442
12.519,0.57117
12.256,0.57701
12.536,0.57161
12.325,0.57864
12.348,0.57706
12.445,0.5764
12.277,0.58101
12.454,0.57625
12.135,0.58246
12.514,0.57521
12.464,0.57597
12.333,0.57901
12.287,0.58053
12.292,0.58013
12.221,0.58135
12.499,0.57534
12.585,0.57251
12.497,0.57609
12.45,0.5762
12.22,0.58134
12.188,0.58226
12.451,0.57594
12.522,0.57341
12.304,0.57742
12.239,0.57867
12.459,0.57678
12.398,0.57564
11.198,0.59999
11.421,0.59361
12.568,0.57342
10.969,0.60761
11.483,0.59204
12.29,0.5801
10.99,0.60452
12.146,0.5811
12.258,0.57876
11.1,0.60017
12.33,0.57704
12.301,0.57544
12.21,0.58083
12.269,0.57943
11.929,0.58584
11.948,0.58685
12.079,0.58268
12.062,0.58285
12.044,0.58708
12.131,0.58142
12.131,0.58402
11.221,0.6015
12.386,0.57808
12.494,0.57446
12.138,0.58144
12.201,0.57945
12.371,0.57685
12.719,0.56712
12.358,0.57758
12.146,0.58156
12.451,0.57636
12.253,0.58091
12.328,0.57591
12.107,0.58163
12.157,0.58447
12.011,0.58737
12.552,0.57206
12.399,0.57584
12.217,0.57893
12.176,0.57961
12.294,0.57751
12.154,0.57996
12.618,0.57148
12.421,0.57751
12.222,0.58336
12.047,0.58623
12.215,0.58088
12.51,0.57468
12.128,0.5836
12.338,0.57928
12.461,0.57254
12.224,0.58294
12.552,0.57292
12.491,0.57416
12.451,0.57578
12.231,0.58157
12.606,0.57456
12.593,0.57328
12.27,0.58176
12.47,0.57684
12.167,0.58353
12.132,0.58544
12.247,0.58014
12.289,0.57993
12.105,0.58476
12.066,0.58395
12.395,0.57798
12.11,0.58567
12.132,0.58332
12.003,0.58611
12.093,0.5835
12.437,0.57468
12.039,0.58434
11.899,0.58786
12.326,0.57899
12.004,0.58533
12.437,0.57551
11.814,0.59072
12.437,0.57675
12.289,0.57957
12.046,0.58508
11.945,0.58435
12.359,0.57784
12.286,0.57961
11.865,0.58905
12.6,0.57113
12.245,0.57985
12.245,0.57892
12.398,0.57611
12.139,0.58281
12.215,0.58048
12.02,0.58522
12.022,0.58409
12.035,0.58613
12.394,0.57627
12.314,0.57833
12.455,0.57433
11.91,0.58769
12.331,0.5784
12.315,0.57849
12.107,0.584
12.371,0.5772
12.234,0.57896
12.342,0.57833
12.385,0.57562
12.195,0.5805
12.19,0.58121
12.173,0.58129
11.392,0.59565
11.922,0.58805
12.383,0.57711
12.555,0.57297
12.072,0.58065
12.251,0.57972
12.499,0.57333
12.289,0.5789
12.149,0.58064
12.453,0.57516
11.925,0.58778
12.605,0.57224
12.22,0.5789
12.489,0.57261
12.091,0.58209
12.128,0.58338
12.238,0.58253
12.226,0.58165
12.388,0.57607
11.983,0.58609
12.248,0.58172
12.343,0.57794
12.302,0.57784
12.206,0.58057
12.398,0.57598
12.462,0.57202
12.339,0.57724
12.333,0.57763
12.283,0.57978
12.442,0.57359
12.193,0.58305
12.189,0.58098
12.22,0.581
12.267,0.57969
12.285,0.57623
12.304,0.57704
12.371,0.57045
12.482,0.57291
12.491,0.57396
12.088,0.58449
12.086,0.58348
12.272,0.5782
12.159,0.5822
11.701,0.59281
12.101,0.58373
11.911,0.59042
12.259,0.57993
12.178,0.58318
12.18,0.58377
12.351,0.57868
12.43,0.57602
12.088,0.585
12.202,0.58006
12.177,0.5821
12.171,0.5807
11.953,0.5855
11.813,0.59078
12.469,0.57548
12.288,0.58167
12.414,0.57882
12.445,0.56897
12.331,0.58046
12.203,0.58086
12.489,0.57291
12.568,0.57034
11.905,0.58611
12.181,0.58116
12.215,0.58073
12.247,0.58116
12.298,0.57867
12.243,0.58239
12.166,0.58161
12.054,0.58524
12.205,0.58202
11.855,0.58763
11.863,0.58665
12.556,0.57134
11.963,0.58679
12.023,0.58627
12.259,0.57985
12.204,0.58083
12.192,0.57925
12.246,0.57852
11.953,0.58633
12.297,0.57898
12.19,0.5832
12.227,0.58075
12.642,0.57055
12.548,0.5705
12.565,0.57489
12.437,0.57504
12.206,0.57916
12.675,0.56786
12.36,0.57672
12.257,0.57931
12.288,0.57666
12.445,0.57729
12.29,0.58005
12.378,0.57909
12.152,0.58147
12.184,0.5805
12.33,0.5759
12.245,0.57692
12.35,0.57483
12.319,0.57671
12.267,0.57837
12.699,0.56808
12.485,0.5723
12.418,0.57461
12.26,0.57757
12.23,0.57984
12.186,0.58123
12.11,0.58152
12.529,0.57263
12.33,0.57759
12.002,0.58293
12.696,0.56697
12.226,0.57666
12.341,0.57427
12.557,0.56962
12.375,0.57689
11.993,0.58575
12.074,0.5829
12.318,0.57619
12.318,0.57368
12.335,0.57603
12.305,0.5732
12.079,0.58139
12.102,0.58132
12.25,0.57829
12.278,0.57578
12.304,0.57567
12.396,0.5734
12.554,0.56967
12.766,0.56259
11.947,0.58376
12.085,0.58058
12.528,0.56909
12.012,0.58032
12.271,0.57489
12.082,0.57898
12.725,0.56353
12.329,0.57503
12.255,0.57694
11.796,0.58446
12.333,0.57331
12.366,0.57288
12.059,0.57938
11.983,0.5834
12.131,0.5795
11.851,0.5854
12.405,0.57179
12.308,0.5731
12.374,0.57036
11.959,0.58033
12.777,0.56056
12.27,0.57192
11.895,0.58388
12.053,0.57798
11.983,0.5803
12.483,0.57029
12.146,0.57433
12.2,0.57636
12.382,0.57078
12.461,0.56885
12.433,0.56847
12.286,0.57109
12.588,0.56375
12.408,0.56691
12.207,0.57001
12.224,0.56966
12.459,0.56493
12.38,0.5659
12.161,0.57286
12.305,0.56715
11.962,0.57696
12.36,0.56514
12.254,0.56627
12.683,0.55855
11.93,0.57705
12.337,0.56493
12.306,0.56684
12.259,0.56815
12.304,0.56702
12.214,0.56791
11.998,0.57124
11.937,0.57423
12.28,0.56598
11.948,0.57124
12.58,0.55762
12.357,0.56143
12.504,0.55751
12.025,0.56964
12.09,0.56599
12.046,0.56579
12.002,0.56712
12.155,0.56598
12.195,0.56345
12.483,0.55633
12.237,0.56232
12.507,0.55521
12.217,0.5631
12.629,0.55092
12.238,0.55952
12.375,0.55786
12.114,0.55951
12.37,0.55393
12.068,0.56079
11.739,0.5652
12.044,0.56226
12.451,0.54992
11.488,0.56826
11.27,0.57449
12.178,0.5574
12.603,0.54607
12.756,0.54124
12.573,0.54688
12.683,0.54558
12.704,0.54351
12.839,0.54025
12.644,0.53994
13.099,0.52938
12.351,0.54747
12.432,0.54566
12.421,0.5463
12.636,0.53937
12.67,0.54057
12.251,0.55124
12.202,0.5494
12.763,0.53404
12.38,0.54466
12.376,0.54732
12.669,0.53894
12.315,0.54293
12.454,0.54079
12.459,0.53707
12.511,0.5385
12.906,0.52948
12.482,0.53957
12.497,0.53857
12.463,0.5377
12.581,0.53395
12.244,0.54104
12.617,0.53166
13.035,0.52352
12.715,0.52838
12.484,0.53421
12.412,0.53618
12.85,0.52687
12.368,0.53751
12.359,0.53918
12.558,0.52973
12.298,0.53223
12.226,0.53467
12.327,0.53398
12.752,0.52502
12.524,0.53137
12.154,0.53733
12.326,0.5344
12.325,0.53115
12.634,0.52738
12.526,0.5256
12.608,0.52414
12.517,0.52853
12.343,0.53078
12.565,0.52509
12.079,0.53671
12.022,0.53825
11.892,0.53901
12.303,0.52858
12.471,0.52588
12.579,0.51923
12.08,0.5286
12.121,0.53019
12.149,0.52734
12.373,0.52299
12.181,0.52507
12.19,0.52263
12.67,0.51537
11.695,0.53482
11.903,0.53053
11.858,0.53111
12.35,0.5208
12.485,0.5182
11.297,0.53806
11.907,0.52826
11.998,0.52751
11.823,0.52992
11.486,0.53767
11.818,0.52878
11.427,0.54082
11.464,0.53886
11.293,0.5415
11.335,0.53607
11.449,0.53849
11.157,0.54301
11.059,0.54234
10.898,0.54483
10.925,0.54192
10.792,0.54416
11.176,0.53994
10.827,0.54544
10.493,0.55098
10.985,0.53891
10.195,0.55804
10.501,0.54948
9.7814,0.56656
10.341,0.55084
9.5819,0.56929
10.126,0.55724
9.9314,0.56188
9.8033,0.56472
10.052,0.56053
10.592,0.54518
9.9694,0.5624
10.325,0.554
9.6247,0.56565
10.233,0.55475
10.068,0.55772
10.117,0.55372
10.228,0.55314
9.6174,0.56971
9.5949,0.56575
9.3707,0.57447
9.8022,0.56515
9.9185,0.56083
9.8127,0.55992
9.4414,0.56848
9.56,0.56712
9.9403,0.55644
9.5917,0.56344
10.029,0.55347
10.16,0.55137
9.8484,0.55759
10.185,0.55061
9.44,0.56867
9.7811,0.55525
9.6315,0.56086
9.8615,0.55631
9.5677,0.56284
9.7272,0.55903
10.013,0.54993
10.006,0.54856
9.8505,0.55236
9.7387,0.54951
10.339,0.53696
10.477,0.53651
10.105,0.54199
11.049,0.52168
9.5157,0.5533
10.87,0.5243
10.83,0.51983
10.238,0.53516
10.728,0.5216
10.317,0.52934
9.6446,0.5492
9.4481,0.55303
9.8186,0.54026
11.158,0.51465
11.107,0.51545
10.427,0.53348
9.9494,0.54193
10.23,0.5328
10.154,0.53492
10.63,0.52564
10.13,0.53368
9.8167,0.54555
10.604,0.52697
9.9569,0.54065
9.7635,0.54605
10.348,0.51912
10.785,0.50528
10.369,0.52736
10.596,0.51913
10.426,0.52264
10.445,0.52077
10.358,0.52099
10.339,0.52289
10.272,0.51703
11.846,0.48185
12.658,0.47607
12.648,0.47373
12.802,0.47221
11.903,0.48083
11.022,0.49999
11.877,0.48378
11.82,0.47782
12.203,0.47045
12.076,0.47347
12.87,0.45464
11.366,0.484
12.83,0.45924
13.617,0.44369
14.99,0.4266
11.908,0.47373
13.318,0.45525
13.784,0.44168
12.923,0.45626
13.911,0.438
13.462,0.44562
12.815,0.45486
13.478,0.44385
13.365,0.44471
13.387,0.44053
15.349,0.41172
13.528,0.43852
13.817,0.43394
13.357,0.44195
14.064,0.43722
13.677,0.44194
13.721,0.4443
14.839,0.42211
13.238,0.44609
14.366,0.42562
14.512,0.42497
15.021,0.41436
15.266,0.39932
14.715,0.42027
15.185,0.40955
15.817,0.39627
15.349,0.41282
15.332,0.4098
15.59,0.40424
16.12,0.38442
17.246,0.37564
19.529,0.33806
16.281,0.37867
18.982,0.34225
17.423,0.36205
15.8,0.38257
16.322,0.37205
16.73,0.36847
18.147,0.36195
18.993,0.34507
16.532,0.36908
18.183,0.34427
18.694,0.3379
17.686,0.35639
17.821,0.35579
17.104,0.36256
15.207,0.39613
16.806,0.3687
15.957,0.38043
18.762,0.34406
17.11,0.37612
17.516,0.3661
17.376,0.37153
18.389,0.35527
18.322,0.35564
17.908,0.3573
17.303,0.36857
16.574,0.37843
15.153,0.39424
16.485,0.36616
16.016,0.385
15.925,0.38651
12.9,0.43988
15.516,0.39501
16.043,0.38801
14.618,0.40019
15.549,0.38295
16.15,0.37997
17.692,0.3533
14.866,0.39305
15.771,0.38102
14.873,0.39309
15.346,0.38634
15.612,0.38469
15.167,0.40046
14.316,0.39961
13.939,0.40734
15.894,0.38436
15.658,0.38615
13.832,0.40773
12.47,0.44091
9.6251,0.50991
15.214,0.39122
15.381,0.3845
13.088,0.42043
12.794,0.42604
16.263,0.36912
12.612,0.42409
12.896,0.42166
12.297,0.43403
11.081,0.45644
13.412,0.41217
11.288,0.45686
11.61,0.45129
12.209,0.44381
12.671,0.43423
13.122,0.42699
12.846,0.43444
10.494,0.48618
10.65,0.47937
11.658,0.4556
13.025,0.42926
11.566,0.45576
11.883,0.44917
10.719,0.47354
10.604,0.4762
10.69,0.47575
11.709,0.45347
10.882,0.47388
11.973,0.45188
14.309,0.41035
15.447,0.39029
10.511,0.47883
14.014,0.41353
11.092,0.4642
14.52,0.40196
10.349,0.48142
11.553,0.45855
12.79,0.43489
12.633,0.43814
12.051,0.45135
12.132,0.45102
11.823,0.4598
11.314,0.46847
10.992,0.47505
10.516,0.48516
10.278,0.4879
11.418,0.46125
12.165,0.44895
11.411,0.46233
12.165,0.44879
10.924,0.47567
11.502,0.46426
10.398,0.4903
11.51,0.46242
12.304,0.44468
12.142,0.44922
13.044,0.4244
11.407,0.46217
13.376,0.41834
11.373,0.46262
11.73,0.45385
11.61,0.45915
11.351,0.46508
12.152,0.44701
10.362,0.48859
10.975,0.47572
10.658,0.48144
10.645,0.47795
11.236,0.46445
10.708,0.47558
11.779,0.45572
11.709,0.4575
10.756,0.47935
11.01,0.47597
11.007,0.4734
10.704,0.47903
9.8407,0.50071
11.287,0.45327
11.321,0.45973
10.977,0.46908
10.073,0.49219
10.439,0.48315
10.097,0.49391
10.308,0.48639
10.622,0.47847
9.947,0.49494
9.962,0.49372
10.26,0.48693
10.77,0.47475
11.664,0.45248
10.354,0.48399
9.9555,0.4961
10.235,0.48954
9.6699,0.50697
10.395,0.48803
10.256,0.49188
11.33,0.46406
11.289,0.46341
11.379,0.46095
10.608,0.47761
10.401,0.48075
11.283,0.46187
10.54,0.4795
10.085,0.49126
10.741,0.47687
10.993,0.47327
11.367,0.46356
10.888,0.4731
11.41,0.46178
11.282,0.46384
10.599,0.48117
10.548,0.48443
10.915,0.47621
11.237,0.46868
11.709,0.45547
12.69,0.43398
11.692,0.45517
10.574,0.48012
10.456,0.48124
11.005,0.46811
11.092,0.46436
10.677,0.47677
11.941,0.45092
10.527,0.48489
11.236,0.46639
10.311,0.49142
10.71,0.48153
10.709,0.47628
11.477,0.45918
10.413,0.48342
10.899,0.47042
12.074,0.44437
11.819,0.44963
10.957,0.46937
11.034,0.46777
11.478,0.46073
10.424,0.48668
10.972,0.475
10.856,0.47915
11.616,0.45933
10.682,0.483
10.999,0.47231
11.042,0.46901
10.189,0.48962
10.759,0.47722
11.753,0.45301
11.227,0.4658
10.935,0.47385
10.807,0.47568
10.507,0.48268
11.861,0.44983
10.961,0.46804
10.307,0.48597
11.265,0.4627
11.643,0.45373
11.856,0.45063
11.136,0.46855
11.57,0.46166
10.841,0.47836
11.424,0.46376
11.177,0.46782
12.089,0.44905
11.791,0.4539
11.928,0.44764
11.034,0.47013
11.58,0.45871
11.914,0.45094
11.869,0.45201
10.776,0.47478
11.805,0.45244
11.856,0.45225
11.815,0.45017
10.85,0.47151
10.465,0.48583
10.749,0.47686
9.5754,0.50559
10.091,0.49588
9.996,0.49829
10.697,0.47628
10.36,0.49046
10.97,0.47442
10.707,0.47819
11.153,0.46874
11.034,0.46889
10.686,0.47782
11.941,0.44747
11.519,0.45585
11.202,0.46497
11.527,0.4583
11.402,0.46119
11.883,0.44994
11.703,0.45254
11.446,0.45989
11.056,0.47047
11.384,0.4626
10.596,0.48213
11.061,0.46857
11.204,0.46566
10.755,0.47591
10.708,0.47626
10.958,0.47075
11.452,0.46072
11.756,0.45447
11.277,0.46567
11.936,0.4494
11.274,0.46707
11.569,0.45786
11.307,0.46117
11.081,0.4679
12.53,0.43476
12.225,0.43978
11.908,0.44706
11.387,0.45729
11.284,0.46393
12.165,0.44255
11.618,0.45215
12.455,0.43755
12.892,0.43171
12.803,0.43271
11.617,0.45923
11.741,0.45222
11.437,0.46221
11.593,0.45661
12.025,0.44817
11.376,0.46482
11.589,0.45658
12.038,0.44603
11.712,0.45278
11.715,0.4523
11.827,0.45146
11.326,0.46558
11.471,0.46014
11.716,0.45695
11.502,0.46168
12.466,0.43955
11.61,0.45693
11.84,0.4474
11.585,0.45738
11.72,0.45152
11.652,0.45487
11.617,0.45648
12.561,0.42629
11.665,0.45257
11.716,0.45175
11.782,0.44092
10.873,0.47486
11.482,0.45884
10.598,0.48197
11.439,0.46115
11.477,0.45932
11.504,0.461
11.288,0.4621
11.433,0.45453
12.311,0.43942
11.702,0.45002
12.081,0.44691
11.765,0.455
12.477,0.4369
11.345,0.46082
12.18,0.44609
11.635,0.45941
11.024,0.469
11.178,0.46752
11.33,0.46138
11.305,0.46233
11.72,0.45085
12.186,0.44266
11.658,0.45371
11.675,0.4529
11.671,0.45543
11.715,0.45409
11.835,0.45232
11.171,0.4683
11.755,0.45615
11.652,0.45886
11.145,0.46902
11.396,0.46574
11.003,0.47367
11.534,0.45998
11.072,0.47063
11.129,0.46772
11.644,0.45066
12.232,0.44026
10.904,0.47209
12.21,0.44064
10.869,0.47344
12.153,0.44456
12.444,0.43897
12.469,0.43868
11.973,0.44888
11.947,0.44971
11.804,0.45162
12.154,0.44458
11.877,0.45251
11.794,0.45445
11.86,0.45131
11.653,0.45689
11.031,0.46792
11.553,0.45607
11.417,0.45553
12.376,0.43697
11.721,0.45568
11.674,0.45726
12.018,0.45001
11.6,0.46248
11.084,0.47452
12.29,0.44567
11.393,0.46349
12.076,0.44588
11.324,0.46498
12.02,0.45056
11.706,0.45783
11.579,0.45868
11.192,0.46681
11.768,0.45462
11.137,0.46906
11.939,0.45083
11.674,0.45313
11.655,0.45592
10.951,0.4697
11.557,0.45773
11.665,0.45364
12.093,0.44481
12.195,0.4435
11.611,0.45865
12.252,0.44327
10.899,0.47383
11.752,0.45274
11.913,0.4483
12.417,0.43513
11.047,0.46328
13.224,0.41953
12.609,0.43463
12.115,0.44414
12.22,0.43999
11.75,0.45503
12.174,0.44321
12.168,0.44239
11.858,0.44638
11.693,0.45383
12.226,0.44241
11.541,0.45939
11.927,0.45075
11.134,0.46816
11.603,0.45705
11.089,0.4681
12.02,0.44904
12.097,0.44692
11.585,0.45799
11.817,0.45741
12.34,0.44283
11.796,0.45344
10.7,0.47727
11.271,0.46363
12.439,0.42972
12.134,0.4476
11.167,0.46813
11.497,0.46139
11.924,0.45003
11.819,0.45361
11.307,0.46496
11.038,0.46742
11.7,0.45319
11.272,0.46188
11.535,0.45694
11.782,0.45411
12.442,0.43968
11.466,0.46171
11.2,0.47132
11.64,0.458
11.383,0.46291
11.36,0.4604
11.594,0.45465
11.444,0.45546
11.068,0.46938
11.668,0.45836
11.417,0.46371
11.242,0.46739
10.336,0.48585
11.737,0.44993
11.213,0.45957
12.217,0.44047
10.636,0.47688
12.358,0.4412
12.31,0.44352
12.015,0.45035
12.343,0.44411
12.122,0.44978
11.958,0.44916
12.576,0.43718
12.76,0.43104
12.015,0.44555
12.007,0.44659
12.054,0.44613
11.374,0.46372
11.78,0.45168
12.248,0.44169
11.661,0.45673
12.306,0.44166
11.699,0.45513
11.957,0.45194
11.85,0.45498
11.706,0.46045
11.831,0.45351
12.332,0.44033
11.469,0.45859
11.673,0.45431
11.776,0.4511
12.316,0.43925
12.215,0.44351
12.205,0.44469
11.794,0.45392
12.073,0.45045
12.642,0.44058
11.567,0.4604
11.476,0.46203
11.606,0.45898
11.179,0.46878
10.839,0.47816
11.002,0.47158
10.827,0.47621
10.843,0.47243
10.84,0.47297
11.1,0.47083
11.005,0.47136
11.529,0.45962
11.795,0.45481
11.534,0.46066
10.97,0.47204
12.069,0.44721
11.807,0.45277
11.464,0.46277
12.021,0.45075
11.594,0.45976
11.286,0.46263
12.042,0.44706
12.079,0.44603
10.839,0.47505
10.587,0.48026
11.9,0.4508
11.037,0.47243
11.256,0.46739
11.255,0.46486
11.633,0.45804
12.148,0.44524
11.24,0.46375
12.067,0.44642
11.951,0.4515
11.977,0.449
11.339,0.4661
11.528,0.46085
11.608,0.45814
11.145,0.46905
10.868,0.4754
10.813,0.4752
11.61,0.45468
11.285,0.46196
11.445,0.45711
11.325,0.46063
11.167,0.46783
11.775,0.45375
12.328,0.44125
11.853,0.45517
11.557,0.46071
12.346,0.44278
11.606,0.45786
11.626,0.45635
11.707,0.45539
11.684,0.45748
11.84,0.45683
11.532,0.46033
11.127,0.47261
11.485,0.46274
12.522,0.43748
12.745,0.43021
12.669,0.43345
12.694,0.43446
11.679,0.45519
12.182,0.44436
12.293,0.44327
12.399,0.43914
12.543,0.43758
12.217,0.44547
12.01,0.45053
11.693,0.45625
12.06,0.44897
12.109,0.44571
11.812,0.45375
11.303,0.4649
11.143,0.46564
11.116,0.46787
11.319,0.46167
11.292,0.46445
11.146,0.4676
11.322,0.46276
11.195,0.46824
11.36,0.46427
11.339,0.46478
10.838,0.47642
11.899,0.45156
10.769,0.48035
11.277,0.46961
11.078,0.46941
11.555,0.46066
11.29,0.46477
11.078,0.4683
10.88,0.47221
11.096,0.46924
11.267,0.46644
11.639,0.45893
11.938,0.45088
11.709,0.45982
11.644,0.46179
12.238,0.44507
11.627,0.46075
11.769,0.45772
11.624,0.46012
12.351,0.44183
11.639,0.45509
11.966,0.44715
11.676,0.45596
12.295,0.44335
11.616,0.45697
11.927,0.44991
12.738,0.43405
11.855,0.45022
12.393,0.44104
12.296,0.4431
12.38,0.44149
11.573,0.45497
11.795,0.4495
11.849,0.45125
12.112,0.44732
11.756,0.45617
11.433,0.46151
11.263,0.46782
11.402,0.46353
11.327,0.46298
11.516,0.46068
11.736,0.45692
11.323,0.46396
11.566,0.45973
11.692,0.45667
11.543,0.46101
11.671,0.45808
10.84,0.47593
11.962,0.44941
10.597,0.4793
12.128,0.44902
11.4,0.46347
11.826,0.45491
11.704,0.45597
12.046,0.44926
11.472,0.46166
11.496,0.46146
11.469,0.46299
11.675,0.45772
11.884,0.45482
12.235,0.44838
11.97,0.4524
12.048,0.45024
11.425,0.46075
11.274,0.46575
11.975,0.45104
11.638,0.457
11.526,0.45716
11.36,0.46278
11.835,0.45421
11.698,0.45632
12.393,0.43648
12.207,0.44206
12.378,0.44229
12,0.44898
12.351,0.44186
12.175,0.44164
12.515,0.43527
12.245,0.4416
12.41,0.43597
12.692,0.43025
12.737,0.43065
12.253,0.44425
12.177,0.44612
12.542,0.4354
12.549,0.43655
12.412,0.43928
12.009,0.44888
11.749,0.45409
12.225,0.43872
11.815,0.45089
12.548,0.43454
12.469,0.4359
13.038,0.42482
12.234,0.44333
12.42,0.43663
11.253,0.46422
12.095,0.4435
11.715,0.45501
11.181,0.46794
12.704,0.4309
10.767,0.47278
11.861,0.44974
12.249,0.44194
11.289,0.46004
11.869,0.44958
13.347,0.41814
11.579,0.45373
11.509,0.45631
12.427,0.43905
11.694,0.45208
10.767,0.47259
11.286,0.4626
11.946,0.44751
11.666,0.45355
12.098,0.44538
12.083,0.44756
12.198,0.44664
12.458,0.44139
12.474,0.44354
12.431,0.43967
11.641,0.457
12.541,0.4323
12.823,0.42719
10.842,0.46957
10.76,0.47296
11.503,0.45569
11.757,0.45399
11.557,0.45932
11.445,0.46282
11.299,0.46587
11.136,0.46953
12.065,0.44678
12.012,0.44715
10.356,0.48715
11.174,0.46386
10.911,0.46887
11.239,0.46363
10.65,0.47848
11.89,0.45296
11.499,0.46047
12.307,0.44439
11.322,0.46669
11.934,0.45354
12.127,0.44516
12.019,0.44528
12.092,0.44253
12.232,0.43994
12.084,0.44582
11.437,0.45797
11.483,0.45917
11.721,0.45506
11.508,0.46093
12.222,0.4463
12.664,0.43309
12.044,0.44999
12.423,0.44092
12.128,0.44594
12.19,0.445
12.142,0.44556
12.452,0.43885
11.927,0.44928
11.744,0.45614
11.709,0.45556
12.415,0.44035
12.405,0.43928
11.589,0.45611
12.793,0.43882
12.277,0.4414
11.882,0.45237
11.955,0.45142
12.222,0.44538
11.755,0.45571
11.52,0.46169
11.544,0.45987
11.815,0.45091
11.213,0.46465
11.354,0.46275
11.294,0.46434
11.791,0.4547
11.975,0.44784
11.969,0.44733
12.294,0.44306
11.909,0.45312
11.49,0.46102
12.365,0.44211
11.991,0.45029
11.935,0.44994
11.592,0.45677
11.139,0.46824
11.2,0.46561
11.687,0.45609
11.5,0.45823
11.015,0.46847
11.433,0.459
11.155,0.46218
12.215,0.44044
11.684,0.45385
11.646,0.45536
11.844,0.44973
11.036,0.47151
11.745,0.45341
10.86,0.47705
11.637,0.45887
12.025,0.45044
12.069,0.44516
12.481,0.436
11.901,0.44868
10.96,0.47235
11.572,0.46104
10.953,0.47386
11.847,0.45639
11.599,0.46064
10.632,0.48227
10.912,0.47366
10.898,0.47152
10.547,0.47704
11.52,0.45472
11.669,0.4495
10.991,0.46796
10.985,0.46982
11.388,0.46594
11.93,0.45305
10.971,0.47586
11.193,0.47078
11.239,0.4668
10.573,0.4835
11.856,0.45141
11.912,0.44988
10.761,0.47186
11.259,0.46135
10.939,0.46327
11.476,0.45513
11.496,0.4602
10.978,0.47316
10.949,0.47359
11.597,0.45717
11.584,0.457
11.075,0.46884
11.445,0.46072
10.911,0.47097
11.056,0.46598
10.926,0.47287
11.538,0.45978
11.233,0.46186
11.529,0.45497
11.509,0.45637
10.856,0.47105
10.607,0.47641
11.668,0.45315
11.187,0.46342
10.658,0.47803
11.576,0.45677
11.194,0.46907
10.999,0.47421
11.484,0.46308
10.856,0.47598
10.836,0.47462
11.392,0.46085
9.9581,0.49312
11.476,0.45485
10.225,0.48518
9.8331,0.49546
11.664,0.45003
11.401,0.45782
10.808,0.4672
11.113,0.46326
10.815,0.47143
10.697,0.4714
10.598,0.48
11.147,0.46731
10.732,0.477
10.528,0.4814
10.527,0.4792
10.528,0.47958
10.666,0.47613
11.441,0.45615
11.147,0.46227
10.611,0.47404
11.478,0.45754
10.967,0.46953
10.233,0.48857
10.112,0.49175
9.9478,0.49449
10.211,0.48751
10.433,0.48181
10.361,0.48027
11.092,0.46423
10.557,0.47717
11.257,0.46343
11.206,0.46469
11.862,0.45037
11.189,0.46423
11.766,0.45232
11.2,0.46273
10.756,0.47237
10.4,0.48167
11.712,0.44936
10.79,0.47115
11.627,0.4529
10.783,0.47254
11.434,0.45555
10.927,0.47277
11.261,0.46601
11.628,0.45174
10.548,0.47667
10.42,0.47941
11.293,0.4607
10.519,0.478
10.142,0.48767
10.46,0.47987
11.643,0.45079
11.965,0.4462
11.592,0.45471
11.818,0.44885
11.896,0.44831
12.484,0.43703
11.465,0.46117
11.113,0.46702
10.818,0.47482
11.052,0.46581
11.176,0.46274
10.094,0.48846
10.937,0.4651
11.416,0.45549
10.582,0.47628
10.652,0.47643
10.962,0.47169
10.892,0.4735
11.133,0.46856
11.546,0.45475
11.367,0.458
11.314,0.4593
11.656,0.45275
12.456,0.43477
10.99,0.46842
11.798,0.45002
10.308,0.4874
10.924,0.47076
10.724,0.47625
10.376,0.48345
10.603,0.47712
10.74,0.47363
11.357,0.46056
10.813,0.47167
10.643,0.47606
11.256,0.46162
10.583,0.47716
10.659,0.4776
11.212,0.46192
10.751,0.47708
11.335,0.45989
10.647,0.47267
10.595,0.47573
10.639,0.476
10.612,0.47537
10.869,0.46821
10.39,0.48277
10.603,0.47718
11.175,0.46211
11.418,0.45859
10.268,0.48125
10.029,0.48818
10.219,0.48288
10.493,0.47666
9.9341,0.48908
9.7589,0.49324
10.814,0.46847
9.7502,0.49563
10.204,0.48644
10.137,0.48616
10.057,0.48647
10.062,0.48656
11.061,0.46435
10.852,0.46763
10.72,0.47358
10.401,0.48016
10.351,0.48397
10.088,0.48865
9.7227,0.49866
10.529,0.4741
9.59,0.49963
10.04,0.48407
12.539,0.43423
11.772,0.44874
13.31,0.41843
12.124,0.44419
12.647,0.43194
11.539,0.45564
9.9847,0.48447
9.7603,0.49089
9.8286,0.4887
10.193,0.47805
10.297,0.47673
10.125,0.4816
10.601,0.47125
9.8256,0.49369
10.771,0.47218
9.5425,0.49888
11.814,0.445
11.323,0.45836
12.161,0.43916
11.681,0.44958
9.6936,0.49399
11.474,0.45434
9.5292,0.49554
9.0986,0.50493
11.833,0.44712
11.95,0.44202
9.7435,0.49063
9.4002,0.49889
10.141,0.47404
9.9714,0.47782
9.5545,0.48856
10.188,0.47264
10.413,0.46427
9.3404,0.49686
9.9969,0.48004
10.038,0.47662
10.229,0.47108
8.5977,0.52128
9.2275,0.5013
8.1205,0.53595
9.1297,0.50728
9.3153,0.50243
9.1755,0.50491
9.3698,0.50266
9.2405,0.50638
9.152,0.50817
9.5658,0.49491
9.4187,0.49492
10.039,0.47336
10.539,0.46109
10.146,0.46556
10.03,0.46981
10.102,0.47459
9.6136,0.49087
10.113,0.47481
10.464,0.46626
10.169,0.47421
9.9079,0.47951
9.6239,0.4863
9.8547,0.47848
9.7377,0.48278
10.502,0.4579
10.103,0.46745
10.235,0.46597
9.8253,0.47055
9.8403,0.47763
9.6841,0.48383
8.6981,0.50906
9.8915,0.4764
9.1816,0.49748
9.9979,0.47144
9.5726,0.48286
11.07,0.4516
9.8029,0.48052
9.6111,0.48299
9.5687,0.48105
10.972,0.44746
10.542,0.45167
11.059,0.44963
9.3244,0.48544
11.042,0.42183
9.8918,0.47325
9.4354,0.48195
10.851,0.45342
11.429,0.44486
8.39,0.51495
9.346,0.48255
9.1393,0.49393
9.4939,0.47721
9.9607,0.46529
9.4658,0.48271
8.6644,0.50617
9.0467,0.49665
10.251,0.47153
8.4226,0.51477
10.058,0.47267
9.6108,0.47618
9.5181,0.47784
7.818,0.51456
8.9922,0.49632
10.165,0.46477
9.4021,0.48273
8.8166,0.50035
8.9821,0.49441
8.1799,0.51024
8.7686,0.49649
9.0556,0.49063
9.3173,0.48314
9.2453,0.48612
8.8761,0.49704
10.395,0.46267
9.4313,0.48171
9.3182,0.48354
9.3745,0.48025
9.154,0.4887
10.24,0.46483
8.7299,0.4955
9.029,0.48888
10.495,0.45841
9.2116,0.48968
11.613,0.42833
10.64,0.44505
11.771,0.42378
8.3734,0.50198
10.505,0.45221
9.6519,0.47493
9.6662,0.46958
8.8877,0.49083
10.162,0.46168
10.844,0.44545
8.5043,0.4997
8.0078,0.51452
11.276,0.42475
11.147,0.43743
10.995,0.44059
9.5261,0.47898
8.7327,0.49719
9.1721,0.48606
9.128,0.48736
9.9044,0.46362
9.9636,0.46682
8.6074,0.49549
10.501,0.45293
9.9485,0.46566
7.2507,0.5285
8.4649,0.49589
9.3033,0.4715
9.3855,0.46849
11.189,0.42978
11.466,0.42742
11.156,0.43422
11.508,0.4281
11.238,0.42937
11.156,0.43463
11.117,0.4345
12.533,0.39003
7.8755,0.50021
8.5946,0.48305
10.433,0.40383
8.2694,0.49218
6.8974,0.53813
7.5397,0.51814
10.677,0.44272
8.862,0.47925
9.6704,0.46091
8.5596,0.48277
6.8871,0.53291
8.7691,0.47933
10.507,0.44262
10.323,0.4514
10.597,0.44258
10.124,0.45442
10.556,0.44646
11.328,0.4272
11.074,0.43082
11.044,0.43248
9.36,0.47112
8.8891,0.48028
11.297,0.42364
11.101,0.4283
11.422,0.42213
10.327,0.44667
11.199,0.42876
11.618,0.42147
10.884,0.43552
11.009,0.43383
11.289,0.42828
11.089,0.43096
11.517,0.42328
11.218,0.42565
12.142,0.40294
11.309,0.4238
6.8491,0.52076
12.103,0.40354
11.705,0.41443
6.7626,0.52654
11.59,0.41641
11.89,0.41092
11.283,0.42444
10.901,0.43468
10.57,0.44076
11.034,0.42774
11.365,0.41939
11.085,0.42518
5.7814,0.56808
10.532,0.4369
5.9381,0.55412
6.0222,0.55362
11.429,0.41901
11.038,0.42697
11.166,0.42323
6.0213,0.55239
5.513,0.57599
5.8121,0.55987
9.7732,0.45693
9.884,0.45033
8.9968,0.47726
5.4613,0.57298
10.9,0.39635
9.1638,0.47386
5.3929,0.57956
6.0766,0.54661
5.6566,0.56572
5.5278,0.57043
5.6926,0.56397
5.8741,0.5455
5.6822,0.55967
5.749,0.55911
9.3227,0.46882
12.404,0.32547
5.9772,0.55158
5.9142,0.55428
5.9225,0.55253
6.2684,0.54151
5.7166,0.55964
5.8071,0.55337
5.6876,0.55534
5.6481,0.5594
11.752,0.40313
5.7525,0.55672
11.021,0.42261
6.1812,0.54311
8.6963,0.44008
5.5432,0.56867
5.4383,0.573
5.3715,0.57554
5.4485,0.56572
5.2637,0.57632
5.2129,0.57969
5.9927,0.54409
6.1816,0.52797
5.301,0.57441
5.371,0.57266
4.7939,0.59871
5.169,0.58294
5.1002,0.58157
6.079,0.51958
4.7926,0.60195
5.7328,0.53359
10.659,0.42643
5.472,0.56667
5.2944,0.57769
5.2193,0.57735
4.8509,0.59852
4.7967,0.60282
9.8615,0.44708
10.024,0.44112
5.1323,0.58206
5.108,0.58302
5.2793,0.57219
6.3404,0.54528
6.5707,0.53349
4.6302,0.60479
4.5507,0.59847
7.6486,0.46987
3.8158,0.64312
5.3865,0.5669
7.0711,0.50536
9.663,0.44894
7.1592,0.51133
4.6601,0.5877
9.7223,0.44638
4.6085,0.59252
4.0836,0.62963
7.1828,0.45459
4.8012,0.59629
4.5552,0.59752
4.3792,0.61485
4.3113,0.62097
4.2726,0.61854
4.4207,0.60635
4.409,0.61293
4.311,0.62452
4.5444,0.6103
4.5763,0.60396
4.5806,0.60212
4.1841,0.61881
5.3277,0.54902
4.2458,0.61002
4.2063,0.62089
10.042,0.43101
9.7578,0.44034
5.0593,0.57538
10.355,0.42488
10.277,0.42605
4.4353,0.61088
10.699,0.40816
4.6784,0.57769
10.227,0.42102
5.8346,0.54407
4.2321,0.62055
4.2766,0.62245
10.33,0.42651
4.2011,0.61408
4.446,0.61453
4.3994,0.61235
10.102,0.42908
5.957,0.50948
9.938,0.42975
10.144,0.42506
9.7814,0.43087
9.8742,0.43499
4.2397,0.61968
4.5225,0.61206
10.228,0.42712
9.091,0.45924
8.9996,0.46129
8.9732,0.45769
9.3557,0.44064
9.9114,0.42206
8.2134,0.48462
3.9252,0.626
4.6996,0.57874
4.0042,0.63081
9.9083,0.43024
5.1532,0.56853
4.2273,0.61227
3.7895,0.64531
3.8943,0.64203
3.7941,0.63572
4.674,0.59575
4.2958,0.61449
3.7262,0.65519
4.8213,0.58104
4.1761,0.62125
6.1991,0.53266
4.3937,0.61867
5.2974,0.57196
3.9879,0.63763
4.27,0.61956
3.9469,0.63238
3.9964,0.64319
10.18,0.41266
4.3246,0.60248
8.7972,0.45716
8.254,0.47618
9.2877,0.4456
4.9544,0.55879
9.3365,0.44273
9.3829,0.44329
4.8924,0.55716
4.29,0.61756
10.545,0.39474
10.325,0.39769
4.3462,0.60551
8.4788,0.46687
8.1413,0.4785
8.7988,0.45258
8.2831,0.47696
8.2424,0.47433
4.0812,0.62787
4.1068,0.62948
9.7519,0.43271
4.5175,0.5859
10.127,0.39287
4.7923,0.58307
8.9112,0.45533
8.3736,0.47076
8.8193,0.45667
9.7497,0.43353
4.1327,0.62895
4.1496,0.62184
11.853,0.34424
10.022,0.42245
11.326,0.36424
11.575,0.36609
3.7257,0.63683
4.7736,0.57428
6.0875,0.49643
8.6252,0.46881
9.6567,0.43736
9.7634,0.4333
12.242,0.32266
9.8129,0.40431
9.1833,0.4435
4.7379,0.56869
3.777,0.63594
3.9982,0.62406
4.0848,0.62016
4.3849,0.59364
5.6621,0.51309
4.0797,0.62703
3.5813,0.64309
5.3335,0.55244
9.6088,0.43149
9.6688,0.43522
5.6703,0.55484
9.3976,0.43258
8.5991,0.45809
9.3716,0.43985
8.9103,0.45337
8.1837,0.47718
7.971,0.48477
8.9308,0.45277
11.898,0.33873
8.9282,0.44905
9.5477,0.42635
9.436,0.4424
8.7196,0.46077
9.3723,0.43982
8.5093,0.4631
5.7748,0.54632
5.3654,0.56298
9.2737,0.44277
8.987,0.45254
5.4777,0.54986
9.5346,0.42934
9.951,0.42378
9.299,0.44467
5.0292,0.54683
4.0191,0.62213
4.1147,0.62428
9.2495,0.44547
8.9072,0.45468
9.0932,0.4424
9.0156,0.45517
9.731,0.41642
9.4423,0.44228
9.5934,0.43491
5.2056,0.55117
4.4203,0.6114
4.9244,0.58655
4.1045,0.6228
7.5923,0.49317
7.0448,0.51842
8.723,0.45011
8.4824,0.46036
9.544,0.44086
6.8012,0.5295
10.884,0.37837
10.363,0.38726
9.2263,0.44838
8.4373,0.45578
8.4737,0.46472
9.5015,0.44133
9.5517,0.44332
4.8916,0.59169
7.4354,0.5057
4.178,0.62841
3.9747,0.63376
4.2601,0.61834
4.1512,0.63094
8.0848,0.46141
7.6418,0.45787
7.4445,0.50427
8.5905,0.46822
3.9733,0.63175
7.8363,0.49122
10.084,0.41481
9.2312,0.43421
4.2835,0.60197
5.2149,0.54505
8.8188,0.45838
5.7935,0.54605
12.498,0.28775
3.7492,0.64743
3.3862,0.65198
5.2114,0.53323
3.4125,0.67064
4.2575,0.61303
10.928,0.35225
6.2452,0.55068
4.1166,0.62411
4.4593,0.60449
4.0629,0.62348
5.7404,0.53686
6.5919,0.52013
4.2781,0.61005
8.2012,0.47808
9.2987,0.42492
3.9891,0.62496
9.3319,0.41094
8.6957,0.46242
8.3855,0.47066
3.3454,0.65438
4.1891,0.6143
7.3582,0.50512
7.3798,0.50355
8.1721,0.47178
9.3297,0.43488
7.6188,0.47292
4.4891,0.59689
8.8559,0.44943
3.8796,0.62357
3.7173,0.6336
9.4993,0.43558
9.2006,0.42938
9.6604,0.4233
9.0824,0.45253
5.6496,0.54765
9.6593,0.43586
9.9347,0.42143
10.044,0.41627
11.222,0.36255
10.493,0.37829
8.8214,0.45599
9.4064,0.44299
9.749,0.43525
8.8101,0.46264
9.6962,0.41557
9.2785,0.43543
10.051,0.41206
9.9292,0.41767
9.0396,0.45391
8.1688,0.47954
8.5022,0.46843
8.1273,0.47865
8.7818,0.46115
4.237,0.61507
11.958,0.35285
10.233,0.41263
5.1597,0.56911
9.8042,0.41151
6.2791,0.48227
4.5921,0.57529
8.6713,0.46023
5.9951,0.5404
7.8488,0.44766
8.7568,0.45528
8.9248,0.45128
9.7317,0.43545
8.6266,0.46721
8.8787,0.46134
8.9467,0.45971
4.5081,0.59569
8.7306,0.45737
9.2283,0.44347
9.7472,0.43319
9.7332,0.43525
9.3451,0.44255
7.033,0.51765
9.434,0.43166
6.9002,0.50813
4.9784,0.55125
4.5514,0.59389
4.1971,0.6213
3.8456,0.63076
4.7885,0.58293
4.2188,0.62882
4.4372,0.61362
4.4357,0.60826
4.2939,0.60466
4.2725,0.6123
7.1228,0.46389
11.791,0.35337
5.5694,0.55781
8.8631,0.46527
6.7689,0.52096
4.4268,0.60557
9.3883,0.44653
9.1387,0.45179
9.5165,0.43811
9.7635,0.43269
9.0835,0.45364
9.4057,0.42375
8.4808,0.45923
8.2323,0.48127
6.3659,0.54817
8.8033,0.46196
9.274,0.43757
8.8567,0.45933
8.6029,0.46703
8.6834,0.46514
6.7634,0.52255
5.4072,0.57279
8.5244,0.46872
4.2914,0.62487
8.3086,0.47893
8.6751,0.46571
10.159,0.40961
6.725,0.5301
7.3688,0.49422
5.0904,0.57681
9.5049,0.44069
5.4489,0.57419
7.9039,0.48793
5.1243,0.55234
8.7022,0.46319
4.2871,0.60769
4.683,0.58957
4.3082,0.61
4.3308,0.60868
9.1247,0.44351
8.0336,0.48541
3.7418,0.63423
3.8617,0.62958
4.1739,0.60608
3.8942,0.62123
7.6335,0.49388
4.0329,0.62935
7.6025,0.50139
6.3395,0.54567
8.6843,0.46655
7.4918,0.5041
8.1117,0.48577
8.5919,0.46878
4.5196,0.60006
7.8894,0.49017
4.3751,0.61094
10.502,0.38022
4.2494,0.61342
4.1883,0.62155
8.3344,0.47346
7.6135,0.43055
3.9898,0.64026
4.0168,0.62755
4.0933,0.62679
8.2135,0.48206
9.4139,0.41554
8.4263,0.46689
4.3209,0.61646
4.0663,0.62708
7.8016,0.48464
4.0379,0.62763
4.2848,0.62184
4.5106,0.58852
6.571,0.53562
6.6296,0.53103
4.7439,0.59807
4.2162,0.61946
5.7938,0.55778
5.036,0.56992
4.0233,0.63406
7.692,0.49284
9.5493,0.43496
8.3033,0.46725
6.5608,0.51492
4.2148,0.62762
8.3056,0.47475
8.7549,0.46249
7.4138,0.5066
7.921,0.48873
9.2454,0.44812
9.1722,0.44962
7.8637,0.49021
8.3253,0.47545
4.1002,0.63333
3.7252,0.6497
8.3637,0.47308
7.7093,0.49321
4.7181,0.60645
9.4245,0.42818
6.794,0.52412
4.0941,0.62918
8.2301,0.48083
4.1971,0.61885
8.1771,0.47072
9.8987,0.41223
9.7687,0.43209
7.577,0.49383
4.1514,0.61666
8.2539,0.47129
4.4477,0.6001
10.31,0.41652
9.8709,0.42721
9.5303,0.43678
7.6472,0.48046
8.3713,0.47401
3.9413,0.63965
3.9202,0.64066
3.9525,0.63677
7.9609,0.4861
7.7316,0.49653
9.2059,0.44974
4.0754,0.61575
4.5582,0.5641
4.2384,0.60475
4.3331,0.6216
6.9756,0.52172
8.578,0.46199
4.9549,0.58351
7.9712,0.48694
9.2819,0.43872
7.9726,0.48302
7.3924,0.50285
7.6411,0.49633
3.6323,0.64483
6.5336,0.47706
7.0921,0.45448
4.0021,0.62509
8.0894,0.47704
4.738,0.56927
3.9907,0.62916
6.3083,0.48623
5.4504,0.56293
4.9435,0.58371
5.1015,0.57523
4.3061,0.61828
9.6511,0.42981
8.1258,0.47579
7.1889,0.50926
10.955,0.36688
5.2732,0.55633
4.3604,0.61181
8.3732,0.46969
8.5696,0.46236
9.1128,0.44696
5.2764,0.55284
8.4959,0.4581
7.9486,0.47964
9.0793,0.44762
9.8406,0.41023
9.0706,0.44746
8.4967,0.46329
9.2787,0.43942
10.117,0.40297
4.1848,0.61615
7.8013,0.48662
8.4385,0.46037
8.3611,0.47213
7.6625,0.48377
4.2612,0.6081
8.7357,0.44313
3.7466,0.63809
8.1914,0.46583
5.9867,0.49148
3.6336,0.64245
8.1681,0.4759
4.4617,0.60317
8.1045,0.47837
3.9715,0.6407
6.6621,0.53087
3.9391,0.64291
7.7601,0.48874
5.6093,0.56289
8.1949,0.47729
3.6188,0.64629
8.9707,0.45699
6.5069,0.52778
3.3115,0.66376
5.215,0.54101
4.6505,0.58818
4.8067,0.57615
3.4507,0.6498
4.3951,0.60837
7.8875,0.48208
4.8688,0.58546
7.3892,0.50562
4.7402,0.59797
5.515,0.56438
5.6622,0.54061
8.1936,0.47963
8.7067,0.45889
8.9921,0.42949
4.4445,0.59995
8.4114,0.46897
3.5769,0.64425
7.8135,0.48865
8.7566,0.46033
3.737,0.65401
3.7802,0.65307
4.1318,0.61901
8.0251,0.4835
8.4094,0.47045
8.3353,0.46689
9.3425,0.44117
7.7126,0.494
4.2469,0.62032
4.2508,0.61732
8.2116,0.47239
6.0999,0.55055
8.4657,0.45381
7.5548,0.50061
4.9059,0.58808
4.665,0.5881
8.5038,0.46497
4.5748,0.57326
9.4561,0.41676
3.4858,0.64753
5.5582,0.56094
5.5232,0.51882
4.4151,0.59368
3.7867,0.6515
4.1978,0.61356
4.6595,0.58803
4.2944,0.6059
4.1493,0.6136
3.8137,0.64254
3.9901,0.63944
5.7823,0.55164
3.64,0.64922
4.196,0.6148
4.59,0.58038
4.2667,0.61052
5.171,0.57775
8.5564,0.46014
4.1274,0.616
8.6656,0.4506
6.9501,0.5154
4.0926,0.61737
3.4387,0.65304
5.281,0.53724
8.3592,0.46378
4.7252,0.56349
7.881,0.48453
3.7451,0.63065
4.6858,0.58787
10.077,0.4072
6.1398,0.52725
4.9985,0.58339
11.639,0.34309
6.4639,0.48471
7.6524,0.49611
4.4443,0.60615
9.5011,0.4371
9.6192,0.41427
5.9043,0.5484
6.3724,0.53658
9.3552,0.43796
9.392,0.43466
6.8467,0.52082
9.9464,0.41824
4.0696,0.62275
8.002,0.46847
7.5031,0.49882
8.9257,0.44816
7.5046,0.49654
8.3181,0.44702
8.6558,0.4618
3.8085,0.63024
8.4972,0.46825
7.5293,0.49563
9.2034,0.4455
8.9293,0.45458
8.6511,0.45487
8.898,0.45865
8.2694,0.47502
7.2154,0.50546
7.1186,0.51595
7.7374,0.49057
6.2067,0.49465
7.8991,0.48009
5.8238,0.54204
4.2566,0.60735
8.7364,0.45026
4.0872,0.62962
4.9652,0.58381
7.2696,0.50347
8.0532,0.48138
4.1529,0.63019
4.2722,0.62215
4.3869,0.60623
4.0409,0.62988
3.982,0.63217
6.9605,0.51547
4.9317,0.56811
7.9893,0.48365
8.9517,0.44153
3.9014,0.62205
9.8621,0.40919
4.3948,0.61459
4.974,0.55924
4.6875,0.59081
4.5972,0.57812
4.1619,0.62234
9.7024,0.4115
4.5384,0.59476
8.68,0.45867
8.6543,0.45957
3.6312,0.65109
7.6484,0.49067
8.8705,0.45249
8.2972,0.46574
7.6312,0.4365
8.7367,0.43306
7.5727,0.49555
4.1058,0.61291
8.6234,0.44068
4.635,0.56851
7.6714,0.48801
4.4885,0.5886
9.0368,0.45471
9.0983,0.45431
5.2503,0.57434
4.6988,0.59381
4.0857,0.62427
5.1398,0.58116
5.1823,0.57583
4.1596,0.60837
5.6301,0.55521
6.8113,0.51843
3.54,0.66174
3.384,0.67528
3.5526,0.66536
3.8619,0.64615
5.035,0.5519
5.2634,0.56038
3.2732,0.66701
9.1891,0.37433
3.7761,0.64058
3.5818,0.64577
3.8772,0.61713
7.7409,0.47712
8.4848,0.46497
8.6917,0.46118
8.0858,0.4692
5.8504,0.52108
7.5433,0.49629
7.1295,0.5068
3.5876,0.64526
3.8182,0.6295
3.8633,0.64317
8.024,0.48117
3.9097,0.62752
5.182,0.57573
4.4057,0.60263
5.4444,0.55607
5.0355,0.57703
4.4203,0.59998
4.0124,0.62463
4.1226,0.62446
4.7774,0.58851
5.5187,0.55074
5.3464,0.55703
4.6524,0.59538
4.4525,0.60807
4.2037,0.60502
8.5356,0.45811
8.3214,0.46718
4.2333,0.5989
5.434,0.55371
3.9719,0.62313
7.8747,0.48112
10.563,0.34401
4.072,0.6242
9.052,0.4452
7.3922,0.50063
3.7774,0.63593
10.09,0.40077
3.5039,0.65039
9.8079,0.42844
9.2587,0.42811
4.2318,0.61112
5.4632,0.56069
5.426,0.55587
4.6901,0.59421
5.2865,0.56536
3.8605,0.62153
9.4033,0.43835
7.8356,0.47718
8.7186,0.45584
4.4695,0.58251
8.4511,0.46354
4.1913,0.61447
4.5318,0.5962
4.02,0.63508
9.9263,0.41841
4.2169,0.6206
6.2897,0.5261
6.4846,0.49644
8.8459,0.45204
4.0498,0.63052
7.8954,0.48128
4.0137,0.62044
4.7529,0.57577
3.6293,0.64236
5.2401,0.57833
5.3046,0.56641
3.9418,0.63302
4.4914,0.5896
6.1289,0.4832
4.6182,0.56426
5.6398,0.5594
3.4741,0.65314
6.2821,0.53796
8.0329,0.4808
3.566,0.65692
7.8784,0.48465
8.4563,0.46193
8.1118,0.47756
8.7684,0.44697
8.9328,0.44989
8.7432,0.44977
7.731,0.49038
7.5069,0.49649
7.9565,0.44836
3.6031,0.63888
9.2016,0.44049
3.999,0.63268
9.0085,0.44899
8.8658,0.45345
8.116,0.4771
8.2361,0.47402
5.0632,0.56882
5.0991,0.55576
8.95,0.45234
4.6008,0.58948
3.4353,0.65395
3.5062,0.64291
8.1635,0.47218
7.6141,0.48937
7.7192,0.48659
7.2074,0.50437
7.7472,0.48755
6.1164,0.53621
7.5482,0.4825
5.478,0.55828
4.8837,0.58375
5.1879,0.56588
9.4602,0.4058
8.1271,0.47436
7.6313,0.49278
3.8036,0.64652
5.0308,0.5616
4.0039,0.63435
8.1604,0.47152
3.9459,0.62642
4.0499,0.62865
4.0091,0.62126
7.8601,0.48407
4.1919,0.6133
4.0543,0.61787
6.22,0.52435
6.192,0.5353
6.8566,0.45769
6.2045,0.50955
3.9726,0.62864
3.7856,0.63091
3.7846,0.63317
3.8397,0.63167
4.1151,0.62224
3.9894,0.63415
4.2225,0.60938
3.9941,0.63499
6.192,0.52654
4.4902,0.59534
7.762,0.48324
5.7177,0.54452
5.6467,0.55162
8.7546,0.45723
7.5999,0.49772
8.2476,0.47556
9.0945,0.44783
7.9554,0.48296
7.8839,0.48492
9.3486,0.39828
7.2604,0.50108
3.6483,0.64646
3.7503,0.62157
4.5919,0.59935
6.6247,0.52477
3.7117,0.64648
6.8282,0.52018
3.4751,0.67296
7.1005,0.51328
4.424,0.6105
4.1996,0.61363
4.0036,0.63132
9.225,0.43829
8.2989,0.45324
3.6309,0.65447
8.5058,0.46304
8.7458,0.45506
7.9724,0.47957
8.1277,0.47464
7.1469,0.48504
4.509,0.59631
4.9001,0.58449
3.374,0.66459
8.7761,0.45495
4.6774,0.56319
4.0149,0.63683
4.6104,0.59838
4.1925,0.58985
7.7114,0.48693
3.8087,0.63141
4.2003,0.59768
9.0126,0.4275
3.9619,0.62839
6.8685,0.52094
7.0098,0.51493
3.9872,0.63861
8.5758,0.46126
4.5891,0.59473
8.1016,0.47796
8.5363,0.4667
4.9856,0.58185
9.8914,0.39122
5.1752,0.56498
10.073,0.40029
4.4826,0.58642
8.343,0.46592
7.9582,0.4802
4.0545,0.63047
3.7429,0.64725
4.3897,0.59606
4.0189,0.63704
4.9436,0.58426
3.8119,0.63959
4.0912,0.62303
4.075,0.62485
4.3552,0.6081
4.668,0.59471
4.1741,0.61253
3.8129,0.63615
3.9847,0.6406
4.4606,0.6085
3.6936,0.63832
8.7682,0.45734
7.6761,0.48755
4.6537,0.59942
3.8744,0.631
3.8438,0.64172
7.721,0.48463
7.9738,0.47878
3.8826,0.62668
4.0119,0.63648
4.0381,0.62991
4.393,0.60226
4.235,0.61515
4.0347,0.6268
3.7112,0.65754
3.767,0.65154
5.2627,0.54352
4.4508,0.59819
4.181,0.61641
3.5239,0.66209
4.128,0.6227
4.7135,0.58959
4.2509,0.61789
3.7403,0.64096
4.4538,0.57781
4.4661,0.60178
5.6729,0.54539
3.8492,0.64359
4.3114,0.61386
4.2048,0.62216
4.2011,0.62085
3.599,0.65679
4.1875,0.61542
4.1716,0.60684
4.0569,0.6259
6.7026,0.5224
4.2305,0.62021
6.6798,0.52733
4.8125,0.59468
8.4346,0.46847
4.0034,0.62785
4.6841,0.58375
7.0286,0.51917
4.4938,0.61725
4.7939,0.5953
3.8518,0.64383
3.8448,0.65046
7.1422,0.51266
4.7672,0.57696
7.5495,0.4961
4.6842,0.58797
4.6925,0.5806
4.4119,0.60461
6.4007,0.51625
3.849,0.63672
4.1033,0.63433
4.3495,0.61289
5.8432,0.51339
4.4285,0.60894
7.0401,0.51382
3.8019,0.64659
4.0108,0.62317
4.1108,0.62594
3.995,0.62813
4.4398,0.60251
4.0885,0.6363
7.7173,0.49658
7.5468,0.50026
4.0963,0.63545
4.0967,0.63024
8.0686,0.48161
10.278,0.38844
6.9251,0.5208
6.2778,0.54292
3.9232,0.63111
8.3406,0.47019
6.3179,0.52708
11.127,0.34615
7.0452,0.51414
7.7316,0.49363
7.0074,0.52009
6.298,0.54863
5.9842,0.55886
5.5738,0.57748
8.3723,0.47345
9.5634,0.43933
7.1906,0.51587
7.0114,0.52189
8.0856,0.49015
9.5849,0.43634
8.9153,0.46262
4.5211,0.60403
4.6202,0.60451
8.4553,0.46706
5.1235,0.57631
5.1682,0.58917
4.2831,0.62427
4.4121,0.6161
4.3348,0.61769
4.6092,0.59937
4.5573,0.59961
4.493,0.59885
5.197,0.58045
4.5306,0.62469
5.3441,0.56341
5.4778,0.57034
6.1972,0.54432
4.905,0.60652
4.2535,0.63874
5.6836,0.56881
5.1634,0.59106
4.8583,0.59937
3.7503,0.65522
8.47,0.47557
4.5238,0.60622
5.7738,0.55882
8.6381,0.47161
4.0787,0.63546
4.5706,0.60641
4.7903,0.61633
4.2876,0.6268
4.3749,0.61957
4.1604,0.63194
4.3062,0.6311
3.9412,0.63999
5.3394,0.57629
4.1378,0.63355
4.1606,0.63058
4.5337,0.60808
4.0382,0.64792
3.7697,0.64433
4.9253,0.58923
4.416,0.61592
3.8166,0.65744
4.2749,0.63119
5.2055,0.56864
5.103,0.59538
4.0725,0.65041
4.0488,0.64883
5.557,0.56739
5.528,0.57575
4.1424,0.63181
4.2859,0.63193
4.9244,0.58298
8.7514,0.47332
9.6031,0.39782
8.9045,0.46846
5.7015,0.56974
4.0022,0.6503
7.9283,0.49294
3.74,0.65051
7.0369,0.50139
4.4173,0.62972
4.5652,0.61554
3.779,0.65121
4.5082,0.62219
9.039,0.46636
9.0934,0.46292
4.4695,0.61901
7.6543,0.50549
4.487,0.61458
5.8076,0.56055
4.3497,0.62431
5.991,0.52393
5.9857,0.53521
9.0397,0.47132
4.4551,0.61615
9.1585,0.46649
4.9816,0.6049
3.7384,0.66685
4.2458,0.642
10.516,0.42065
8.2369,0.4891
8.5273,0.48196
4.7094,0.61162
5.4657,0.54841
9.234,0.45526
8.7905,0.47615
4.3259,0.63318
4.4258,0.63739
3.8963,0.64951
4.5823,0.61353
4.6382,0.61933
4.8008,0.59749
8.9922,0.46889
4.511,0.62409
9.5466,0.45188
4.3862,0.62236
9.5822,0.45758
4.8732,0.60368
10.289,0.41851
8.2265,0.50063
8.2142,0.49959
8.5439,0.48781
8.2144,0.49782
9.5432,0.45885
8.4123,0.49035
4.9471,0.59316
4.8792,0.5979
9.9157,0.45031
9.0751,0.4758
9.9314,0.45218
4.7571,0.61088
3.4131,0.69192
8.4027,0.49548
4.332,0.63776
4.3569,0.64408
8.0217,0.51241
4.3999,0.63468
4.4108,0.63312
6.1026,0.56489
6.7663,0.54112
6.0902,0.56721
5.3295,0.60459
6.0459,0.56134
5.5401,0.58813
5.4747,0.59095
4.7908,0.60808
5.0391,0.60565
4.3932,0.64028
6.3064,0.52696
6.1193,0.56023
4.472,0.6353
4.4038,0.63323
5.9777,0.57272
4.3277,0.6415
8.3888,0.50047
4.4305,0.63498
6.7131,0.54498
4.5842,0.62861
6.0051,0.57594
4.4413,0.63451
6.289,0.56752
4.6136,0.63481
6.3798,0.55964
6.1662,0.57149
5.0733,0.60867
4.4797,0.62984
4.6355,0.62508
4.265,0.64778
3.8382,0.67351
4.1282,0.65755
4.3944,0.64429
4.1378,0.65228
4.2135,0.64719
5.4272,0.5932
4.2902,0.64291
5.8624,0.57557
6.2904,0.56039
5.8663,0.57781
5.4659,0.59855
4.5601,0.63092
4.3423,0.64303
4.1902,0.65094
5.3153,0.60671
5.4173,0.60339
5.8893,0.58292
7.2956,0.51736
7.0563,0.51483
6.0013,0.56561
5.9558,0.58624
6.6957,0.55385
6.5306,0.55812
5.243,0.59977
4.4968,0.62259
8.315,0.47183
4.7491,0.61904
6.2808,0.56387
9.532,0.40259
6.3103,0.56755
5.9893,0.58295
6.6032,0.55818
6.7081,0.53873
6.2002,0.57126
5.8547,0.58545
4.9648,0.60855
4.7354,0.62837
6.6081,0.56112
7.2032,0.52658
8.4596,0.50871
6.6284,0.55819
7.1116,0.53777
7.2325,0.534
7.3123,0.52734
4.7029,0.63365
6.2078,0.57996
6.9012,0.53792
6.163,0.57831
6.2467,0.57428
6.8245,0.55404
5.7755,0.59627
5.8697,0.59267
5.8669,0.59318
6.6664,0.56042
6.4304,0.56651
4.9123,0.62656
6.9144,0.54895
6.3829,0.54293
6.3506,0.57332
7.0861,0.54028
6.0582,0.57764
6.4866,0.56219
7.3744,0.53241
6.8425,0.55729
7.2126,0.54203
6.1755,0.57921
6.6573,0.53856
6.3539,0.57291
6.3495,0.57352
4.5225,0.64363
7.57,0.51444
4.6405,0.63892
5.0446,0.62241
7.5565,0.52552
8.4697,0.47899
6.0988,0.59071
6.268,0.58221
7.0753,0.53134
4.9711,0.63056
6.154,0.58089
8.4569,0.50972
6.498,0.56947
5.0648,0.61857
6.5119,0.53534
6.5459,0.53568
5.0314,0.62188
5.0072,0.62939
5.0091,0.62691
5.2435,0.61117
5.0379,0.62687
4.4917,0.65273
4.8388,0.63265
8.5313,0.51266
7.0091,0.55092
6.429,0.572
6.4071,0.57541
7.1423,0.54613
6.9846,0.55714
6.2095,0.58103
6.724,0.56437
8.0566,0.53202
6.5638,0.57377
7.8866,0.53801
6.5158,0.57448
6.5528,0.57177
8.1137,0.52711
7.8334,0.53582
5.3091,0.61391
5.1524,0.62559
6.3513,0.58565
6.4609,0.57478
6.5829,0.57759
6.7389,0.56739
6.1344,0.5767
6.5165,0.58087
5.4066,0.61552
7.0057,0.53783
5.2045,0.62757
5.7995,0.61196
5.1156,0.62676
5.3027,0.60565
5.2536,0.62049
6.4941,0.57384
5.4968,0.61073
5.2925,0.62108
5.4426,0.6149
5.1535,0.63572
4.9888,0.65003
5.2515,0.63123
5.2647,0.63228
6.2237,0.59127
7.9298,0.53974
5.5695,0.62077
6.109,0.59046
5.9315,0.60193
5.0657,0.63372
5.1953,0.62886
5.2351,0.63185
6.099,0.59783
5.3808,0.62208
5.247,0.62817
5.3718,0.62139
6.3917,0.58691
5.6937,0.61309
5.588,0.61393
5.2639,0.6322
5.1341,0.63489
6.5058,0.58618
6.789,0.57564
5.1769,0.63827
6.7028,0.57956
5.363,0.62547
5.2783,0.63185
5.043,0.64385
5.3013,0.63057
5.1877,0.63679
5.0152,0.65491
5.1818,0.6418
5.4703,0.62513
5.4049,0.62765
5.2078,0.63658
5.2228,0.63759
5.4375,0.62256
5.683,0.62404
5.0259,0.64568
5.2995,0.6327
5.4028,0.62561
6.0269,0.60662
5.5195,0.62177
5.919,0.60478
5.6529,0.62444
5.1229,0.64591
5.9536,0.60818
5.9599,0.61239
5.3478,0.63632
5.1181,0.64145
6.2111,0.59634
5.4693,0.62367
5.8943,0.61854
5.2897,0.64132
5.1806,0.64657
5.3357,0.6367
6.2419,0.60497
6.5974,0.58576
5.8228,0.62404
6.2338,0.60388
6.3198,0.59928
6.5898,0.56827
5.4818,0.62537
5.4407,0.63146
5.8589,0.619
5.9254,0.60778
5.3151,0.63285
4.9225,0.65439
5.6437,0.62596
5.5742,0.62682
5.8506,0.61997
5.8718,0.61348
5.559,0.63329
5.7515,0.62597
5.3985,0.64196
5.3566,0.64181
5.3189,0.64162
5.236,0.64021
5.3467,0.63749
8.8755,0.52496
5.3196,0.64115
5.3879,0.6391
5.8734,0.62107
5.492,0.63522
5.9953,0.60802
5.8053,0.62122
5.783,0.62641
5.8035,0.6256
6.1898,0.60719
6.2854,0.61113
6.9739,0.57213
6.9461,0.58121
6.8219,0.58779
6.4631,0.59796
6.1637,0.61106
6.0402,0.61961
5.804,0.62443
5.9209,0.61856
6.0355,0.61361
5.9143,0.61764
6.0425,0.61293
5.6249,0.6382
5.1769,0.65033
8.1657,0.55273
6.7378,0.59171
6.2206,0.59359
6.1157,0.61379
5.8865,0.62574
5.9188,0.61968
5.8794,0.62179
5.6127,0.63183
6.0176,0.6137
7.4009,0.55256
7.8394,0.52738
6.6221,0.59439
5.7153,0.6236
8.8591,0.53164
5.8,0.62925
5.602,0.6432
5.6287,0.64145
5.8843,0.62862
6.0623,0.62075
6.1864,0.61077
7.0346,0.5804
5.9703,0.63071
5.9217,0.64096
6.1814,0.62805
6.0215,0.63187
6.9722,0.58251
5.9232,0.63966
5.8217,0.63723
6.051,0.63271
6.2587,0.62451
6.98,0.59099
7.5725,0.56889
6.7355,0.60245
6.7765,0.59858
5.9397,0.6121
10.1,0.47157
7.4061,0.58493
6.561,0.60711
8.1031,0.55969
6.5907,0.59662
6.5563,0.5998
6.7457,0.59834
7.923,0.56035
7.5718,0.55389
7.8962,0.54076
6.987,0.5915
6.6428,0.60612
6.8947,0.59595
6.6036,0.60635
6.6346,0.60699
7.0083,0.59349
7.4007,0.57388
7.3727,0.57409
6.9292,0.5992
9.0083,0.50089
7.366,0.57845
7.0089,0.58251
7.6229,0.57147
9.5318,0.4908
8.4955,0.53439
8.2649,0.55248
7.7827,0.56723
7.099,0.58272
8.6637,0.51594
8.2406,0.52867
6.7355,0.60502
7.0071,0.59597
6.2686,0.62244
6.544,0.61185
9.7508,0.46948
7.8914,0.56055
7.3788,0.58075
7.5402,0.57683
7.6253,0.5733
8.1491,0.53472
8.3713,0.53004
7.7447,0.5695
7.6088,0.56539
7.4503,0.57248
7.2175,0.58008
6.6765,0.60811
6.7608,0.60496
7.4055,0.58385
7.2353,0.59237
8.9358,0.5099
8.1856,0.52162
8.2078,0.53715
7.7609,0.56183
7.7178,0.57325
7.6237,0.57376
8.6083,0.52231
7.7766,0.56059
8.0124,0.55667
7.7253,0.57123
6.9881,0.60017
7.2546,0.58961
7.4045,0.58674
7.4538,0.58223
7.16,0.59437
6.6813,0.61455
8.7027,0.52626
7.2213,0.5892
6.7465,0.60679
7.4054,0.58327
7.346,0.58645
7.2841,0.58583
9.9994,0.48592
7.2717,0.59051
7.5643,0.58061
7.7063,0.56394
8.2689,0.55512
7.115,0.60045
7.0976,0.60156
7.3181,0.59042
8.2517,0.54424
7.3058,0.59168
7.2959,0.59087
6.808,0.60888
10.029,0.47471
10.153,0.47193
7.2223,0.59375
8.526,0.54983
8.0042,0.56077
8.8971,0.51398
10.19,0.47001
7.8478,0.57231
7.6346,0.57729
8.1532,0.55541
9.8148,0.4811
8.216,0.54508
8.4856,0.51136
8.0034,0.54528
7.733,0.57988
7.555,0.5818
7.3009,0.59475
8.9546,0.52322
7.9896,0.56283
8.0472,0.56179
7.4306,0.59276
7.3032,0.59699
8.1084,0.56447
8.0488,0.56695
7.9094,0.57386
9.8389,0.4816
7.6894,0.58282
7.829,0.57015
7.7841,0.57582
7.6283,0.58568
8.5512,0.54064
7.666,0.58415
7.0592,0.60389
7.4548,0.58963
8.9254,0.52142
7.9028,0.57341
7.9679,0.56732
9.8919,0.50516
7.7547,0.5778
7.1612,0.60391
7.8644,0.58488
7.5491,0.58788
7.2563,0.59917
8.8273,0.52968
7.8882,0.5711
8.0943,0.5741
8.4034,0.5629
7.602,0.58472
8.0488,0.56964
9.9478,0.48398
8.1743,0.56888
8.0534,0.57108
8.5894,0.54849
11.329,0.43361
8.5995,0.54363
7.5119,0.58905
7.405,0.58684
7.1821,0.59979
8.8358,0.52691
8.7663,0.51776
11.725,0.41568
8.2705,0.56392
8.1838,0.56647
7.9741,0.57157
8.3651,0.55919
9.0603,0.53648
7.9502,0.57114
7.7923,0.57972
7.6633,0.58436
7.9978,0.57575
9.9507,0.48429
7.714,0.58351
8.6593,0.54715
8.3783,0.5563
9.7946,0.48995
9.5932,0.49982
7.7188,0.58317
7.2295,0.603
7.3231,0.60125
8.3598,0.54508
11.226,0.44854
6.9874,0.61141
7.2632,0.60501
8.4051,0.56622
7.1698,0.59673
7.5007,0.5842
7.6015,0.58542
9.2224,0.51878
8.353,0.55215
7.605,0.59001
7.7879,0.57805
7.38,0.59313
8.9219,0.52229
8.2298,0.55585
7.3592,0.6034
7.2293,0.59797
9.2161,0.52896
9.2668,0.53125
8.591,0.55396
8.0664,0.57535
7.6704,0.58733
7.6212,0.58964
7.7738,0.58512
9.4356,0.50439
7.2594,0.60243
6.7651,0.62305
8.117,0.56627
9.0751,0.53339
9.2787,0.53692
7.1226,0.61505
7.219,0.60836
7.6898,0.59008
9.6821,0.49952
9.5558,0.50735
7.4259,0.59406
7.2531,0.59924
7.0089,0.61451
11.339,0.43828
8.6081,0.55979
8.8385,0.55042
8.2255,0.56747
8.1792,0.56056
9.8476,0.48917
10.497,0.47405
7.8209,0.57965
7.9148,0.58233
8.2234,0.57296
8.7235,0.54358
7.4058,0.60211
8.3063,0.55706
7.8809,0.58462
7.5158,0.59752
8.0342,0.57625
10.159,0.49133
8.9127,0.54513
7.858,0.58618
9.0244,0.52972
9.0922,0.53563
8.6007,0.54927
8.2403,0.57497
8.9857,0.54175
10.081,0.49576
8.9825,0.53569
7.0356,0.61725
8.2222,0.5743
8.3945,0.56038
9.3258,0.5223
8.8919,0.53012
8.1105,0.57409
7.8941,0.58424
7.335,0.60951
9.1016,0.53274
10.316,0.48269
7.1827,0.61744
7.0432,0.62379
7.4559,0.60169
6.9516,0.62194
9.4618,0.51423
9.1413,0.52009
7.449,0.60718
7.7774,0.59192
7.6451,0.59371
7.6213,0.59258
7.622,0.59131
7.4468,0.60135
7.5292,0.59914
7.4052,0.60237
9.4059,0.51328
10.825,0.46302
7.6491,0.5977
7.6601,0.59142
6.8434,0.62521
7.4166,0.60203
9.3435,0.51005
9.5331,0.51156
8.1155,0.57501
7.9926,0.5867
7.792,0.59053
7.6728,0.59052
7.7785,0.59164
8.1351,0.57869
8.1624,0.57474
7.2805,0.61473
7.6812,0.59579
7.3965,0.60465
9.7515,0.50918
7.0773,0.62195
7.7686,0.59484
7.8079,0.58536
7.5187,0.60208
7.7759,0.59578
7.626,0.59304
7.4655,0.60581
11.585,0.45169
7.6056,0.59966
8.0106,0.58181
7.9298,0.59004
7.5893,0.60176
10.452,0.48041
8.1331,0.58182
7.9748,0.58237
9.0064,0.53782
9.7689,0.51434
11.322,0.4576
8.7809,0.55786
9.1543,0.54784
8.9675,0.54414
9.899,0.49972
8.777,0.54131
11.176,0.46204
8.6165,0.56656
8.4573,0.5724
7.8006,0.59355
8.6741,0.56163
8.3246,0.56582
8.4785,0.56307
8.7429,0.55871
8.4186,0.57202
7.7754,0.59855
8.1546,0.58387
9.8355,0.50456
7.9863,0.59079
7.5211,0.608
8.0434,0.58686
7.881,0.59216
10.552,0.48755
8.535,0.57085
8.4202,0.57568
8.9435,0.54657
9.5061,0.51742
8.0595,0.58907
7.641,0.6035
7.5852,0.60492
7.6464,0.60124
10.484,0.49094
8.592,0.55989
10.624,0.4982
7.9636,0.58594
8.581,0.57074
8.0539,0.58676
9.3765,0.52787
7.3246,0.61694
