9.0421,0.94048
11.056,0.84768
8.7726,0.94345
9.579,0.92774
10.541,0.86812
9.2911,0.92958
10.623,0.8761
10.396,0.89056
10.461,0.88706
10.113,0.89254
10.392,0.87759
10.437,0.87966
10.61,0.85607
11.338,0.82907
13.569,0.75082
11.123,0.84102
10.301,0.87647
11.198,0.83832
10.356,0.87153
10.022,0.88719
9.7516,0.89739
9.0001,0.93659
11.401,0.83012
8.9188,0.94237
9.9822,0.89326
7.0126,1.0304
8.916,0.94353
9.2872,0.94858
8.671,0.98231
8.3791,0.96711
9.3241,0.94349
7.5687,1.0241
8.1368,0.99138
7.0114,1.0546
8.033,0.98804
8.5233,0.97263
7.9462,1.0091
6.8441,1.0777
7.6034,1.0283
7.6475,1.0288
8.5703,0.97384
7.81,1.0271
7.8462,1.0132
7.7982,1.0171
6.2121,1.1239
9.6118,0.91407
8.6687,0.96947
8.675,0.96193
7.9836,1.004
7.2212,1.0541
8.1468,1.0005
8.3437,0.98757
8.5186,0.97897
11.997,0.81304
7.1424,1.055
8.5036,0.97406
8.6374,0.96753
6.8205,1.0686
7.7321,1.0152
6.8588,1.069
7.556,1.0229
4.081,1.2286
6.4161,1.0377
6.8975,1.0542
8.0823,0.98248
9.5152,0.90226
10.107,0.88053
7.5294,1.0211
8.2435,0.96985
7.5122,1.0129
6.0625,1.1121
7.6858,0.99737
6.4351,1.0555
3.9219,1.3138
4.6845,1.2106
5.3329,1.1401
5.6065,1.1342
10.827,0.82215
4.2624,1.2398
5.9295,1.1048
7.2614,1.0121
4.1341,1.2687
5.5581,1.126
4.4515,1.2155
3.949,1.2038
6.62,1.0473
4.5619,1.1943
4.1139,1.2404
6.8615,1.0041
3.7336,1.2794
5.0121,1.1415
4.326,1.2121
4.0992,1.2212
5.9611,1.072
6.0367,1.0514
5.4174,1.1059
2.5621,1.3665
3.5578,1.2862
3.9922,1.2413
8.0276,0.93011
3.4271,1.2425
3.9302,1.2374
3.9978,1.214
3.5007,1.2748
3.0823,1.278
3.934,1.2179
4.0343,1.2038
5.4211,1.0701
3.8348,1.2375
3.3103,1.2823
3.8097,1.2171
4.9748,1.1158
4.727,1.1181
5.2964,1.0775
7.4635,0.92694
5.5867,1.0486
4.5773,1.152
6.1906,1.0066
5.6882,1.0422
6.3815,0.98947
4.3334,1.1419
5.791,1.0098
6.8027,0.94413
6.0774,0.9909
6.2547,0.99258
4.8404,1.085
6.1649,0.98253
4.2082,1.1547
5.9683,0.99963
4.9572,1.0603
4.7906,1.0776
4.8035,1.0783
4.0791,1.1712
6.3501,0.98326
4.7989,1.1103
5.1405,1.0588
5.0477,1.0615
5.8713,1.0032
5.021,1.0515
5.5578,1.0238
5.4804,1.0299
4.7664,1.0825
6.5156,0.95592
4.5992,1.0923
4.8342,1.0517
3.8812,1.1402
4.3078,1.0958
3.6438,1.1885
3.46,1.1852
3.1751,1.2196
4.1588,1.114
4.2861,1.098
4.0532,1.1198
3.7387,1.1469
3.8137,1.142
3.4789,1.1845
5.2804,1.0062
4.8838,1.0329
4.7305,1.0354
5.239,1.0103
5.0015,1.0196
4.5613,1.0633
4.3708,1.0694
4.9104,1.0382
5.4924,0.98643
4.7147,1.0469
3.89,1.113
3.7853,1.1254
4.5849,1.0471
3.3626,1.1687
3.6815,1.1314
4.0037,1.0973
4.0037,1.0901
3.7026,1.1227
3.5021,1.1341
3.9922,1.0804
3.8905,1.0892
3.532,1.1296
3.0709,1.1748
3.0438,1.1802
4.3189,1.0629
2.9277,1.2133
3.3095,1.1638
3.3956,1.1446
2.9376,1.1992
3.4076,1.1417
3.6647,1.1137
3.4345,1.1366
3.4109,1.1331
3.0979,1.1665
3.2663,1.146
3.8435,1.0829
3.3525,1.1221
4.1703,1.0488
3.8217,1.0746
3.3925,1.1191
3.0167,1.1643
3.7766,1.0765
3.2898,1.1368
3.0201,1.1651
3.6957,1.0882
3.1858,1.1402
3.4334,1.1099
3.7984,1.0715
4.1579,1.0452
3.1486,1.1354
3.4806,1.1074
3.6086,1.0916
3.1592,1.1373
3.5932,1.0876
3.5446,1.0933
3.2313,1.1301
3.4337,1.0933
3.4767,1.0991
3.4703,1.0923
4.0049,1.0463
3.8675,1.0625
3.0315,1.1476
3.9387,1.0551
3.7583,1.0703
3.363,1.1101
3.4367,1.1023
3.6959,1.0678
3.783,1.058
3.393,1.1003
3.5732,1.0846
3.5963,1.0816
3.5167,1.0927
3.2423,1.1171
3.6735,1.0771
3.6236,1.0792
3.8235,1.0603
3.2999,1.1124
3.4039,1.094
3.1906,1.1191
3.2627,1.1041
3.1627,1.1137
3.414,1.0962
3.1672,1.1188
3.2547,1.1016
3.6599,1.0714
3.5198,1.0854
3.6806,1.064
3.5995,1.0738
3.3524,1.0934
2.9641,1.1307
3.3294,1.0898
3.2817,1.0971
3.1578,1.1112
3.6103,1.065
3.265,1.0931
3.6303,1.057
3.1976,1.1074
3.3525,1.087
3.1082,1.1105
3.5315,1.0648
3.5691,1.059
3.5936,1.0635
3.3777,1.0748
3.1991,1.0971
3.3984,1.0703
3.3263,1.0771
3.6075,1.044
3.1552,1.0831
3.6801,1.0316
4.1785,0.99026
3.5057,1.047
3.6485,1.0369
3.3553,1.0625
3.4042,1.0595
3.3866,1.0607
3.3087,1.0688
3.2095,1.0799
3.3827,1.0628
3.2496,1.0757
3.43,1.0574
3.3419,1.0637
3.472,1.0541
3.3008,1.0687
3.5846,1.0469
3.6694,1.0333
3.5963,1.0428
3.6157,1.0389
3.9439,1.0091
3.4616,1.0519
3.4852,1.0488
3.5434,1.0445
3.4688,1.0502
3.4131,1.0575
3.6266,1.0346
3.711,1.0267
3.4888,1.0481
3.4411,1.0529
3.8186,1.0156
3.4864,1.0478
3.5382,1.0431
3.1303,1.082
3.3848,1.0539
3.1722,1.0744
3.3555,1.056
3.3905,1.0533
3.7153,1.0173
3.3761,1.0509
3.438,1.044
3.5085,1.0422
3.7316,1.0173
3.5946,1.0324
3.5178,1.041
3.5689,1.0322
3.7845,1.0141
3.2822,1.0561
3.4353,1.0414
3.5589,1.037
3.8124,1.0144
4.0175,0.99739
3.5631,1.0408
3.5513,1.0352
3.8485,1.0113
3.8558,1.0075
3.4623,1.0407
3.5893,1.0334
3.3685,1.049
3.8535,1.0101
3.7657,1.0161
3.4058,1.0425
3.5526,1.0317
3.8214,1.0024
3.4725,1.0411
3.6506,1.0223
3.4277,1.0403
3.2288,1.057
3.46,1.0422
3.2321,1.059
3.4261,1.0411
3.481,1.0378
3.5915,1.0241
3.6431,1.0199
3.584,1.0259
3.4511,1.0362
3.6321,1.0206
3.6926,1.0166
3.7579,1.0118
3.5168,1.0321
3.3861,1.042
3.5596,1.0227
3.5119,1.0305
4.0392,0.98619
4.0715,0.98191
3.8707,0.99835
4.0416,0.98086
3.7441,1.0086
3.5796,1.0235
4.0343,0.98677
3.6707,1.0175
3.4945,1.0341
3.4927,1.0328
3.6094,1.0211
3.5623,1.0241
3.5222,1.0298
3.6972,1.0116
3.9839,0.98837
3.8115,0.99547
3.4313,1.0312
3.9323,0.98637
3.3797,1.0354
3.8391,0.99698
4.1202,0.97171
3.8057,1.0019
3.7157,1.0069
3.8962,0.99088
3.5316,1.0234
3.8576,0.99351
4.3572,0.95243
4.3462,0.95587
4.2572,0.95897
4.272,0.96078
4.1856,0.96772
4.2085,0.96248
3.8309,0.99676
3.7318,1.0061
3.8469,0.99714
3.6229,1.0152
3.7683,0.99748
3.5807,1.0206
3.5266,1.0222
3.7398,1.0021
3.7956,1.0003
3.9071,0.9935
3.915,0.98952
3.8179,0.99895
3.7537,1.0043
3.5676,1.0218
3.9142,0.98742
3.6104,1.0165
3.8794,0.99361
3.8757,0.99176
3.6175,1.0128
3.5649,1.0177
3.7221,1.0039
3.9079,0.98541
3.6657,1.009
3.8955,0.99128
4.7612,0.91994
3.8489,0.99555
3.976,0.98279
4.0514,0.97755
3.9415,0.98654
4.5196,0.94066
3.5503,1.0262
3.8258,0.99978
3.7099,1.0091
3.9583,0.98841
3.8112,0.99682
4.5093,0.94127
4.6338,0.93195
3.8971,0.98999
3.6879,1.0082
3.6328,1.0107
3.8425,0.99456
4.065,0.97553
4.0017,0.98348
3.8569,0.99456
3.9449,0.98981
3.849,0.99525
3.7778,0.99539
3.7265,1.0044
3.6804,1.0073
3.7583,1.0011
3.5634,1.0184
3.8367,0.99416
3.8382,0.9935
3.8371,0.99699
3.6922,1.0064
3.6409,1.0104
4.1515,0.96922
4.0593,0.97666
3.8086,0.99846
3.9053,0.98783
3.8112,0.99857
3.8895,0.99175
3.9449,0.98746
3.7139,1.0079
3.7442,1.0038
3.7866,1.0015
3.8235,0.99798
3.909,0.9891
3.6726,1.0111
3.9268,0.98866
3.8564,0.99054
3.8235,0.99748
3.8007,0.99548
3.8496,0.99183
3.7794,0.9979
3.6619,1.0089
4.0623,0.976
3.7628,1.0011
4.2424,0.96172
4.3026,0.95709
3.8725,0.99274
3.6167,1.0146
4.0397,0.97821
3.8079,0.99513
3.7356,1.004
3.6923,1.0067
3.6383,1.0129
3.673,1.0078
3.9314,0.98422
4.1593,0.97117
4.0199,0.97852
3.7766,0.99933
3.8301,0.99783
3.7047,1.0061
3.8049,1.0006
3.9384,0.98946
3.8417,0.99492
3.6994,1.0063
3.757,1.0015
3.9973,0.98229
3.6645,1.011
3.8273,0.9962
4.0088,0.98105
3.8706,0.99126
3.7153,1.0025
4.0354,0.97876
3.7683,0.99814
3.945,0.9836
3.801,0.99928
3.7089,1.0066
3.9925,0.98199
3.8075,0.99433
3.9855,0.98363
3.7833,0.99564
3.8896,0.99017
3.7064,1.0061
3.6141,1.0146
3.5995,1.0143
3.7594,1.0028
3.5597,1.0192
3.6663,1.0086
3.6865,1.0097
3.9034,0.98968
3.6404,1.012
3.9339,0.98904
3.8566,0.99543
3.7562,1.0034
3.7501,1.0034
3.7095,1.0066
4.028,0.97977
3.9294,0.98789
4.0373,0.98123
4.1149,0.97342
3.7795,1.0013
4.0625,0.97732
3.9027,0.99039
4.1414,0.96816
4.0003,0.97974
3.8051,0.99712
3.6367,1.0119
3.7265,1.0045
3.6009,1.0156
3.6778,1.009
3.8577,0.99315
3.6971,1.0071
3.693,1.0082
3.5935,1.018
3.7888,0.99601
3.714,1.0065
3.5789,1.0152
3.5368,1.0162
3.954,0.98213
3.7425,0.99685
3.6781,1.0039
3.7283,1.004
3.7953,0.99977
3.7719,0.9966
3.8184,0.99482
3.6392,1.0095
4.1559,0.96676
3.7482,0.99839
3.8455,0.99312
4.187,0.96534
4.0475,0.97771
3.9563,0.9831
3.5458,1.0108
3.7833,0.9965
3.8945,0.98559
3.7702,0.99752
3.6302,1.0079
3.7174,1.0025
3.8931,0.98387
4.0511,0.97569
3.7138,1.0014
3.6356,1.0107
3.9125,0.97882
3.496,1.0232
3.565,1.0152
3.7012,1.0025
3.8308,0.98998
3.6072,1.0064
3.8247,0.99082
3.7918,0.9944
3.9511,0.98367
3.692,1.0025
3.9726,0.98309
3.8223,0.99285
3.9508,0.98408
3.9051,0.98747
3.7244,1.0006
3.7602,0.9992
3.9882,0.97819
3.7884,0.99474
4.0257,0.97432
3.9822,0.97697
3.7596,0.99596
3.9097,0.98543
4.215,0.95939
3.5545,1.0118
3.6478,1.009
3.8107,0.99704
4.1841,0.96215
4.1697,0.96687
3.9977,0.97607
4.2478,0.95526
3.8918,0.9832
3.9156,0.98177
4.073,0.9691
4.4311,0.94035
3.9853,0.97573
4.5789,0.93286
4.4523,0.94276
4.0055,0.97561
3.8082,0.98934
4.1343,0.966
4.2166,0.95768
3.998,0.97344
3.8659,0.98649
4.0866,0.96873
4.2114,0.95852
3.9871,0.97527
4.0642,0.96969
3.7116,0.99806
3.8252,0.98999
3.9576,0.97542
3.989,0.97552
3.9355,0.97765
3.9656,0.97609
4.1428,0.96398
3.9566,0.97854
4.059,0.96981
4.1352,0.96405
3.8607,0.9863
4.5124,0.93392
4.4963,0.93653
4.016,0.97352
3.9595,0.97771
3.6638,1.0029
3.9672,0.97561
3.8484,0.98571
4.0842,0.96651
3.8269,0.99061
3.919,0.98073
3.964,0.97856
3.8916,0.98234
4.0289,0.97609
4.7593,0.9177
4.3835,0.94646
4.163,0.96149
4.0184,0.97385
4.1799,0.96311
4.3283,0.94883
3.7298,0.99906
4.1498,0.96519
4.1634,0.96274
4.4375,0.94102
4.2097,0.95599
4.2016,0.9606
4.6591,0.92379
4.198,0.95795
4.6969,0.92346
4.3843,0.94379
4.1793,0.95895
4.3269,0.9465
4.1743,0.96134
4.2328,0.95477
4.5766,0.92825
4.1622,0.96286
3.9968,0.97776
4.4864,0.93836
4.1788,0.96138
4.3097,0.95001
4.2543,0.95515
4.5218,0.9354
4.2714,0.95412
4.5903,0.93053
4.2376,0.95871
4.2328,0.95654
4.2753,0.95508
4.109,0.96879
3.9119,0.9852
4.1894,0.96353
0.62887,1.4149
4.243,0.95816
4.1051,0.96475
4.8102,0.91459
4.5583,0.93364
4.7951,0.91711
4.6638,0.92481
4.4976,0.93862
4.3487,0.94777
4.5094,0.93743
4.0592,0.97422
3.8621,0.99039
4.0496,0.97528
4.0784,0.97359
4.1468,0.96728
4.1636,0.96655
4.0177,0.97669
3.9549,0.98009
4.3754,0.94772
4.1543,0.96046
4.0453,0.97188
4.1557,0.96532
4.1329,0.9681
4.3951,0.94287
4.0088,0.97996
4.0444,0.97116
4.1989,0.96052
4.5033,0.93877
4.253,0.95681
4.2008,0.96046
4.3393,0.94967
4.4263,0.94644
4.2612,0.9587
4.5307,0.94015
4.5812,0.93254
4.6176,0.93256
3.8924,0.98325
3.8155,0.98907
3.7495,0.9955
4.145,0.96128
4.0766,0.96953
3.7034,0.99373
3.8959,0.98397
3.942,0.97965
4.0857,0.96803
3.9194,0.98311
3.7509,0.99565
4.008,0.97287
3.7943,0.99306
3.8336,0.98952
3.9394,0.98374
3.788,0.99398
3.688,1.004
3.8273,0.99096
4.1091,0.96765
3.785,0.99392
3.983,0.97878
3.9664,0.98091
4.0623,0.96916
3.9494,0.97904
3.9957,0.97635
3.8204,0.9899
3.86,0.98746
3.8358,0.98918
3.7896,0.99247
4.0109,0.97719
3.7381,0.99555
4.1766,0.96201
3.8886,0.98479
3.7044,1.0016
3.8756,0.98821
3.906,0.9859
4.2168,0.96097
4.0529,0.97414
4.175,0.96343
3.9077,0.98531
3.9989,0.97842
3.9437,0.98413
3.8974,0.98632
3.9462,0.98251
4.0944,0.97054
4.0192,0.97722
3.7331,0.99951
4.0356,0.97623
3.8012,0.99527
3.977,0.98154
3.9246,0.98543
4.1428,0.96901
4.1851,0.96604
3.9272,0.98533
4.0279,0.97799
3.903,0.98599
4.0359,0.97447
4.4078,0.9474
3.9296,0.98285
3.9128,0.98445
4.1254,0.96808
3.9687,0.97848
4.186,0.9587
4.0966,0.96936
3.954,0.98116
3.6826,1.0039
3.9647,0.98177
4.0633,0.97082
4.3083,0.95215
4.1326,0.96906
4.0279,0.97261
4.0413,0.97395
4.0698,0.97184
4.0846,0.96794
4.1905,0.95824
4.0278,0.96923
4.177,0.9605
3.7969,0.99125
3.8378,0.9877
3.6492,1.0047
4.2614,0.95756
3.8609,0.98776
4.1046,0.96629
3.9446,0.9764
3.8453,0.98418
4.386,0.94868
4.1802,0.96488
4.0548,0.97546
3.9084,0.9855
4.1466,0.96529
3.9758,0.97784
3.8973,0.98379
3.868,0.98555
4.124,0.96513
4,0.97809
3.9944,0.97705
3.9715,0.97658
3.633,1.0063
3.8593,0.98805
3.7127,0.99661
4.1245,0.96351
3.9144,0.98117
4.0803,0.97125
3.9159,0.98162
4.189,0.96047
4.2568,0.95537
3.99,0.97577
4.0693,0.96789
4.0582,0.96828
4.1661,0.96063
4.0689,0.96736
4.174,0.96189
4.1722,0.96201
4.0439,0.97121
3.7972,0.99065
4.2021,0.95936
4.0013,0.97385
3.8906,0.98288
3.8961,0.98405
4.149,0.9591
3.9313,0.98095
3.9629,0.97696
4.1772,0.96151
4.1347,0.96239
4.2991,0.95097
3.9692,0.97487
4.3305,0.94742
4.3335,0.94508
4.4853,0.93616
4.6251,0.92714
4.1667,0.95968
4.2977,0.94638
4.5367,0.93191
4.4322,0.93951
4.3374,0.94771
4.4002,0.94279
4.2338,0.95606
4.0169,0.97151
4.2965,0.95029
3.8987,0.98365
4.2344,0.95672
3.9362,0.97993
4.6453,0.92508
4.2653,0.95292
4.728,0.91941
4.7998,0.91115
4.3884,0.94336
4.4271,0.94112
4.502,0.93493
4.2858,0.9504
4.6787,0.92312
4.9388,0.90397
4.5809,0.92843
4.3829,0.94623
4.3966,0.94174
4.4544,0.93658
4.0527,0.96999
4.6993,0.92132
4.706,0.92147
4.3149,0.94802
4.3617,0.94608
4.0995,0.96483
4.2003,0.95799
4.0265,0.97412
4.3296,0.94807
4.7854,0.91486
5.0146,0.90159
4.8313,0.91273
4.1432,0.95983
4.4676,0.9372
4.1637,0.95819
4.2823,0.94888
4.275,0.95135
4.2881,0.94829
4.2066,0.95625
4.2454,0.95227
4.1996,0.96112
3.9158,0.97757
4.4051,0.94256
4.2531,0.95156
4.5383,0.93115
4.4014,0.94326
4.5023,0.93664
4.2837,0.95111
4.4559,0.93645
4.648,0.92134
4.5401,0.93181
4.4487,0.94007
4.6252,0.92709
4.0879,0.96819
4.4434,0.93945
4.4336,0.94174
4.1251,0.96557
4.0371,0.97456
4.1147,0.96732
4.4303,0.94136
4.4217,0.94461
4.5371,0.93533
4.2561,0.95256
4.6089,0.92926
4.2451,0.9537
4.1826,0.96114
4.4159,0.94303
4.0553,0.97215
3.8464,0.98733
3.9025,0.98417
3.7341,0.99867
3.8649,0.98922
3.825,0.99012
3.98,0.97696
3.9915,0.97376
4.1158,0.96398
4.1331,0.9639
4.0676,0.9707
4.4365,0.94056
4.5194,0.93298
4.4325,0.94132
4.181,0.96033
3.9779,0.97965
3.966,0.97786
3.9466,0.98036
3.8477,0.98832
4.1456,0.96374
4.2925,0.9502
3.9603,0.98018
3.9229,0.98031
3.9931,0.97724
3.7714,0.99151
3.9764,0.97368
3.8888,0.98435
3.9531,0.97681
3.7996,0.98861
3.918,0.98193
3.8946,0.98001
4.2286,0.9561
3.853,0.98631
4.2995,0.95408
3.8572,0.98658
3.9467,0.97993
3.9516,0.9799
4.1082,0.96641
4.0366,0.97181
4.0704,0.96838
4.3677,0.9458
4.3906,0.94318
3.9568,0.97906
4.2525,0.95517
4.1703,0.96088
4.3005,0.95
3.9366,0.97985
4.1445,0.96374
4.0826,0.96993
4.3246,0.95428
4.1107,0.96729
4.1755,0.96167
4.1159,0.9655
4.1206,0.96756
3.9828,0.97812
3.9836,0.97784
4.0048,0.97669
4.0009,0.97641
4.1108,0.96792
4.1129,0.96729
4.2376,0.95839
3.7695,0.99507
4.1625,0.96125
3.9324,0.98051
4.1314,0.96363
3.9746,0.97694
3.8758,0.98603
4.0658,0.96788
4.1225,0.96296
4.0849,0.96612
3.7626,0.99415
3.9876,0.97708
4.0747,0.96898
4.2008,0.95881
4.0413,0.96953
3.9114,0.98327
4.0519,0.9716
3.9228,0.98323
3.8786,0.98462
3.8007,0.99055
4.0012,0.97573
3.8618,0.98502
3.9829,0.97422
3.9754,0.97443
3.8789,0.98698
4.0942,0.9684
3.8379,0.98875
3.953,0.98119
3.8846,0.98638
4.036,0.9742
3.82,0.98981
3.9916,0.97588
3.9743,0.97881
3.9719,0.97698
4.1051,0.96572
4.0321,0.97105
4.0318,0.97183
3.7171,1.0013
3.5904,1.0104
3.8785,0.98294
3.8475,0.98741
4.1142,0.96737
3.9761,0.97743
4.0866,0.9686
4.0404,0.97507
4.0673,0.97183
4.1151,0.96901
3.9992,0.97391
4.0302,0.97444
3.5617,1.0079
3.9215,0.98027
3.8413,0.98909
4.0683,0.97098
4.095,0.9687
4.3837,0.94473
4.105,0.96803
4.3496,0.95022
4.1003,0.9689
4.0921,0.96822
4.0838,0.96939
3.8424,0.98567
4.2749,0.95588
4.0841,0.96921
3.9289,0.9804
4.1221,0.9641
3.8969,0.98281
4.2682,0.9533
4.1387,0.96178
3.9938,0.97018
3.8688,0.98373
4.1261,0.96093
4.0793,0.96322
4.1291,0.96425
3.9293,0.98047
3.9084,0.98097
3.8272,0.99021
3.893,0.98516
3.9084,0.98366
3.8375,0.98849
4.2375,0.95472
4.2012,0.96007
4.0199,0.97193
4.001,0.97324
3.8929,0.98199
4.228,0.95817
3.8148,0.98741
3.7025,0.99884
4.0479,0.96565
3.7408,0.99205
3.9503,0.97596
3.6967,0.9967
3.7827,0.99082
4.1151,0.96234
3.6653,0.99959
4.1849,0.95691
3.9435,0.97432
4.191,0.95542
4.1953,0.95972
3.8859,0.98623
3.976,0.97706
4.0616,0.96792
3.7613,0.99337
4.2848,0.95305
4.4418,0.94109
3.8988,0.98281
3.7929,0.99162
4.3551,0.94732
3.8141,0.98854
3.9612,0.97568
4.5052,0.93373
4.2465,0.95234
4.2351,0.95167
4.0699,0.96482
4.3979,0.94209
4.5078,0.92714
4.6326,0.92283
4.0676,0.96555
4.487,0.9309
4.4824,0.93134
4.1241,0.95898
3.8271,0.98249
3.6607,1.0003
3.9716,0.97459
3.832,0.98604
3.9832,0.97273
3.9678,0.97437
4.0286,0.97078
3.8686,0.9839
3.9107,0.98033
4.0326,0.96993
3.9603,0.97616
3.9756,0.97264
4.0312,0.9722
4.0395,0.96717
4.0503,0.96656
4.0029,0.96922
3.7107,0.99349
4.1571,0.96104
4.0273,0.96788
3.9823,0.97196
4.137,0.95939
3.8984,0.97913
3.8881,0.98198
3.9715,0.97301
3.7766,0.99039
4.3591,0.94182
4.4691,0.9326
4.1294,0.96174
4.0016,0.97231
4.5488,0.92794
4.2134,0.95458
4.4891,0.93314
4.1446,0.95998
4.2564,0.94915
4.1304,0.96246
4.4415,0.93679
4.3653,0.94381
3.9304,0.97811
4.2273,0.95535
4.474,0.93721
4.3089,0.94884
3.8935,0.9812
4.4907,0.9328
4.1488,0.96248
4.4312,0.93548
4.5672,0.92712
4.3043,0.94697
4.371,0.94221
4.0546,0.96339
3.8166,0.98385
4.0316,0.9703
4.0989,0.96158
4.1982,0.95302
3.9957,0.97417
3.8517,0.98548
4.0693,0.96582
4.2359,0.95045
3.67,0.99998
3.6695,0.99897
3.9647,0.9722
4.0066,0.96966
4.0316,0.96701
3.9403,0.9734
4.2519,0.94867
4.0691,0.96195
4.0649,0.96568
3.9105,0.97657
3.943,0.97399
3.7471,0.98953
4.3115,0.9432
4.1027,0.96267
3.9717,0.97459
3.6219,1.002
4.5247,0.93126
3.9798,0.97497
4.3967,0.93769
4.3139,0.94833
3.9448,0.9771
4.0432,0.97039
4.3678,0.94448
4.289,0.94951
4.1972,0.95605
4.2633,0.95438
4.1658,0.95853
4.1145,0.96667
4.4244,0.94334
4.2679,0.95362
4.0638,0.96888
4.502,0.93544
4.4652,0.94069
4.3592,0.94425
4.2845,0.94923
4.4306,0.93927
4.0715,0.96885
4.2542,0.95049
4.0251,0.97298
4.0017,0.97484
4.3231,0.94862
3.9794,0.97746
3.9467,0.97839
3.9281,0.98021
3.8927,0.98208
4.0527,0.96863
3.8754,0.98299
4.1676,0.96034
3.9669,0.97628
3.7757,0.99037
3.907,0.98122
3.926,0.97932
4.4354,0.93816
4.4952,0.93535
4.6986,0.92053
4.2772,0.95261
4.4486,0.93833
4.5034,0.93668
4.3441,0.94654
4.031,0.97171
3.9758,0.97559
4.0705,0.96815
4.2155,0.95944
4.0612,0.96812
3.9704,0.97585
3.883,0.98267
3.8445,0.98561
3.7137,0.99867
4.0488,0.96948
3.941,0.97919
3.8965,0.98304
3.9728,0.97751
3.9614,0.98059
3.9313,0.98083
4.0221,0.97356
4.0244,0.97287
4.2328,0.9532
4.2677,0.95041
3.9035,0.98115
3.9983,0.97351
4.1403,0.96015
4.0568,0.96752
4.1766,0.96018
4.0985,0.96564
4.0449,0.96955
4.0017,0.97269
4.2418,0.95594
4.0212,0.97455
4.0689,0.96674
4.2374,0.95437
4.0768,0.96722
4.2321,0.95434
4.0491,0.9701
4.2227,0.95479
4.1661,0.95978
4.0677,0.96793
3.9744,0.97489
4.0815,0.96607
4.1091,0.96353
4.2802,0.94907
4.0992,0.96558
4.4515,0.93893
4.0919,0.96352
4.0443,0.97031
3.9642,0.97368
4.1103,0.96434
4.2367,0.95733
3.9932,0.97398
4.2438,0.95236
4.1849,0.95739
4.2466,0.95343
4.2577,0.95395
4.2333,0.95301
4.0773,0.96468
4.396,0.93935
4.1788,0.95683
4.1191,0.96121
4.0727,0.96489
4.0548,0.96606
4.092,0.9638
4.0048,0.96882
4.1106,0.95913
4.0495,0.9649
3.9431,0.97077
4.0187,0.96468
3.9546,0.96985
4.0934,0.96063
3.9714,0.96967
3.8829,0.97695
3.9866,0.96868
4.1033,0.95729
3.9836,0.96626
3.8764,0.97362
3.9206,0.97165
3.801,0.97875
4.1957,0.94865
3.9872,0.9621
3.9615,0.96729
3.9745,0.96448
4.0285,0.96091
3.896,0.971
3.8863,0.97128
3.9654,0.96772
4.1214,0.95483
4.1216,0.95319
3.673,0.98871
3.9234,0.96736
3.8359,0.97339
3.965,0.96196
4.0052,0.95795
4.067,0.95231
3.9295,0.96074
4.479,0.92148
4.2269,0.93964
4.2308,0.94018
3.9833,0.95116
4.4812,0.91896
4.2747,0.93327
3.8446,0.96368
3.9213,0.96066
4.2859,0.93046
4.4928,0.92299
4.3516,0.92964
4.2476,0.93635
4.2203,0.93405
4.5662,0.91088
4.5261,0.91308
4.2831,0.93051
4.4876,0.91658
4.2807,0.92781
4.6848,0.90295
4.726,0.90061
3.9272,0.95438
4.1504,0.93699
4.0292,0.94428
4.0459,0.94252
4.0278,0.94402
3.8058,0.96046
4.1089,0.93495
3.871,0.95419
3.9353,0.94666
3.972,0.9456
4.0861,0.93679
4.1094,0.93092
4.2484,0.92475
4.1769,0.92863
4.2066,0.92547
4.4069,0.90992
4.2387,0.92092
4.1498,0.92678
4.2359,0.91964
4.1769,0.92348
4.3634,0.91097
4.1794,0.92211
4.1739,0.92159
4.6308,0.89026
4.2411,0.91655
4.2928,0.91324
3.9077,0.93343
3.9806,0.93332
4.0635,0.92668
4.2609,0.91232
4.4216,0.90005
4.5582,0.8897
4.6587,0.88504
4.6562,0.88231
4.2689,0.90354
4.3068,0.90188
4.1535,0.91356
4.6324,0.88048
4.4428,0.89137
4.5716,0.88247
4.7632,0.86752
4.5056,0.88212
4.834,0.86119
4.4358,0.88475
4.2938,0.89172
4.3917,0.8856
4.296,0.89264
4.4401,0.88224
4.4929,0.87881
4.6379,0.86813
4.5916,0.87169
4.5422,0.8767
4.4849,0.87565
4.4511,0.87881
4.5058,0.87177
4.6793,0.86253
4.5237,0.87181
4.3207,0.87937
4.3711,0.88164
4.7913,0.85147
4.7241,0.85691
5.0124,0.83916
4.6685,0.85896
4.6213,0.86007
4.7377,0.85268
4.7505,0.85287
4.7502,0.85166
4.83,0.84247
4.6241,0.85677
4.903,0.83895
4.7607,0.84599
4.7303,0.84889
4.4386,0.86614
4.8474,0.83973
4.5142,0.85995
4.5052,0.85878
4.4386,0.86359
4.771,0.83986
4.7704,0.84087
4.9439,0.82773
4.9357,0.82626
5.1054,0.81472
4.7504,0.83501
4.7365,0.84027
4.7437,0.83746
4.4434,0.85621
4.3989,0.85477
4.5651,0.8453
4.6109,0.84355
4.6302,0.84114
4.6133,0.84149
4.6643,0.8374
4.6341,0.83725
4.6514,0.83749
4.6067,0.83771
4.3135,0.85728
4.4801,0.84321
4.5786,0.83866
4.4382,0.8466
4.3639,0.84983
4.3162,0.85063
4.4987,0.84093
4.6078,0.83268
4.481,0.8419
4.3689,0.84726
4.4727,0.83761
4.3852,0.84509
4.242,0.85412
4.6497,0.82555
4.7323,0.81954
4.3909,0.84182
4.2732,0.84484
4.7917,0.81007
5.074,0.78825
5.1736,0.78045
4.7659,0.79059
4.7517,0.79585
5.1162,0.77183
5.5188,0.7511
4.9694,0.77935
4.9104,0.78215
4.7029,0.79355
4.7021,0.79425
4.695,0.79652
4.6829,0.79902
4.8693,0.78823
4.7534,0.79639
4.8173,0.79211
4.9109,0.78825
4.7345,0.79814
4.7291,0.79653
4.5879,0.80229
4.6714,0.79488
4.774,0.79001
4.7929,0.7861
4.6218,0.79605
4.7854,0.78482
4.8196,0.78343
4.8344,0.78178
5.1019,0.76845
4.8777,0.77859
4.8189,0.78075
4.9501,0.77572
4.7053,0.79024
4.9469,0.77626
5.1199,0.76753
4.7839,0.78324
4.6456,0.79111
4.677,0.78858
4.8385,0.77987
4.8794,0.77811
4.7849,0.78347
4.7079,0.78464
4.9855,0.7716
4.7733,0.77869
4.8455,0.7745
4.83,0.77571
4.9047,0.77126
4.8425,0.77401
4.9198,0.76927
5.0741,0.76118
4.8074,0.77392
4.6349,0.78237
4.7153,0.7765
4.8011,0.76986
4.895,0.76868
4.6884,0.78014
5.0542,0.7599
4.7513,0.77621
4.89,0.76612
4.7728,0.77309
4.6846,0.7766
4.7354,0.77326
4.8732,0.76636
5.0165,0.7577
5.0122,0.75981
4.8061,0.76957
4.8372,0.76416
4.9704,0.76052
4.7759,0.76783
4.7273,0.76815
5.2036,0.74748
4.7987,0.76362
4.7136,0.76957
4.9769,0.7535
4.8401,0.75962
4.7461,0.76601
4.9103,0.75617
4.9221,0.75436
4.6442,0.76774
4.9741,0.7531
4.938,0.75347
5.1812,0.7389
5.2807,0.73813
4.9279,0.75255
5.0232,0.74915
5.3611,0.73263
4.9048,0.75445
5.3598,0.72921
5.2441,0.73698
4.9064,0.75318
5.1248,0.74127
4.889,0.75071
5.0102,0.74676
5.0558,0.74519
5.1242,0.74082
5.0796,0.74276
5.6161,0.71394
5.0923,0.73953
5.3178,0.72853
5.2059,0.73341
4.8829,0.74795
5.3097,0.72619
4.9302,0.74304
5.3268,0.72489
5.1973,0.73155
5.2937,0.72752
4.8569,0.74561
4.9926,0.73825
4.7968,0.74819
5.2313,0.72304
4.8815,0.74363
4.8462,0.74382
5.0044,0.73438
4.8453,0.74401
4.9218,0.73841
5.2224,0.72534
5.1223,0.72775
5.0329,0.73339
5.4004,0.71425
5.1145,0.72975
5.2501,0.72164
5.3508,0.71446
5.3999,0.71099
5.0993,0.72684
5.3929,0.71048
5.3028,0.71269
5.4601,0.70659
5.0191,0.72806
5.0662,0.72593
5.0929,0.72366
5.0819,0.72582
5.1261,0.72078
4.723,0.73934
4.7483,0.74255
5.2787,0.71282
5.5239,0.69904
4.8309,0.7354
4.6802,0.74177
5.0083,0.72588
4.6456,0.74408
4.6063,0.7457
5.3449,0.70736
5.0052,0.72318
4.7398,0.7381
5.3239,0.70712
4.6057,0.74307
5.1857,0.7131
5.1728,0.71457
4.7965,0.73059
4.8756,0.72775
5.0181,0.71776
5.378,0.70431
5.0705,0.7144
4.7758,0.72735
4.8376,0.72473
4.7719,0.72908
5.0841,0.714
5.0414,0.71415
4.8763,0.72393
4.9294,0.7212
4.91,0.71983
5.0825,0.71218
4.9288,0.7188
4.7898,0.72283
5.184,0.70534
4.2162,0.75004
4.0812,0.75719
4.6079,0.72511
5.3096,0.69808
6.0254,0.66435
5.6917,0.67835
5.3225,0.69697
5.0533,0.71052
5.0785,0.70685
5.1838,0.70161
5.2186,0.69876
5.0737,0.70587
4.939,0.7099
5.1069,0.70063
4.963,0.70808
4.4544,0.73303
4.8261,0.71356
4.6321,0.72247
4.3745,0.73902
4.8238,0.71491
5.1312,0.70058
5.419,0.68695
4.4485,0.73174
4.4515,0.73163
4.8292,0.71182
4.6882,0.72222
4.7351,0.71929
4.7573,0.71763
4.561,0.72593
5.1108,0.70052
4.9871,0.70626
4.7302,0.71698
5.0568,0.70203
4.7719,0.71381
4.8453,0.70935
5.074,0.69991
5.8308,0.66774
4.7199,0.71166
5.29,0.68684
4.6211,0.71687
4.5691,0.71894
5.5634,0.67516
4.5889,0.71696
4.815,0.70939
5.7428,0.66783
5.9209,0.66179
5.6149,0.67275
5.5812,0.67462
5.3314,0.68342
5.5781,0.67505
6.0567,0.65429
5.5279,0.67782
5.6289,0.67303
4.8685,0.70577
5.5771,0.67503
5.6527,0.67176
5.1764,0.69099
5.2588,0.68926
4.8836,0.70392
5.395,0.68285
5.1099,0.69539
5.3416,0.68367
5.6535,0.66885
5.7406,0.66605
5.4024,0.68021
5.5301,0.6743
6.0515,0.65334
5.7955,0.66505
4.9604,0.70122
5.6555,0.67057
5.1114,0.6947
5.1732,0.69068
4.9759,0.6983
5.1928,0.68981
5.6258,0.66856
5.1999,0.68947
4.9418,0.69752
5.5043,0.67479
6.1891,0.64784
5.8589,0.66148
5.4161,0.68161
4.9536,0.69884
4.9782,0.69607
6.0162,0.65459
4.6334,0.71003
5.6723,0.66809
4.4907,0.72078
4.7595,0.70691
4.491,0.72157
4.7932,0.70981
4.8676,0.7046
5.6077,0.67271
5.0134,0.69632
5.6381,0.6701
5.7793,0.66369
5.427,0.67907
5.5801,0.67274
5.6638,0.66976
6.1185,0.64941
5.8447,0.66076
5.8108,0.66255
5.569,0.67245
5.6005,0.6719
5.5548,0.67394
6.0114,0.65395
5.4848,0.67748
5.6868,0.6689
5.4496,0.67862
5.4709,0.67519
5.1042,0.69298
5.8975,0.65669
5.0746,0.69386
5.352,0.68156
5.6116,0.66867
5.4667,0.67775
5.4379,0.67741
5.4748,0.67618
5.5009,0.67601
5.6038,0.67005
5.3516,0.68221
5.5346,0.67067
5.6775,0.6645
5.5431,0.6715
5.4224,0.67693
5.2532,0.68126
5.3655,0.67999
5.097,0.69149
5.542,0.67132
5.4309,0.67735
5.9243,0.6565
5.4138,0.6776
5.0203,0.69329
5.0851,0.69042
5.135,0.68697
5.6372,0.66777
4.9978,0.69501
5.0555,0.69294
5.1085,0.68968
5.2502,0.68296
5.3353,0.6791
5.1659,0.68834
5.0831,0.69154
5.9976,0.65181
5.1728,0.68582
5.5343,0.6686
5.1553,0.68309
6.1069,0.64495
5.0855,0.68737
5.1007,0.68663
5.0012,0.69584
4.9907,0.69525
4.9078,0.7027
5.0827,0.69324
4.9749,0.69483
5.2356,0.68527
5.086,0.69129
5.0712,0.68345
6.2688,0.63657
5.7357,0.65718
5.2013,0.68444
5.1328,0.6876
5.2682,0.68129
5.4846,0.66773
5.2374,0.67762
5.4669,0.6714
5.2217,0.67996
5.4662,0.66863
5.5008,0.66655
5.4296,0.6719
5.3822,0.67515
5.5587,0.66862
5.3865,0.67513
6.1729,0.63854
5.0883,0.68874
5.0986,0.68673
5.1862,0.68466
5.5386,0.66602
5.5417,0.66667
5.2132,0.68239
5.6181,0.66277
5.6213,0.66607
5.004,0.69113
6.0368,0.6475
5.7097,0.65623
5.8476,0.65635
5.5739,0.66839
5.1329,0.6867
5.0471,0.68779
5.237,0.67825
4.9629,0.6944
4.9114,0.69564
5.1307,0.68757
5.0971,0.68261
5.2775,0.67465
5.1805,0.67794
4.908,0.69105
5.1048,0.68131
4.902,0.69144
5.8064,0.65253
5.324,0.67265
5.9055,0.64841
5.3762,0.67158
5.2015,0.68107
5.5286,0.66386
6.7699,0.6175
6.2117,0.63916
5.4422,0.67012
5.1609,0.68604
5.0746,0.69
5.0947,0.68211
4.8848,0.69356
4.9668,0.68857
5.5622,0.66544
4.7328,0.70824
4.988,0.69012
5.2578,0.67971
5.3309,0.67047
5.0791,0.68129
4.7838,0.69838
4.9384,0.69224
4.9477,0.69237
5.6169,0.65935
5.6331,0.65932
5.5911,0.66538
3.9924,0.7427
5.2911,0.67444
4.8532,0.69163
5.4668,0.66464
4.8286,0.69255
5.2034,0.67456
5.1313,0.68087
6.1147,0.64023
5.7622,0.65636
5.8439,0.65225
5.3179,0.66984
6.2314,0.6356
6.1147,0.64006
5.3569,0.67127
6.4661,0.62575
5.7762,0.65511
6.0624,0.64343
5.301,0.67762
5.761,0.65436
5.6575,0.66
5.951,0.64658
6.0915,0.64012
5.5575,0.66507
5.1898,0.68005
6.0709,0.64274
5.1275,0.68138
5.6573,0.65904
5.5813,0.66309
6.1327,0.63944
6.0302,0.64535
5.751,0.65706
5.8821,0.65168
5.954,0.64836
6.2009,0.63796
5.0653,0.68611
5.5672,0.66398
5.7253,0.65479
6.305,0.63438
5.6943,0.65424
5.586,0.66103
6.2998,0.63501
6.118,0.6421
5.5995,0.66176
6.1434,0.64233
6.3043,0.6352
5.4552,0.66848
5.946,0.64959
4.9458,0.69245
5.2448,0.67594
6.581,0.62346
5.1607,0.68112
6.1843,0.64029
5.9427,0.64688
6.1756,0.63588
5.7295,0.65531
5.8583,0.65035
5.9918,0.64511
5.765,0.65428
5.5028,0.66713
5.6552,0.65938
5.8298,0.65169
5.8414,0.65029
5.7076,0.65627
5.8364,0.65076
6.4265,0.63026
6.6583,0.61958
6.5501,0.62431
6.4687,0.6276
6.6218,0.62189
6.5834,0.62375
6.5021,0.62741
6.6607,0.62037
6.3926,0.6315
6.6146,0.62211
6.4808,0.6265
6.2216,0.63743
4.8799,0.6906
4.9994,0.6838
5.0946,0.6805
5.4741,0.66429
5.1404,0.67823
5.8349,0.65222
5.4394,0.66557
5.2768,0.6753
5.3697,0.6727
5.3302,0.67579
5.4102,0.66937
6.3234,0.63267
5.5597,0.66388
6.0606,0.6414
5.4938,0.66628
5.7368,0.65631
5.7559,0.65533
5.4877,0.66822
5.9439,0.64671
5.6166,0.66146
5.2501,0.67838
5.6257,0.66225
5.5943,0.66178
5.9289,0.6494
5.8077,0.65303
5.5438,0.66461
5.7951,0.65199
5.4501,0.66788
5.4985,0.66504
6.0433,0.64202
5.3585,0.67066
6.1318,0.64164
4.8249,0.69829
4.9532,0.6891
5.2193,0.6778
5.8859,0.64913
6.43,0.63023
6.2699,0.63602
6.2356,0.637
6.1071,0.64182
6.1908,0.63824
6.2558,0.63532
6.4192,0.62895
6.1671,0.63932
6.0852,0.6426
6.3932,0.62859
5.9012,0.64984
6.717,0.61665
5.5977,0.66337
5.6653,0.66016
5.4676,0.6693
6.1013,0.64304
5.882,0.65262
5.3203,0.67534
6.015,0.64564
5.6492,0.65871
5.6557,0.66017
5.7003,0.65716
5.281,0.67523
5.5973,0.66116
6.0675,0.64419
5.7526,0.6565
5.5795,0.66329
5.4759,0.6679
5.7229,0.65667
5.6921,0.65892
5.8795,0.65074
5.4013,0.67398
5.8421,0.65383
5.5714,0.66539
5.8642,0.65165
5.624,0.66231
5.9214,0.65018
6.0457,0.64526
5.7638,0.65678
6.1764,0.63883
6.0481,0.64469
5.8596,0.6524
5.9158,0.65029
5.642,0.66272
5.6885,0.66051
5.6205,0.66269
5.6627,0.66067
5.7383,0.65778
5.2335,0.67528
5.187,0.67835
5.0558,0.68328
5.2446,0.67744
5.3894,0.67509
5.3494,0.67265
5.2667,0.67831
5.4714,0.66884
5.3952,0.67239
5.3918,0.66973
5.3961,0.67466
5.303,0.67449
5.2461,0.67752
5.3875,0.66967
5.2089,0.67998
4.9339,0.69372
5.9362,0.64487
5.3732,0.67255
5.4901,0.66523
5.6731,0.6577
4.5278,0.71614
5.0021,0.68931
5.0313,0.68968
5.1476,0.68258
5.4269,0.66858
5.2495,0.67396
5.1492,0.68023
5.1974,0.67587
5.0866,0.68549
5.4718,0.66838
5.737,0.65494
5.4761,0.66627
5.8743,0.65046
5.8581,0.65067
5.826,0.65157
5.8292,0.65152
4.6229,0.70244
5.9152,0.64565
4.8867,0.68987
5.8273,0.64926
4.8803,0.69206
5.3379,0.67298
5.3282,0.66956
4.7266,0.69932
4.4822,0.71261
4.9104,0.69059
4.6749,0.7023
5.1131,0.67923
4.8426,0.69318
5.0234,0.6828
6.0622,0.6417
4.9508,0.68551
6.2469,0.63288
5.4126,0.66401
6.2689,0.63185
6.3309,0.62939
5.318,0.66976
5.2818,0.67143
6.2526,0.63301
5.7743,0.65399
5.4599,0.66376
5.0116,0.68692
5.5984,0.65761
5.8442,0.6472
5.4418,0.66449
5.6801,0.6534
4.9766,0.68623
5.0259,0.6823
6.627,0.6195
6.4091,0.62904
4.9825,0.68827
5.4719,0.66313
6.37,0.62855
6.1293,0.63917
5.9698,0.64458
6.5805,0.62161
5.8406,0.65024
4.9157,0.68772
4.6694,0.70054
6.2886,0.6313
6.2612,0.63118
6.6774,0.61782
6.2202,0.6339
6.294,0.63225
5.1204,0.67766
6.4627,0.62602
5.9981,0.64547
4.6772,0.69768
6.7606,0.61483
6.3941,0.62944
6.3714,0.63075
5.0672,0.68238
5.0816,0.6814
5.8539,0.64721
5.0019,0.68469
5.5358,0.66368
5.2597,0.67287
5.1379,0.67832
5.2069,0.67636
6.1693,0.63921
6.423,0.62854
6.3042,0.63287
4.8481,0.69553
6.5759,0.62099
4.9292,0.68912
5.7578,0.65675
6.449,0.62713
6.0042,0.64472
6.377,0.62853
6.4725,0.62563
5.7037,0.65547
5.6048,0.66021
6.3429,0.63134
5.8046,0.65246
5.7144,0.65564
5.8966,0.6479
5.7541,0.6548
5.817,0.65183
5.6961,0.65803
5.5901,0.66165
5.1898,0.67735
5.4287,0.6653
6.0489,0.64344
5.886,0.65058
6.1557,0.6389
5.9524,0.64802
5.8682,0.65154
5.2946,0.674
5.5811,0.66161
5.4397,0.66839
5.7863,0.65398
5.5056,0.66354
6.5571,0.62095
6.4233,0.62786
6.2346,0.63476
6.0855,0.64206
6.0713,0.6402
5.7406,0.65595
5.8908,0.6483
6.1064,0.63921
5.4523,0.66643
5.8606,0.64828
5.8804,0.64825
5.9749,0.64324
5.823,0.65316
5.5894,0.66353
5.6993,0.65741
5.9551,0.64665
5.8453,0.6506
5.8558,0.65109
5.6077,0.66317
5.6822,0.65869
5.9169,0.6481
5.4804,0.66838
5.8385,0.65243
5.798,0.65371
5.8105,0.65411
5.8733,0.65065
5.2075,0.67903
5.6914,0.65878
5.1003,0.68082
6.1794,0.63707
5.6926,0.65833
5.1985,0.67922
5.537,0.66524
5.1859,0.67834
6.1245,0.63893
5.4392,0.66477
6.0041,0.64523
5.6545,0.66104
5.8889,0.64975
6.0428,0.64303
5.0903,0.68821
5.7917,0.65507
5.7816,0.65597
5.8668,0.6516
5.8101,0.65429
5.2991,0.67837
6.1782,0.63926
5.8646,0.65207
6.2441,0.63579
6.1404,0.63888
5.5407,0.66483
5.7659,0.6552
5.8557,0.65058
5.0858,0.67986
6.0707,0.64144
5.6862,0.65742
5.6171,0.66179
5.5793,0.66401
5.8894,0.65018
5.6127,0.6623
6.0338,0.64314
5.9429,0.64663
5.7192,0.65674
5.9209,0.64881
5.6344,0.66096
5.7591,0.65516
5.9,0.64776
5.7708,0.65452
6.0766,0.64197
5.9505,0.64675
5.4697,0.66858
5.969,0.64616
6.0485,0.64265
5.342,0.67277
5.8737,0.65103
5.4172,0.66967
5.2204,0.67874
5.3762,0.67153
5.5866,0.66364
5.5914,0.66093
5.9364,0.64866
5.8213,0.65149
5.7125,0.65578
5.7051,0.65564
6.1658,0.63708
4.8086,0.70014
4.5837,0.70934
4.9064,0.69467
5.5854,0.6609
5.8058,0.65359
4.7361,0.70241
4.6735,0.7064
5.0116,0.68998
5.0191,0.68914
4.7858,0.69868
4.843,0.69718
5.9566,0.64475
5.7486,0.6539
6.1223,0.64002
6.2632,0.63086
5.3939,0.66908
5.4236,0.66819
5.8643,0.64959
5.9608,0.6445
6.1793,0.63539
6.2728,0.63258
6.1656,0.63575
6.3027,0.63182
5.451,0.66792
4.6933,0.70282
4.8585,0.69395
4.6033,0.70745
5.3378,0.67209
5.5407,0.663
5.0978,0.68491
5.7251,0.65502
6.7055,0.61561
6.3265,0.63118
6.116,0.64021
5.0824,0.68659
5.2232,0.67938
4.4656,0.71104
5.9775,0.64404
5.7637,0.65265
6.0041,0.64185
6.7827,0.61391
5.9748,0.64652
6.2546,0.63495
6.3857,0.62844
6.6775,0.61642
6.5186,0.62317
5.7068,0.65744
6.2225,0.63531
4.7219,0.69416
4.9226,0.68582
4.8334,0.69155
5.954,0.64452
4.9077,0.68931
4.7958,0.69264
4.7967,0.69228
5.4043,0.66629
4.7834,0.69392
4.8537,0.68863
5.305,0.67041
6.3842,0.62495
6.679,0.61655
6.5378,0.62199
6.8062,0.61216
6.4422,0.62551
5.4784,0.66406
5.1546,0.67792
6.192,0.63731
5.9858,0.64166
6.6101,0.61979
5.2616,0.67414
5.9853,0.64087
6.3569,0.6268
6.1838,0.63569
6.062,0.64029
6.1439,0.63674
5.9105,0.64523
6.0751,0.63939
6.0168,0.64125
6.4765,0.6248
6.4856,0.6242
4.798,0.69097
6.0383,0.64181
6.4928,0.62286
6.2132,0.63415
5.5946,0.66092
5.5585,0.66373
5.7623,0.65175
5.5764,0.66077
5.6613,0.6572
6.2459,0.63232
5.5739,0.66012
6.0832,0.6396
5.5781,0.66115
5.5052,0.66179
4.8597,0.69071
6.2496,0.63274
6.4084,0.62483
6.3296,0.62902
5.696,0.65394
5.9376,0.64431
5.1157,0.67496
5.6592,0.65695
5.1798,0.67718
5.1066,0.67967
5.2049,0.67645
5.2734,0.675
5.0576,0.68431
4.9475,0.68812
5.483,0.66415
5.6903,0.65466
5.305,0.67349
5.5888,0.65982
5.7898,0.64992
5.6353,0.65775
5.8798,0.64678
5.6365,0.65645
5.3958,0.66872
5.3479,0.67174
5.7683,0.654
5.2566,0.67752
6.1517,0.6376
5.8678,0.65011
5.7046,0.65751
5.639,0.65988
6.1613,0.63747
5.9228,0.64741
6.0337,0.64264
5.9703,0.64528
5.8873,0.64982
5.2098,0.6818
6.1044,0.641
5.9721,0.64528
6.0567,0.63935
5.5889,0.66043
5.5691,0.6643
5.8272,0.6515
5.5189,0.6644
6.1618,0.63706
5.8778,0.6497
5.8497,0.65132
6.2848,0.63236
5.79,0.65097
6.3681,0.62803
5.56,0.66382
5.5563,0.66354
5.6757,0.65775
5.8561,0.65114
5.4364,0.66874
5.8109,0.65188
5.8826,0.65065
5.7812,0.65437
5.8824,0.64983
5.8281,0.65149
5.7787,0.65335
5.9026,0.64776
6.2367,0.63389
5.7452,0.65472
6.1665,0.63681
6.172,0.63662
5.9307,0.6464
6.2319,0.63338
6.0275,0.64276
6.1108,0.63957
5.985,0.64454
6.1111,0.63984
5.9598,0.64502
6.098,0.63961
5.9078,0.64817
5.7541,0.65491
5.7451,0.65545
5.2248,0.67631
4.9746,0.68778
5.0746,0.6837
5.7827,0.65343
5.3562,0.67075
5.5213,0.66412
5.969,0.6453
5.6002,0.66159
5.6528,0.65938
5.8213,0.65305
5.7369,0.65645
5.8907,0.64953
5.7679,0.65508
5.9367,0.64736
5.7938,0.65423
6.0072,0.64447
6.0808,0.64106
5.2636,0.67865
5.8126,0.65357
5.8407,0.65253
5.6164,0.6632
5.5542,0.66541
5.6759,0.66022
5.0137,0.69145
5.6294,0.66272
5.4548,0.67093
6.2706,0.63513
5.1834,0.68347
5.742,0.65624
5.598,0.66385
5.9394,0.6494
5.8671,0.65179
5.7087,0.65891
5.6159,0.66379
5.5563,0.66689
5.9436,0.64926
5.874,0.65288
6.0268,0.64539
5.5165,0.66793
5.694,0.65988
5.5011,0.66713
5.7851,0.65543
5.3151,0.67753
5.9431,0.64952
5.6049,0.66343
5.9172,0.6504
5.683,0.66006
5.6958,0.65815
5.5423,0.66343
5.0785,0.68911
5.6982,0.65779
5.5414,0.66274
5.3404,0.67484
5.1337,0.68585
5.674,0.65981
5.551,0.6653
5.5739,0.66229
5.5493,0.6634
5.1995,0.68053
5.2953,0.6753
5.3264,0.67292
5.0192,0.689
5.5078,0.66405
5.3276,0.67368
5.8245,0.65153
5.1372,0.68311
5.7959,0.65262
5.5959,0.66035
5.5283,0.66388
6.2898,0.63379
6.0203,0.646
5.7499,0.65837
6.3256,0.63186
6.1209,0.6405
6.1375,0.64018
5.1581,0.68493
6.0699,0.64238
6.425,0.62915
6.5179,0.62383
6.2107,0.63633
6.315,0.6318
6.2044,0.63713
6.1467,0.63922
6.6982,0.61798
6.687,0.61696
6.3597,0.63043
6.5616,0.62131
4.851,0.69072
6.2127,0.63199
5.4946,0.66558
6.0473,0.64082
5.3699,0.67064
5.7273,0.6554
5.154,0.67558
5.2464,0.67415
5.1113,0.67984
5.8513,0.64857
5.6611,0.65609
5.3199,0.66812
6.1368,0.63523
5.7267,0.65273
5.6781,0.65511
6.1809,0.63437
5.4078,0.66345
5.298,0.66944
5.3052,0.6711
5.9296,0.64302
4.7749,0.69105
5.4417,0.66511
4.637,0.70152
5.4017,0.66661
5.7102,0.65305
4.616,0.69827
5.4847,0.66294
5.6367,0.65641
5.558,0.65927
5.6579,0.65455
6.3235,0.63105
6.2816,0.6319
6.6228,0.61807
6.2057,0.63381
6.5474,0.61961
6.2859,0.63094
6.2955,0.63025
6.1768,0.63416
6.4105,0.62449
6.2534,0.63213
6.4688,0.62286
5.996,0.64247
4.7989,0.68911
4.9941,0.6766
4.9074,0.6826
4.7274,0.6916
5.3412,0.66646
5.7919,0.64823
6.0163,0.63704
5.8047,0.64718
6.1322,0.63189
6.3129,0.62482
5.9468,0.64066
6.1965,0.63114
6.9427,0.60167
6.1413,0.63287
6.6258,0.61365
6.5168,0.61887
5.9491,0.64234
6.3364,0.62468
6.3187,0.62554
6.1241,0.63285
6.2961,0.62562
6.102,0.63417
6.6047,0.61372
6.3968,0.62131
6.1732,0.62805
5.9736,0.6366
6.6248,0.61212
6.2844,0.62498
6.4191,0.61932
6.5269,0.61465
6.545,0.6153
6.417,0.62059
6.2273,0.6281
6.1462,0.63049
6.4122,0.61929
6.2072,0.62758
6.5563,0.61271
6.7152,0.60532
6.579,0.6105
6.5079,0.61266
6.1704,0.62519
6.2781,0.62102
6.2704,0.6217
6.4037,0.61657
6.3813,0.61657
5.9405,0.63605
6.5131,0.61258
6.3876,0.61743
6.5245,0.61062
6.5855,0.60767
6.5844,0.60722
6.7683,0.59987
6.916,0.59347
5.9864,0.63132
6.406,0.6127
6.3798,0.61387
6.3674,0.61325
6.0774,0.62659
6.1753,0.62075
5.9819,0.63041
6.8743,0.5946
6.4531,0.61212
5.9724,0.63154
6.0885,0.62599
6.19,0.62158
6.6474,0.60144
6.7102,0.5987
6.706,0.59777
6.3179,0.61364
5.8031,0.63509
6.2615,0.61592
6.2118,0.61731
6.6672,0.59865
6.4384,0.6075
7.1288,0.58078
6.9581,0.58794
6.5779,0.60051
6.663,0.5949
6.3555,0.6083
6.8644,0.58835
6.4827,0.60039
6.2847,0.60834
6.7903,0.59145
6.9132,0.58632
6.8029,0.59024
6.7704,0.59053
6.6654,0.5952
6.6718,0.59543
6.0328,0.62217
6.4708,0.60312
6.866,0.58891
6.5955,0.59595
6.2695,0.61029
6.4006,0.60452
6.4221,0.60282
7.3357,0.56834
7.0092,0.57877
7.3244,0.56571
7.369,0.56398
6.9294,0.58037
6.9645,0.58044
6.9668,0.58076
6.8451,0.58291
6.4919,0.59975
6.7302,0.58919
6.391,0.60043
7.0196,0.57746
6.5849,0.59307
6.7148,0.58938
6.4978,0.59642
6.331,0.60381
6.7552,0.58297
5.9403,0.61929
6.7242,0.58667
6.121,0.61034
6.8251,0.58243
6.3097,0.60233
5.8161,0.62271
5.7562,0.62064
6.6298,0.58752
7.2513,0.56486
6.8619,0.57638
6.223,0.6027
6.3181,0.60086
6.0344,0.61019
5.4883,0.63529
6.3053,0.59922
6.013,0.61083
6.0259,0.61091
6.7132,0.58074
6.423,0.59216
7.3408,0.55705
4.0953,0.69035
4.5712,0.66667
6.9685,0.57208
6.5507,0.58746
6.008,0.60944
5.6626,0.62456
4.8298,0.65291
7.2281,0.56036
5.9564,0.61023
6.7667,0.57799
4.7745,0.65549
4.1476,0.6832
7.2655,0.55691
6.4688,0.58812
6.8699,0.57135
6.5325,0.58453
6.8748,0.56801
7.1493,0.55624
7.089,0.55795
7.5121,0.5423
6.4999,0.58054
7.4564,0.54755
5.7718,0.59962
8.2172,0.52076
5.8723,0.60233
6.5509,0.57338
6.2162,0.58679
5.8987,0.59901
5.7173,0.61116
6.6676,0.56613
6.0158,0.59153
6.1695,0.58633
6.1981,0.58495
8.1095,0.52091
7.253,0.54919
7.2021,0.55258
6.6172,0.56976
7.9276,0.52627
6.8075,0.56531
7.6397,0.53553
7.2036,0.55037
4.6984,0.64304
6.9782,0.55484
6.9441,0.55779
6.4775,0.57634
6.6432,0.56687
7.5686,0.53437
6.6047,0.56703
6.6019,0.56797
4.0475,0.68058
4.6744,0.64529
7.0252,0.55349
7.1196,0.54889
7.2293,0.54431
7.2025,0.54558
6.5653,0.56605
6.7192,0.56179
5.9993,0.58808
5.3869,0.61632
6.4151,0.56984
4.9032,0.62669
4.3392,0.65803
4.7222,0.63591
7.7227,0.52478
7.313,0.53937
6.6768,0.562
6.5423,0.56667
6.307,0.57636
6.541,0.56504
6.4952,0.56642
6.8557,0.55214
4.2755,0.65978
4.8747,0.6263
7.2733,0.53849
7.4642,0.52707
6.9402,0.54634
7.3216,0.53683
4.8762,0.62705
4.9133,0.62282
6.9562,0.54655
7.0531,0.54279
7.0611,0.54487
7.371,0.5302
7.0685,0.54376
7.953,0.51377
7.8387,0.51743
7.3443,0.53425
7.0129,0.54496
7.6162,0.52174
5.1536,0.60731
8.4351,0.49576
6.0957,0.57365
7.3599,0.53204
7.8583,0.51318
6.6171,0.55763
7.6573,0.52084
5.016,0.61837
5.797,0.58469
6.5994,0.55106
5.6277,0.58325
7.3302,0.52646
7.0151,0.53851
7.4303,0.52637
7.3741,0.52672
7.2761,0.52933
7.3632,0.52706
7.2316,0.53178
7.0366,0.53943
6.418,0.55496
5.6432,0.58155
7.0246,0.53164
6.6993,0.54485
7.8483,0.50846
6.5922,0.54723
6.5,0.55101
6.669,0.54509
8.0983,0.49975
6.8363,0.53834
7.1988,0.53011
6.6654,0.54988
6.5033,0.552
6.8065,0.53928
6.8549,0.54159
6.65,0.54868
7.0674,0.53451
6.9339,0.53928
6.713,0.54684
6.4214,0.55777
6.8754,0.53885
7.1903,0.5276
6.4611,0.55485
6.7659,0.54266
7.3568,0.5206
7.5053,0.51424
7.4627,0.5166
7.2712,0.52288
7.3443,0.52091
7.4312,0.51731
7.4276,0.51747
7.4562,0.51619
7.8078,0.50361
7.0747,0.52897
7.8015,0.50332
7.1294,0.52653
7.249,0.52275
7.5043,0.51303
6.9542,0.53233
6.7658,0.53852
6.685,0.54156
6.7263,0.53904
7.4327,0.51308
6.8856,0.5334
5.9513,0.56967
6.9725,0.52895
6.7461,0.53623
7.6167,0.50522
7.6794,0.50443
7.7172,0.50365
7.2797,0.51737
7.0873,0.5231
7.6767,0.50259
8.0331,0.48976
7.0749,0.52312
7.5316,0.50607
7.6078,0.50367
7.0716,0.522
6.8631,0.52976
6.797,0.53303
7.277,0.51209
7.1674,0.51439
7.4925,0.50406
6.7406,0.5311
6.6818,0.53323
7.1412,0.5175
7.4841,0.5052
7.4972,0.5048
7.3361,0.50874
7.91,0.49199
7.5866,0.50252
7.5494,0.50308
6.1669,0.5485
5.5272,0.57551
7.3074,0.50907
6.4398,0.54291
7.1706,0.51482
6.9471,0.52274
7.0691,0.51802
6.7984,0.52846
7.0705,0.51742
6.8489,0.52653
6.7332,0.52892
7.0523,0.51874
6.9111,0.52402
6.0708,0.54938
6.7554,0.52907
6.4643,0.54014
6.4424,0.54027
7.1176,0.51403
6.5345,0.53609
6.9707,0.51834
6.8194,0.5262
7.4088,0.50447
6.5697,0.53598
6.3407,0.5455
6.8274,0.52268
7.1329,0.51112
7.1326,0.51287
6.6728,0.52999
6.8709,0.52273
6.6771,0.52916
6.7278,0.52668
6.0879,0.55559
6.4167,0.54125
6.3397,0.54548
6.3058,0.54633
6.1829,0.55113
7.3351,0.50457
6.3499,0.54214
6.4018,0.53726
6.9913,0.51611
6.6194,0.52992
6.7754,0.52391
6.7222,0.52393
7.3441,0.50098
6.4216,0.53583
6.6846,0.52679
6.5555,0.53186
6.3771,0.54034
5.8413,0.56308
6.0981,0.54979
6.544,0.53548
6.4069,0.53995
6.6904,0.52731
6.5975,0.52985
6.0761,0.55282
6.5407,0.53201
5.9096,0.55678
6.7179,0.5199
6.0782,0.54392
6.2226,0.53994
5.5205,0.57404
6.3426,0.53942
6.3268,0.53927
6.4239,0.53454
6.7439,0.52186
6.5591,0.52781
5.9178,0.55624
6.5506,0.53048
6.1484,0.54689
6.4267,0.53526
6.4221,0.53518
6.365,0.53976
6.0025,0.55422
6.684,0.52603
6.566,0.52876
6.6337,0.52659
6.7153,0.52421
6.8179,0.51943
6.0381,0.55145
6.2266,0.54311
7.1765,0.5079
6.5049,0.53313
6.9207,0.51705
7.3225,0.50246
6.4271,0.53594
6.6956,0.52529
6.5668,0.53043
6.6261,0.52729
6.7114,0.52554
7.112,0.50981
6.2245,0.54519
6.7545,0.5211
6.6636,0.52782
6.7882,0.52161
6.4138,0.53562
6.9572,0.51547
5.8028,0.55863
6.7286,0.52168
6.0888,0.54813
6.7946,0.51992
6.3398,0.5379
6.3048,0.54045
6.7337,0.52297
7.1287,0.50747
7.2072,0.50536
6.6635,0.52608
6.669,0.52599
6.8911,0.51562
6.5266,0.52187
7.5459,0.49051
7.5239,0.49205
7.0885,0.50982
7.2819,0.50157
7.5704,0.4922
7.4916,0.49435
6.6158,0.52712
6.7182,0.52249
7.126,0.50707
6.7729,0.52165
7.0207,0.51062
7.1338,0.50677
7.1136,0.50655
7.1412,0.50682
6.9632,0.51392
6.5368,0.53002
6.6431,0.52501
6.9909,0.51246
6.9817,0.51092
7.5018,0.49344
6.7555,0.52094
6.7124,0.52201
6.8991,0.51372
7.0678,0.50239
6.4075,0.53255
4.9902,0.5807
6.4081,0.53424
6.7973,0.51947
6.9711,0.51256
7.1411,0.50518
6.6819,0.52283
7.0784,0.50879
6.5847,0.52552
7.2318,0.5023
6.7173,0.52241
7.3972,0.49639
6.834,0.51785
6.1173,0.54836
6.8363,0.51846
6.8349,0.51735
6.5961,0.52617
7.2247,0.50223
6.9899,0.50969
7.0881,0.50779
6.7805,0.51906
6.6449,0.5234
6.8831,0.51456
6.8668,0.51607
6.8821,0.51592
6.8963,0.51493
7.0772,0.50756
6.6253,0.5237
6.5124,0.5277
6.3173,0.53558
6.2488,0.5378
6.4887,0.52811
6.9558,0.51124
7.0484,0.50633
6.6877,0.52231
6.7039,0.52173
7.0157,0.50911
6.5621,0.52766
6.8353,0.51512
7.21,0.50132
7.0547,0.50805
7.087,0.50679
6.6512,0.52403
7.5915,0.48853
6.3345,0.53695
6.8401,0.51752
6.6499,0.52488
6.9984,0.50954
6.6123,0.52482
6.9291,0.511
6.8874,0.51261
6.8849,0.51351
6.3806,0.53361
7.5873,0.48743
6.5966,0.52512
6.8332,0.51701
7.0908,0.50665
6.8347,0.51751
6.5328,0.53012
7.166,0.50491
6.9368,0.51245
6.7919,0.5171
6.9781,0.51047
6.8893,0.5127
6.7936,0.51769
7.8715,0.47755
7.1913,0.50077
6.7898,0.51726
7.1514,0.50472
7.0569,0.50894
6.6501,0.52348
6.9818,0.51086
6.8367,0.5158
6.766,0.51784
7.0253,0.50812
7.5311,0.48817
6.966,0.50929
7.6158,0.48699
6.7128,0.52184
7.3501,0.49644
6.8743,0.51556
6.6309,0.52499
6.7632,0.51987
7.0919,0.50731
7.3909,0.49612
6.8078,0.51818
7.5292,0.49005
7.207,0.50137
7.4864,0.4918
7.1614,0.50421
7.0021,0.50947
7.0596,0.50679
7.3574,0.49713
7.299,0.4986
7.0574,0.50755
7.8749,0.47896
7.5216,0.49063
7.9708,0.47499
7.7337,0.48332
7.967,0.47506
7.3815,0.49644
7.1451,0.50473
7.8023,0.48145
7.4993,0.49141
7.6721,0.48547
6.9626,0.51015
7.5086,0.48944
6.6039,0.52314
7.4186,0.49239
7.2627,0.49978
7.6501,0.4861
7.2754,0.50017
6.8813,0.51486
7.1233,0.50728
7.0331,0.51125
6.649,0.5245
6.8821,0.51409
6.9243,0.51165
6.1905,0.53937
6.6724,0.52053
6.9426,0.50783
6.5027,0.52646
6.5632,0.52314
6.4821,0.52693
6.537,0.52596
6.102,0.54309
6.8761,0.51324
6.39,0.53322
7.0633,0.50679
6.7102,0.52081
7.1462,0.50337
6.3777,0.53398
6.3751,0.53278
7.2994,0.49627
7.2226,0.49999
6.4784,0.52898
6.3524,0.53388
6.8029,0.51574
7.2782,0.49756
6.7121,0.52049
6.5159,0.52762
6.3251,0.53464
6.5914,0.52272
7.0435,0.50561
7.3017,0.49657
7.6626,0.48292
7.0675,0.5049
7.114,0.50197
7.4137,0.49268
7.18,0.50119
7.3966,0.49438
7.5297,0.49002
7.8201,0.47998
6.1548,0.54111
7.6608,0.48354
6.4409,0.52928
6.9291,0.51123
7.2158,0.49871
7.0829,0.50385
7.5518,0.48796
6.9429,0.50991
6.6075,0.52388
7.3231,0.49706
7.1278,0.50438
7.3194,0.49673
7.5122,0.49143
6.4814,0.52823
4.5489,0.60097
6.5157,0.52331
4.0332,0.62879
7.1015,0.50245
6.3411,0.5297
4.5513,0.59653
6.3228,0.53183
6.1282,0.54041
5.2992,0.56791
6.4944,0.52955
4.303,0.614
7.0743,0.50502
7.4275,0.49274
7.1343,0.50202
4.8203,0.58158
6.7158,0.51717
6.5457,0.52414
6.1148,0.54279
6.8714,0.51208
6.6957,0.51974
6.9076,0.5125
5.8714,0.55363
6.1709,0.54147
5.9627,0.54984
6.095,0.54236
6.9592,0.50851
7.0304,0.50625
6.1582,0.54309
6.9027,0.51359
6.6331,0.52218
7.1548,0.50086
6.8417,0.51173
7.0528,0.50406
6.4844,0.52708
6.7955,0.51482
6.615,0.52217
6.6258,0.52035
5.9872,0.54466
6.6226,0.52183
6.3687,0.53155
6.5668,0.52468
7.0246,0.50623
6.2943,0.53351
6.1719,0.5376
6.871,0.51047
6.5352,0.52262
7.0243,0.50399
6.8048,0.51245
6.9881,0.50523
7.1893,0.50038
7.1808,0.4999
6.7587,0.51588
6.6323,0.52262
7.2602,0.49884
7.1943,0.50036
7.1316,0.50359
7.2166,0.499
6.7742,0.51389
7.4443,0.48938
6.8781,0.50891
6.7116,0.51609
7.0558,0.50368
6.8855,0.51137
7.2067,0.49953
6.8725,0.51126
7.1003,0.49937
6.6387,0.52112
7.1023,0.50382
6.7377,0.51568
7.0255,0.50501
7.0708,0.50373
6.6254,0.52046
6.913,0.51008
7.0905,0.50268
6.7974,0.51325
6.9132,0.50998
6.8416,0.5124
6.658,0.51892
6.8981,0.51124
6.9329,0.50927
6.7751,0.51501
6.6807,0.5202
6.7243,0.5177
7.4041,0.49032
6.9556,0.50953
7.3049,0.49546
7.0155,0.50564
7.0824,0.50482
7.7808,0.47899
7.3292,0.49274
7.0267,0.5071
7.8015,0.47815
6.8736,0.51129
6.8927,0.51096
5.87,0.55386
6.4138,0.52954
6.5653,0.52536
7.1515,0.50233
7.4847,0.49058
6.8629,0.51359
6.9361,0.51064
6.707,0.51902
7.0202,0.50662
6.5868,0.52296
6.4567,0.52877
7.0307,0.50602
6.7035,0.51955
6.9547,0.50771
6.9719,0.50678
7.2286,0.49672
7.1261,0.50079
7.1435,0.5002
6.9331,0.5085
7.1442,0.5019
7.1411,0.50116
6.7554,0.51638
6.9038,0.51162
7.6182,0.48404
7.0902,0.50375
7.1293,0.50188
5.4372,0.55683
6.6992,0.51709
7.2955,0.49744
6.9762,0.50771
6.9804,0.50749
6.6569,0.52169
7.0438,0.50569
7.8342,0.47678
6.7596,0.51761
7.777,0.48044
6.4222,0.52967
7.0353,0.50659
6.7307,0.51862
6.6259,0.52241
6.3443,0.5278
6.7508,0.51645
6.8678,0.51291
6.7753,0.5142
7.2733,0.49512
7.6356,0.4837
7.11,0.50274
7.6351,0.48424
6.7069,0.52045
7.3851,0.49575
6.9294,0.51182
6.6118,0.52377
7.2187,0.5007
6.9732,0.50758
7.4281,0.49191
7.1102,0.50351
7.2153,0.50012
7.6387,0.48343
7.5285,0.48766
7.4396,0.49106
7.193,0.50041
7.0304,0.50644
6.5945,0.52331
6.951,0.50942
6.7525,0.51747
7.0976,0.50449
6.6896,0.51874
7.014,0.50655
7.4071,0.49288
6.888,0.51052
6.606,0.521
6.4766,0.52678
6.7281,0.51693
6.5018,0.52655
7.1321,0.50206
6.5416,0.52492
6.8389,0.51269
7.1978,0.49881
6.4495,0.52931
6.5958,0.52367
7.3273,0.4947
7.1055,0.50257
6.6697,0.51894
6.5588,0.52148
6.9688,0.50763
6.0863,0.54085
6.8691,0.5114
7.1866,0.49726
7.2575,0.49498
7.1581,0.4994
6.8929,0.50929
7.2328,0.49664
7.255,0.4959
6.4708,0.51871
7.3839,0.491
6.2828,0.52992
6.8411,0.51177
7.0856,0.49867
6.9444,0.5071
6.9143,0.50921
6.681,0.51765
7.1478,0.50039
6.6302,0.52101
7.2693,0.49692
7.4995,0.48763
6.5825,0.52226
6.8694,0.51116
6.2165,0.53515
6.498,0.52506
6.3094,0.53256
7.0371,0.50425
5.7194,0.54914
7.319,0.49422
6.9486,0.50841
7.289,0.49527
6.9775,0.50774
4.6196,0.5988
6.6724,0.52051
6.6986,0.51812
6.8195,0.51325
6.7663,0.51685
7.0471,0.50522
6.0744,0.53965
7.3366,0.49313
6.1707,0.53902
6.4036,0.52831
6.8605,0.5102
6.4641,0.52636
6.5342,0.52397
6.4946,0.52535
6.2874,0.53484
6.8066,0.51455
6.7872,0.51386
7.4602,0.48882
5.2049,0.57482
6.5411,0.52407
6.1192,0.54066
6.4081,0.5282
6.2568,0.5361
6.9628,0.50398
6.7749,0.51203
6.3308,0.53218
6.5691,0.52419
6.3307,0.53245
6.2762,0.53461
6.7582,0.51627
6.1525,0.54058
6.4461,0.52742
6.3024,0.53218
7.2159,0.49686
6.7764,0.51323
6.592,0.52087
6.6846,0.51866
6.0608,0.54195
6.1421,0.53994
6.7751,0.51477
6.2704,0.53342
7.1904,0.49878
6.5058,0.52142
6.4241,0.52818
6.9049,0.50889
5.9378,0.54072
6.9533,0.50562
5.9225,0.54737
6.7132,0.51631
6.872,0.50946
7.3175,0.49283
6.1918,0.53704
6.6319,0.51914
6.6422,0.51913
6.4261,0.52741
5.8814,0.54024
6.2688,0.53332
5.6668,0.55102
5.461,0.56052
6.863,0.51034
4.2972,0.60792
6.4987,0.5218
4.7235,0.58813
7.3391,0.49203
6.5375,0.52381
6.6425,0.51761
5.6362,0.56028
7.3596,0.49089
7.1584,0.49943
6.2502,0.53411
6.6644,0.51661
6.9574,0.50607
6.434,0.52525
7.0707,0.50053
6.7042,0.51599
6.5898,0.52042
7.2135,0.49692
7.0979,0.50096
6.4219,0.52709
7.0939,0.50208
6.6836,0.51719
6.3034,0.53145
6.7267,0.51586
7.0825,0.50098
6.3659,0.53044
7.544,0.48443
7.0134,0.50491
6.8677,0.51032
7.3921,0.49152
6.7212,0.51579
6.0265,0.53632
6.909,0.50808
7.7222,0.47912
6.6496,0.51902
7.2564,0.49402
6.978,0.50466
6.3677,0.52914
7.0081,0.50468
7.3531,0.49159
7.2513,0.49596
6.8733,0.51086
7.0344,0.50404
7.0243,0.50399
6.7441,0.51541
6.3508,0.53137
6.6825,0.51719
6.7385,0.51687
6.773,0.51503
6.5676,0.52273
6.8522,0.51099
6.9876,0.50415
6.5041,0.52245
6.8764,0.50913
6.5705,0.52227
4.7641,0.58412
7.2075,0.49658
7.5262,0.48463
7.4088,0.48981
7.2959,0.4943
7.2723,0.49515
6.0183,0.53676
7.339,0.49269
6.572,0.52221
4.8293,0.5804
6.1961,0.52758
6.8196,0.5106
6.3495,0.52983
6.5604,0.52259
7.0073,0.50574
6.6068,0.52031
6.9535,0.50694
7.0045,0.50464
6.6842,0.51681
6.7619,0.51434
7.2952,0.49487
6.4767,0.52635
6.4874,0.52608
7.2222,0.49825
6.412,0.5282
6.7987,0.51368
7.2393,0.49704
6.6307,0.51339
6.9787,0.50658
7.2294,0.49828
6.8979,0.51038
7.282,0.49715
6.257,0.52793
6.1146,0.53598
6.1214,0.53216
6.9284,0.50835
6.1431,0.53999
7.271,0.4942
6.7409,0.51543
6.3597,0.52539
6.4432,0.52817
6.5777,0.52004
6.8245,0.51215
6.521,0.52449
5.6919,0.55298
6.5747,0.51487
6.4384,0.52631
6.4012,0.52872
6.9443,0.50821
6.7151,0.51757
6.8873,0.51036
7.289,0.49587
7.1178,0.5004
6.5605,0.52289
6.7419,0.51511
7.3978,0.48904
6.4062,0.52711
7.2519,0.49741
7.1027,0.50357
6.6866,0.52026
6.8114,0.51669
6.8333,0.51434
6.4254,0.52994
6.6908,0.51919
6.7134,0.51726
6.7364,0.51698
6.7461,0.51577
6.2115,0.53856
7.192,0.5003
6.5301,0.52464
7.1834,0.49983
6.7334,0.51939
7.0914,0.50492
4.228,0.61433
6.8266,0.50959
6.6007,0.52091
6.5826,0.51935
6.3056,0.5325
6.5215,0.52306
6.7332,0.51723
6.4231,0.52686
3.9198,0.6342
6.4517,0.52787
6.9483,0.50945
6.14,0.5408
6.34,0.53485
6.4426,0.52948
6.5796,0.52278
6.5337,0.52646
6.7711,0.51669
6.6441,0.52098
6.5699,0.52384
6.1735,0.53522
6.8524,0.51231
6.5174,0.52571
7.0946,0.50442
3.5704,0.66149
3.4991,0.66587
6.3782,0.53312
6.4841,0.52901
3.6496,0.6548
6.5957,0.52187
5.0184,0.58372
3.6717,0.65367
6.6227,0.52076
5.7088,0.55766
6.5273,0.52539
6.2916,0.53464
6.7021,0.51666
6.663,0.52134
6.7613,0.51626
6.7446,0.51716
6.9187,0.50983
5.9047,0.55128
6.9975,0.50728
7.3661,0.49361
6.8037,0.51295
6.6152,0.52122
6.2554,0.53555
6.5012,0.52496
4.7699,0.60244
5.6943,0.56184
5.0708,0.5866
5.6945,0.55666
5.6264,0.56388
6.6015,0.52179
6.3208,0.53227
5.8303,0.54514
6.4926,0.52667
5.3296,0.56759
7.1605,0.50139
6.5317,0.52686
6.4867,0.52642
6.3198,0.53207
6.9473,0.5097
5.8857,0.55158
4.8633,0.58484
6.829,0.51325
6.3611,0.53116
6.1416,0.54192
6.6986,0.51818
6.2906,0.53662
6.3249,0.53285
6.1679,0.53718
5.4686,0.56308
5.39,0.56636
5.7495,0.54971
5.6127,0.55525
5.8419,0.54577
6.1525,0.53549
5.848,0.55199
6.2889,0.5335
5.9528,0.54076
6.0993,0.54081
6.1212,0.53944
5.6405,0.55723
5.8538,0.5498
6.8161,0.51364
4.4926,0.60247
4.5573,0.59746
6.3095,0.52865
4.3703,0.60806
5.8942,0.54521
5.9863,0.5416
6.1156,0.53759
5.7591,0.5519
6.9025,0.51014
4.5301,0.60017
5.9747,0.54752
6.5604,0.52265
7.0706,0.50486
6.6263,0.52063
6.5936,0.52216
6.2406,0.53695
6.2834,0.53495
7.0962,0.50451
6.8542,0.51199
6.3123,0.53406
6.4154,0.53103
6.8089,0.51471
7.0164,0.50678
6.6008,0.52234
6.5731,0.52325
6.6191,0.52084
5.6794,0.55563
6.6782,0.51841
6.4402,0.52846
6.2321,0.53453
6.869,0.51038
5.889,0.5426
6.515,0.52613
6.5528,0.5233
7.1939,0.49904
6.3174,0.5346
7.1666,0.50273
6.2243,0.5391
6.2367,0.53488
6.3173,0.53071
6.4257,0.52578
7.0717,0.50557
6.088,0.54247
6.8168,0.51262
6.7524,0.51591
7.098,0.50291
6.6566,0.51994
7.0548,0.50628
6.5847,0.52463
6.7524,0.51634
6.2239,0.53653
6.6512,0.52079
6.7894,0.51445
7.0906,0.50331
6.95,0.50772
6.6096,0.52199
6.36,0.5313
6.5888,0.52317
6.8239,0.51547
7.4226,0.49385
7.6343,0.48576
6.876,0.51374
7.377,0.4952
6.8163,0.5151
6.811,0.51578
6.846,0.51458
7.2856,0.49708
7.1485,0.50105
7.438,0.49045
6.9457,0.50936
6.0209,0.54159
6.679,0.51939
5.9877,0.54568
6.6126,0.52289
6.2451,0.53383
6.623,0.52097
6.6095,0.52322
6.3949,0.5293
7.2286,0.50093
6.3421,0.52962
6.5688,0.52573
6.9338,0.51048
6.7061,0.51813
6.6714,0.51548
6.109,0.53822
6.8115,0.51357
6.4988,0.52515
6.9461,0.51165
6.5533,0.52701
6.1569,0.5437
6.5957,0.52334
6.0227,0.54744
6.3474,0.53023
6.1807,0.53926
6.4459,0.5291
6.8031,0.51572
6.036,0.54654
6.4591,0.53018
6.1706,0.54326
6.7912,0.51907
6.7221,0.52267
6.5267,0.52807
6.8791,0.51621
6.6605,0.52262
6.7744,0.51796
6.8301,0.51735
5.8341,0.55799
6.3704,0.53341
6.4431,0.53109
5.9445,0.55045
6.8094,0.51616
6.485,0.531
6.6008,0.52565
6.4757,0.53071
6.4756,0.53156
6.0952,0.54794
6.0412,0.55081
6.5051,0.53085
5.4232,0.57607
5.7191,0.56453
6.8236,0.51801
7.0269,0.51066
6.1836,0.54484
6.6875,0.52581
6.8327,0.51804
6.7832,0.51964
3.8777,0.6463
6.4857,0.5312
6.068,0.54931
6.3579,0.53799
6.5696,0.5298
6.755,0.52215
3.8334,0.64456
6.4634,0.53402
4.4455,0.61319
6.5273,0.53191
6.3708,0.53714
5.8345,0.56071
6.4447,0.53437
6.1517,0.54598
6.1392,0.54548
6.7047,0.52286
6.0342,0.55158
6.8456,0.51862
6.5429,0.53211
5.5509,0.56514
5.9705,0.55659
6.3409,0.54144
5.9591,0.55708
6.8596,0.51931
6.3813,0.53861
6.6684,0.52612
6.0619,0.55278
7.0588,0.51271
3.9951,0.64205
3.9016,0.64555
5.6732,0.56887
5.9369,0.55864
4.229,0.62565
6.0034,0.55557
6.2799,0.54353
3.8473,0.65012
6.2626,0.54378
6.3373,0.53971
5.9011,0.56025
5.8433,0.56275
5.7117,0.56178
6.9149,0.5207
6.1152,0.54822
6.2914,0.54497
4.0471,0.63991
6.1013,0.55205
3.7713,0.65688
6.1809,0.54854
6.4269,0.53932
6.3362,0.5434
6.5488,0.53514
6.6023,0.53307
5.949,0.56025
5.7637,0.56821
6.0503,0.55738
5.9964,0.55882
5.9525,0.56019
6.0061,0.5589
6.3899,0.5421
5.7654,0.56986
6.2541,0.54788
5.9951,0.55721
6.2382,0.54783
6.0795,0.5551
6.7938,0.52606
6.2335,0.54674
7.1017,0.51526
6.3441,0.54368
6.3311,0.54516
6.8481,0.52504
6.6752,0.5316
7.274,0.50923
6.838,0.52281
6.876,0.52339
6.0964,0.55241
6.8141,0.5275
7.155,0.51474
6.8465,0.52652
6.8725,0.52472
6.6192,0.53544
6.6213,0.53448
6.4035,0.54389
6.9385,0.52292
6.8098,0.52838
6.6977,0.5329
7.2256,0.51385
6.9622,0.52412
6.4642,0.54322
7.0689,0.52133
5.4059,0.57957
4.9623,0.59859
6.5306,0.54047
6.4943,0.54139
6.6808,0.53661
6.2931,0.55271
6.1793,0.55764
6.2204,0.55399
6.5795,0.54036
6.2788,0.55167
6.4156,0.54506
6.0002,0.56368
6.0822,0.56039
6.9067,0.52628
6.5153,0.54208
6.7197,0.53544
6.5481,0.54508
6.6861,0.53963
6.7063,0.53848
6.7007,0.53949
6.6989,0.53929
6.384,0.55193
6.6107,0.54249
6.5496,0.54451
7.2298,0.51878
7.4074,0.51152
6.9631,0.52797
6.8215,0.53338
6.6186,0.54226
6.2946,0.55528
6.2746,0.55669
6.5711,0.54425
6.8024,0.53644
6.6179,0.54476
5.9559,0.57239
7.3946,0.5158
6.7021,0.54032
6.6085,0.54402
6.7587,0.53828
6.37,0.55436
6.5354,0.54742
6.8056,0.53759
6.2982,0.55831
6.5479,0.54817
6.6857,0.54261
6.6872,0.54335
6.737,0.5416
7.0225,0.53091
7.1259,0.52658
6.6597,0.54396
6.5488,0.54856
7.1664,0.52571
6.5567,0.5489
6.1128,0.56957
6.096,0.56942
6.1642,0.56605
6.3723,0.55751
6.4403,0.55522
6.3251,0.56026
6.5519,0.55142
6.8239,0.54054
6.6841,0.54532
6.7459,0.54345
6.225,0.56485
6.0039,0.5757
5.9741,0.57678
6.0743,0.57272
6.2233,0.56631
6.2685,0.56376
6.1071,0.5708
5.8971,0.58051
6.3426,0.5613
6.2745,0.56408
5.6626,0.59128
6.375,0.56104
6.2183,0.568
6.349,0.56267
6.395,0.56198
6.0549,0.57699
6.7492,0.54771
6.1282,0.57365
6.6374,0.55103
6.5411,0.55545
6.4335,0.56038
6.4937,0.55758
6.8122,0.54588
6.4595,0.55996
6.6333,0.55237
6.1783,0.57122
6.6402,0.55268
6.454,0.56034
6.0001,0.58053
6.4101,0.56239
6.4559,0.5604
6.6598,0.55227
6.0248,0.57838
6.3735,0.56407
6.0245,0.57939
6.1128,0.5758
6.6199,0.55592
6.7095,0.5515
6.1247,0.57611
6.2204,0.5725
5.837,0.58928
6.4277,0.56337
6.0241,0.58097
6.3608,0.56665
6.2942,0.56965
6.4249,0.56429
5.6856,0.59699
6.166,0.57595
6.1105,0.57719
6.0403,0.58098
5.3977,0.61088
5.7141,0.59595
5.8795,0.58843
5.902,0.58757
5.9716,0.58534
5.6392,0.59986
5.1482,0.62433
6.1652,0.57839
5.3665,0.61498
5.1656,0.62454
5.5837,0.60406
5.9904,0.58556
5.7463,0.59671
5.8052,0.59415
5.9449,0.5877
6.093,0.58295
5.8396,0.59303
6.038,0.58369
5.9528,0.58781
5.9576,0.58781
4.8909,0.62921
4.7286,0.63743
5.3595,0.61562
6.4028,0.56993
5.4718,0.61103
6.2459,0.57722
6.0371,0.58651
5.8767,0.5931
6.348,0.57375
5.968,0.59018
5.7516,0.60025
6.0353,0.58843
5.7403,0.59889
5.9324,0.59027
6.215,0.57823
5.9171,0.59173
6.1208,0.58146
5.9836,0.58727
5.8972,0.59313
5.7255,0.60184
6.078,0.58625
5.6363,0.60795
5.5871,0.60985
5.9203,0.59505
5.6161,0.60809
5.9492,0.59276
5.8857,0.59399
5.4622,0.61486
4.5912,0.65036
5.923,0.59392
5.6861,0.60466
5.7431,0.60295
5.7246,0.60429
6.1176,0.58769
5.4836,0.61618
5.4478,0.6176
5.9182,0.59596
6.4103,0.57681
5.9777,0.59526
6.1645,0.58699
5.7292,0.60647
5.8255,0.60188
6.0814,0.59144
5.725,0.60453
4.6727,0.64756
5.9178,0.59835
5.6936,0.60787
5.6381,0.61088
5.7899,0.60413
5.5685,0.61343
5.4742,0.61994
5.6573,0.61029
5.6466,0.61033
5.7129,0.60704
5.8273,0.60295
5.8939,0.59998
5.8825,0.60323
5.8667,0.60407
5.9343,0.60192
6.1521,0.59019
5.8746,0.60247
5.5742,0.61813
6.2998,0.58698
4.3781,0.67173
5.4485,0.62404
5.7129,0.61004
5.6113,0.61405
5.5783,0.61527
5.5923,0.61514
5.4628,0.62253
5.7667,0.60793
5.4888,0.62218
5.6179,0.61609
5.925,0.60167
5.4411,0.62656
5.3286,0.63064
5.9099,0.6036
5.677,0.61559
5.7628,0.61065
5.8585,0.60619
5.3567,0.63073
5.8309,0.60467
5.7969,0.60961
5.7625,0.61147
5.7978,0.60999
5.5595,0.62115
5.4925,0.62478
5.6769,0.61752
5.8419,0.60858
6.3504,0.58576
6.2709,0.58914
5.9712,0.60067
6.1221,0.59345
4.7588,0.66032
5.3742,0.6322
5.3275,0.63511
5.561,0.62289
5.9864,0.60415
5.9202,0.60802
5.6085,0.62385
5.5868,0.62197
5.6204,0.62248
5.4039,0.63338
5.5176,0.62711
5.6005,0.62369
4.9579,0.65597
5.5464,0.62857
5.8393,0.61605
5.7632,0.6186
5.2706,0.64299
5.7285,0.62089
5.4037,0.63584
5.6058,0.62699
4.9278,0.65974
5.4527,0.63387
5.4838,0.63173
5.2982,0.64103
5.1214,0.65013
5.5461,0.6287
5.2632,0.64341
5.0913,0.64853
5.2541,0.64415
4.896,0.66281
5.8686,0.61485
5.0369,0.65504
5.1481,0.65154
4.8449,0.66512
5.2718,0.64378
5.2899,0.6429
5.0321,0.65681
5.0188,0.65809
5.1104,0.6534
4.8195,0.66839
6.0489,0.60769
5.6955,0.62475
5.2075,0.64743
5.4231,0.638
4.7486,0.67443
4.6199,0.67963
4.5118,0.68662
5.0368,0.65566
5.134,0.65327
5.4019,0.64108
5.1403,0.65441
5.2327,0.64923
5.5454,0.63495
4.3536,0.68847
5.0932,0.65729
5.144,0.65012
5.0643,0.65819
4.6316,0.67705
4.7808,0.66811
5.5147,0.63524
5.5509,0.63314
5.8455,0.6177
5.3342,0.641
4.5912,0.67571
5.7855,0.62194
4.3421,0.69151
5.384,0.64097
5.7422,0.6256
5.561,0.63516
5.2052,0.65176
5.74,0.62669
5.3865,0.63883
5.807,0.62181
6.1842,0.6073
6.079,0.61256
5.8587,0.62181
5.8612,0.62312
6.1911,0.60793
6.0598,0.61556
6.0261,0.61711
4.07,0.70909
4.7253,0.6708
5.287,0.64725
6.0611,0.61525
6.1892,0.60775
5.9871,0.61841
5.7361,0.63079
5.6723,0.63411
5.5961,0.63854
4.7001,0.67508
5.3062,0.65213
5.3086,0.65258
5.9571,0.62096
4.5275,0.68386
6.298,0.60349
4.9146,0.66219
4.872,0.66543
5.9569,0.62032
3.5978,0.73569
5.5699,0.6391
5.8864,0.62411
6.1203,0.61252
5.9087,0.6239
5.7809,0.6315
4.086,0.70823
4.1668,0.70573
4.0619,0.71075
5.9516,0.62088
5.4169,0.64532
5.3481,0.65
5.4192,0.64588
5.374,0.64993
5.2358,0.65638
5.4145,0.64712
4.8971,0.67435
5.256,0.6566
5.3854,0.65062
5.0278,0.66923
5.2379,0.65876
5.3197,0.65332
5.1802,0.66124
5.6526,0.63982
3.5583,0.74169
5.8775,0.62829
5.1475,0.65692
4.4608,0.69112
5.4468,0.64877
4.4015,0.6977
5.3914,0.65274
5.5865,0.64381
6.0454,0.62127
5.3035,0.65811
5.1316,0.66607
5.951,0.62582
5.069,0.66552
5.7903,0.63385
4.9782,0.67176
5.067,0.66635
5.031,0.66722
5.2988,0.65685
5.4711,0.6488
5.0407,0.66735
5.1219,0.6634
5.2489,0.66021
5.0231,0.66903
5.8471,0.63168
5.7916,0.6343
5.0602,0.66875
5.1573,0.66312
5.3899,0.65498
5.2809,0.65913
5.5748,0.64552
4.6689,0.68774
4.7333,0.68652
5.1294,0.66907
5.1688,0.6665
5.4577,0.65112
5.4018,0.65567
5.6604,0.64327
5.5511,0.64828
5.7442,0.63897
5.0575,0.67225
5.1131,0.6689
5.0416,0.67347
5.5896,0.64676
5.1057,0.67003
5.2149,0.66488
5.2781,0.66104
5.2209,0.6647
5.3047,0.65825
5.1844,0.66412
5.1311,0.66751
5.4639,0.65262
5.0814,0.66796
5.1504,0.66595
5.0011,0.67478
4.2792,0.70669
5.2373,0.66266
5.2534,0.66147
5.2148,0.66338
5.0893,0.67032
4.4796,0.69714
5.4601,0.64997
4.9132,0.67728
5.2112,0.66308
5.5831,0.64769
5.3275,0.6586
5.2887,0.66251
4.7281,0.68623
4.4882,0.69732
5.2809,0.66094
5.4991,0.65014
5.469,0.65263
5.0669,0.67286
5.1917,0.66575
4.9376,0.67844
4.7034,0.69188
5.5929,0.64663
4.7673,0.68818
5.1912,0.66691
5.1555,0.6697
4.5039,0.70317
4.6655,0.69383
5.3277,0.66127
5.1904,0.66854
4.786,0.68146
6.0341,0.62852
5.6954,0.64323
4.6793,0.68588
5.2813,0.66301
5.2844,0.66108
5.3404,0.65941
5.5557,0.65094
5.6287,0.64564
5.7962,0.63877
5.9237,0.63383
5.8219,0.63867
6.0282,0.62849
5.4963,0.65291
5.7991,0.63954
5.6366,0.64648
5.0613,0.67589
5.3892,0.65842
5.4444,0.65557
4.4665,0.70104
5.4766,0.65531
5.6041,0.64886
5.2247,0.66789
5.4074,0.66011
5.7582,0.64161
5.5261,0.65287
5.4573,0.6563
5.5848,0.65057
5.2773,0.66609
4.8587,0.68796
4.918,0.6852
4.2755,0.71433
5.1543,0.67189
5.8878,0.63545
4.7913,0.69144
5.2125,0.66945
5.1082,0.6759
5.4937,0.65546
5.1319,0.6726
5.1786,0.67189
4.9884,0.68107
5.238,0.6694
4.6277,0.694
5.4055,0.66116
5.5996,0.65096
4.8699,0.68771
4.4393,0.70311
5.4125,0.65593
4.7103,0.68905
3.7066,0.74279
3.7662,0.73676
4.8443,0.68206
4.6611,0.6925
5.8289,0.64251
3.7543,0.73998
5.2843,0.66857
5.3648,0.66467
5.5443,0.6553
5.8093,0.642
5.6215,0.65146
4.1965,0.71413
5.7163,0.64723
5.2576,0.6687
5.4988,0.65741
5.3847,0.66353
5.4117,0.66143
4.6305,0.69657
5.9007,0.6396
5.5024,0.65675
5.1478,0.67419
4.7664,0.69152
4.78,0.68849
5.2357,0.6688
5.4245,0.65982
5.4347,0.65761
5.7251,0.64591
5.5025,0.65837
5.4459,0.66036
5.3334,0.66441
5.1726,0.67284
5.1327,0.67445
5.2265,0.67035
5.1938,0.67095
5.2303,0.66992
5.5413,0.65679
4.937,0.68459
5.4496,0.65838
5.5553,0.65702
5.3172,0.66881
4.8446,0.69311
5.1365,0.67803
4.8115,0.69503
4.9876,0.68469
5.0716,0.68152
5.8345,0.64408
5.0492,0.68185
4.3599,0.71245
5.7591,0.64754
5.3712,0.66576
4.0277,0.72841
5.0931,0.68035
4.6456,0.69711
4.3734,0.71263
5.3195,0.66926
5.4935,0.66022
5.1175,0.67887
5.1313,0.67631
5.5303,0.65826
5.5232,0.65825
5.0873,0.67839
5.6049,0.65555
5.2802,0.67027
5.0804,0.68039
5.0275,0.68179
5.3283,0.6702
5.4312,0.6648
5.4295,0.66552
5.3411,0.66955
5.1692,0.67652
4.9686,0.68596
4.9494,0.68981
4.9267,0.69016
4.8051,0.69447
4.7678,0.699
5.2253,0.67547
4.9949,0.68534
5.2502,0.67227
5.3188,0.67075
5.3375,0.67055
5.1745,0.67771
5.3445,0.67092
5.2157,0.67633
4.2402,0.72239
4.4563,0.71336
4.4859,0.71111
5.2906,0.6706
5.067,0.684
5.1441,0.68059
5.053,0.68239
5.0091,0.68192
5.1752,0.67881
5.3341,0.6704
5.4058,0.66706
4.4837,0.70854
5.433,0.66609
5.3355,0.67119
5.0383,0.68573
5.2315,0.67669
5.4665,0.66414
5.3209,0.6721
5.1079,0.68189
4.8725,0.68996
5.3023,0.67132
5.1199,0.68117
5.3987,0.66734
5.0602,0.68348
5.3094,0.67311
5.06,0.68565
5.2981,0.67399
5.3417,0.6708
4.9838,0.68927
4.9932,0.68807
5.2449,0.67586
5.2552,0.67475
4.9813,0.68939
4.9955,0.68848
4.7166,0.70376
5.0299,0.68662
5.3699,0.67131
5.0161,0.68843
4.9302,0.69252
5.149,0.68176
5.2378,0.67662
5.2723,0.67596
5.2078,0.67894
5.1216,0.68329
5.3043,0.67441
5.0725,0.68559
5.3458,0.6722
5.5245,0.66415
4.8932,0.69549
4.7732,0.70147
4.631,0.70826
4.6352,0.70895
4.8187,0.69968
4.8628,0.69704
4.9101,0.69478
4.7547,0.70261
5.137,0.68327
4.5963,0.71135
5.0035,0.69004
5.3892,0.67273
5.4586,0.66789
5.1836,0.68017
5.2564,0.67762
4.7644,0.70276
5.2444,0.67779
5.1298,0.68406
5.0535,0.68713
4.8481,0.69872
4.8798,0.69581
4.6354,0.7074
4.628,0.70499
4.9356,0.69347
5.3764,0.67173
4.7389,0.70068
5.0836,0.68673
4.8787,0.69808
5.0659,0.68871
5.2887,0.67677
4.7675,0.69979
4.6069,0.71372
4.9496,0.69357
5.0486,0.68903
5.2836,0.6773
5.1397,0.68432
5.1595,0.68227
5.8422,0.65059
5.1569,0.68266
5.31,0.67622
5.0835,0.68747
4.9297,0.69522
5.2474,0.6793
