1.2912,1.0853
1.3058,1.078
1.2352,1.0966
1.4616,1.0519
1.4047,1.0625
1.3665,1.0721
1.3398,1.0695
1.2219,1.0973
1.2864,1.088
1.2859,1.087
1.2579,1.0914
1.2226,1.0996
1.4079,1.0654
1.6827,1.0124
1.6219,1.02
1.4807,1.0482
1.4952,1.0464
1.6703,1.014
1.6194,1.0217
1.5813,1.0241
1.3271,1.0764
1.5005,1.0387
1.3129,1.0803
1.2874,1.0869
1.2403,1.0908
1.3166,1.0734
1.3126,1.0795
1.298,1.0836
1.3881,1.0658
1.4577,1.0507
1.4405,1.0567
1.481,1.0476
1.3118,1.0829
1.653,1.0068
1.4332,1.0517
1.4902,1.0405
1.4497,1.0531
1.603,1.0231
1.4715,1.0471
1.3191,1.0783
1.3672,1.0693
1.3245,1.0766
1.3111,1.0843
1.3551,1.0748
1.4662,1.0519
1.3311,1.0802
1.3797,1.0636
1.294,1.0842
1.4237,1.0571
1.3887,1.064
1.3817,1.0646
1.3356,1.0764
1.612,1.0199
1.5024,1.0387
1.3662,1.0679
1.286,1.0866
1.4634,1.0496
1.3872,1.0645
1.4035,1.0617
1.4069,1.0614
1.3335,1.0739
1.3902,1.0641
1.4243,1.0593
1.2657,1.0891
1.3314,1.0766
1.3312,1.0744
1.4338,1.0511
1.3644,1.0698
1.3615,1.0694
1.3203,1.0765
1.346,1.0713
1.4637,1.0447
1.4366,1.0561
1.2761,1.0871
1.3452,1.0723
1.3745,1.0658
1.3671,1.0655
1.4147,1.0515
1.3793,1.0632
1.3268,1.0753
1.4324,1.0515
1.4769,1.0416
1.4161,1.0581
1.3869,1.0608
1.394,1.056
1.4391,1.0497
1.4448,1.0495
1.3064,1.0774
1.3884,1.0592
1.3419,1.0695
1.4486,1.0493
1.3234,1.0732
1.4045,1.0586
1.3417,1.0688
1.3136,1.0738
1.3216,1.0726
1.3901,1.0594
1.5543,1.031
1.3652,1.0652
1.5603,1.0285
1.5703,1.0204
1.511,1.0306
1.5311,1.0293
1.5316,1.0308
1.3866,1.0604
1.5882,1.0179
1.4622,1.036
1.4731,1.0379
1.3675,1.0541
1.4161,1.0466
1.3057,1.0685
1.3381,1.06
1.4045,1.0466
1.445,1.0421
1.5,1.0284
1.5213,1.0212
1.3461,1.0557
1.3882,1.0496
1.3287,1.0618
1.3411,1.0581
1.4825,1.0285
1.3651,1.0527
1.3082,1.0654
1.2966,1.0659
1.3752,1.0534
1.3596,1.0519
1.3748,1.0533
1.3135,1.0634
1.3056,1.0645
1.3105,1.062
1.3296,1.0569
1.3859,1.0487
1.532,1.0187
1.3996,1.0385
1.349,1.0525
1.4165,1.0401
1.3407,1.0537
1.4147,1.0413
1.4378,1.0357
1.4506,1.0333
1.4399,1.037
1.5053,1.0244
1.4731,1.0306
1.4913,1.0249
1.3467,1.0504
1.286,1.0602
1.3715,1.0459
1.4278,1.0367
1.4201,1.036
1.3551,1.0486
1.4369,1.0321
1.4305,1.0368
1.3482,1.0515
1.3348,1.0525
1.3984,1.0413
1.2688,1.0647
1.4096,1.0349
1.3948,1.0343
1.2846,1.0603
1.2281,1.0716
1.2018,1.0738
1.1971,1.0796
1.2846,1.0626
1.243,1.072
1.1933,1.0821
1.3915,1.0358
1.4365,1.0273
1.3749,1.0339
1.3836,1.0325
1.3816,1.0353
1.3092,1.0437
1.3907,1.0292
1.345,1.0407
1.3817,1.0327
1.4344,1.0236
1.4781,1.0135
1.3878,1.0321
1.4069,1.0226
1.4601,1.0185
1.436,1.0202
1.4306,1.0211
1.5027,1.0073
1.6147,0.9863
1.5272,1.0002
1.4944,1.0087
1.4765,1.0106
1.5813,0.99436
1.5573,0.99824
1.5685,0.9946
1.4913,1.008
1.4724,1.0097
1.4526,1.0123
1.6974,0.97673
1.5383,0.99773
1.511,1.0007
1.6133,0.98838
1.6506,0.9832
1.7342,0.9717
1.6666,0.98094
1.7526,0.97221
2.0381,0.93757
2.3698,0.9051
2.7424,0.87213
3.2166,0.83706
2.9952,0.85273
2.9049,0.85858
2.9583,0.85176
2.9569,0.85268
2.893,0.85947
3.0507,0.84448
3.1522,0.83922
3.2711,0.83133
3.3391,0.82543
3.422,0.81786
3.2814,0.8273
3.3092,0.82562
3.2464,0.82636
3.666,0.79907
3.4888,0.80952
3.4338,0.8173
3.621,0.80291
3.6181,0.80357
3.5832,0.80506
3.5426,0.80603
3.2482,0.8253
3.2631,0.82334
3.4779,0.81029
3.5567,0.80238
3.5266,0.80501
3.3762,0.81576
3.3282,0.8199
3.3325,0.81669
3.1826,0.82791
3.6421,0.79675
3.5545,0.80074
3.8622,0.78177
4.0796,0.76958
3.7792,0.78675
3.604,0.79682
3.5478,0.80111
3.4844,0.80926
3.355,0.8162
3.3365,0.81644
3.4127,0.81022
3.4313,0.81074
3.6757,0.79305
3.8175,0.78567
3.7874,0.78644
3.7889,0.78587
3.7904,0.78619
3.7638,0.78795
4.3744,0.75053
4.008,0.77584
3.763,0.78684
3.6998,0.79136
3.8294,0.78275
3.9765,0.77781
4.2491,0.76421
4.0961,0.77106
3.7934,0.79289
3.736,0.79258
4.2919,0.76099
4.2114,0.76736
3.9167,0.78375
4.0679,0.7747
4.2872,0.76352
4.1068,0.77291
3.863,0.7897
3.6462,0.7994
3.6853,0.79816
4.3916,0.75643
4.0376,0.77885
4.0126,0.77912
4.5602,0.74392
4.135,0.77007
4.0648,0.7734
4.0832,0.77169
4.4597,0.75221
4.1486,0.77438
4.292,0.76374
4.0505,0.77564
4.1791,0.76655
4.3381,0.75642
4.165,0.77056
4.6388,0.74422
4.2628,0.76765
4.0492,0.78012
4.0642,0.77879
3.7895,0.80088
4.4605,0.75188
4.2037,0.7723
4.4379,0.75688
4.0598,0.78423
4.0088,0.78529
3.8671,0.79201
3.7644,0.80458
4.1829,0.77244
3.712,0.80816
3.5599,0.81641
3.7554,0.8032
4.0857,0.78006
4.5013,0.75286
4.1358,0.77708
4.2645,0.7693
3.7407,0.80865
4.1529,0.77877
3.6873,0.80859
3.8248,0.79968
3.8874,0.79614
4.4541,0.76085
4.0698,0.78117
4.0384,0.78444
3.9884,0.78505
4.1405,0.77792
4.1769,0.77752
4.5238,0.75045
3.8101,0.79827
4.1581,0.77658
4.0792,0.78315
4.338,0.76523
4.5778,0.7509
4.6893,0.74453
4.5595,0.75275
4.6102,0.74894
4.0505,0.78469
4.1268,0.78035
4.0233,0.78713
4.0833,0.78159
4.2078,0.77285
4.3258,0.76571
4.1928,0.77312
3.9842,0.7869
4.0445,0.78284
4.3359,0.76342
4.365,0.76171
4.1183,0.7772
4.1637,0.7746
4.341,0.76282
4.5879,0.74952
4.356,0.76235
4.3089,0.76494
4.4302,0.7557
4.2905,0.76464
4.437,0.75579
4.2662,0.7674
4.2192,0.77051
4.5605,0.74818
4.4504,0.75552
4.0524,0.78068
4.0675,0.78149
3.9019,0.79445
4.0652,0.78235
4.3594,0.763
4.2237,0.77129
3.6615,0.80845
4.4987,0.75272
4.0789,0.78142
4.2811,0.76694
4.1973,0.77322
3.9455,0.7891
4.4053,0.7582
4.4519,0.75417
4.0078,0.78169
4.161,0.77254
4.1655,0.77314
4.7473,0.73981
4.4758,0.75642
4.7783,0.7393
4.6815,0.74534
4.5241,0.75391
4.3802,0.76267
4.4664,0.75642
4.2888,0.76651
4.3847,0.76028
4.573,0.74705
4.3826,0.75879
4.4498,0.75465
4.4444,0.75453
4.6779,0.74087
4.7165,0.73975
4.9341,0.72564
4.7359,0.73659
4.7812,0.73307
4.5474,0.74846
4.3077,0.76457
4.6158,0.74596
4.3772,0.76025
4.6442,0.74211
4.626,0.74294
4.3617,0.75991
4.792,0.73347
4.5368,0.74814
4.5338,0.74735
4.4895,0.74958
4.4591,0.75134
4.3761,0.75623
4.7082,0.73706
4.3889,0.75672
4.8986,0.72753
5.1307,0.71579
5.1657,0.71357
4.9156,0.72843
4.8319,0.73328
4.877,0.72994
4.3678,0.75829
4.6707,0.74051
4.5422,0.74815
4.6167,0.74269
4.6448,0.74027
4.8907,0.72774
5.1878,0.71157
4.7714,0.73288
4.6269,0.73826
4.3289,0.75709
4.0893,0.7716
4.3813,0.7533
5.0084,0.71825
5.1409,0.71244
4.4703,0.75125
4.689,0.74019
4.5268,0.75
4.8106,0.73266
4.6639,0.74127
4.7894,0.73163
4.4577,0.75075
4.6048,0.74186
4.645,0.74069
4.7803,0.73577
4.7477,0.73579
4.8795,0.72809
4.8505,0.72863
4.9023,0.72414
4.5922,0.74284
4.613,0.74029
5.0052,0.71952
4.9255,0.72562
5.0977,0.71522
4.7468,0.73331
4.4964,0.74595
4.4944,0.74779
4.9817,0.72269
5.0725,0.71852
5.4204,0.6993
4.7744,0.73206
4.5454,0.7443
4.977,0.71825
4.9184,0.72347
4.5745,0.74311
4.8735,0.72596
4.6971,0.73615
5.0016,0.71795
5.2194,0.70718
4.8778,0.72651
4.6261,0.73988
4.8525,0.72589
4.7506,0.73228
4.421,0.75124
4.3894,0.75412
4.9945,0.71702
4.8489,0.72662
4.6745,0.73813
4.9523,0.72291
4.5649,0.74168
4.8673,0.72744
4.8385,0.72981
5.087,0.71552
4.5962,0.74041
4.6376,0.7389
5.1239,0.71266
4.9226,0.72445
4.9956,0.72073
5.1991,0.70964
4.9596,0.72256
5.0216,0.71947
5.3118,0.70418
5.0065,0.7201
5.2359,0.70826
4.7874,0.73067
5.218,0.70938
4.8233,0.72931
4.6124,0.74166
4.9343,0.72419
5.2584,0.7068
4.5717,0.74328
4.6941,0.73647
4.635,0.73814
4.4419,0.74882
4.5113,0.7436
4.7429,0.73005
4.8054,0.72851
4.6832,0.73716
4.9155,0.72498
5.2572,0.70639
5.3412,0.69989
5.1155,0.71189
5.0501,0.71708
5.3823,0.70087
5.1226,0.71451
5.0492,0.7177
5.0575,0.71682
5.5241,0.69215
5.063,0.71611
4.9543,0.72044
5.1343,0.71138
5.245,0.7062
5.6974,0.68247
5.3901,0.6981
5.5921,0.68838
5.3289,0.70319
5.8181,0.67826
5.3767,0.70012
5.7252,0.68151
5.754,0.67931
5.7928,0.68045
5.6307,0.68698
5.4912,0.69577
5.0582,0.715
5.2261,0.70345
5.3057,0.70276
5.1799,0.71023
5.2727,0.70506
5.6031,0.68767
5.3399,0.70128
5.4693,0.69419
5.4855,0.6935
5.3665,0.69941
5.2438,0.70725
4.9083,0.72354
5.3944,0.69977
5.0579,0.71747
5.6914,0.68629
5.4527,0.69701
5.5524,0.6919
5.4399,0.69615
5.2597,0.7056
5.3411,0.70033
5.243,0.70579
5.6256,0.68848
5.3461,0.70082
5.2278,0.70674
5.3933,0.69545
5.2729,0.70308
5.3478,0.69749
5.3981,0.69757
5.372,0.69897
5.3556,0.69857
5.7648,0.6797
5.7674,0.67958
5.7686,0.68083
5.6091,0.68743
6.2453,0.65911
5.6912,0.68472
5.8713,0.67406
5.4409,0.6943
5.6485,0.68519
5.7471,0.68049
5.3368,0.70072
5.7727,0.67802
5.2346,0.7044
5.5226,0.68997
5.3147,0.70041
5.7913,0.67579
5.5042,0.6908
5.6221,0.68513
5.3419,0.70141
5.5038,0.69225
5.5636,0.69019
5.6933,0.68249
5.6292,0.68567
5.6922,0.6831
5.6453,0.68541
5.6144,0.68675
5.7939,0.67711
5.6713,0.68258
5.8247,0.67406
5.9356,0.66996
5.4133,0.69483
5.5081,0.68967
4.9723,0.71526
4.6047,0.73527
4.9811,0.71172
4.8448,0.71909
4.6426,0.7298
5.1681,0.70205
4.8993,0.71503
5.1283,0.70376
5.3066,0.69318
5.0794,0.70551
5.258,0.69689
5.4463,0.68775
5.3512,0.69366
5.1966,0.70077
5.1622,0.70292
5.2171,0.69998
5.0066,0.71053
5.1751,0.70139
5.156,0.70189
5.3532,0.69236
5.2429,0.69698
5.2352,0.6967
5.4274,0.68755
5.3459,0.69136
5.5076,0.68442
4.9189,0.71441
5.1035,0.70565
5.002,0.71038
5.0528,0.70721
5.0929,0.70463
5.1506,0.70181
5.3525,0.69229
5.1812,0.70041
5.2907,0.69463
4.8721,0.71746
4.9114,0.71452
4.5485,0.73347
4.9674,0.70975
4.7447,0.72321
4.6818,0.72726
4.9875,0.71016
4.9527,0.71004
4.654,0.72758
5.0302,0.7073
4.7478,0.72247
4.9215,0.71285
4.9041,0.71204
4.9436,0.71005
5.0089,0.70752
5.1315,0.70208
4.7374,0.7231
5.1124,0.70323
4.8921,0.71384
5.2409,0.69647
5.0768,0.70332
5.2055,0.69895
5.3766,0.69058
5.0646,0.70698
5.33,0.69199
5.5315,0.68304
5.0825,0.70514
5.2882,0.69359
5.1519,0.70113
5.1595,0.70044
5.5565,0.68131
5.2604,0.6949
5.1266,0.70178
5.3,0.69292
5.1737,0.69902
4.9193,0.71159
5.0735,0.70492
4.8812,0.71328
4.6995,0.7239
4.9896,0.70868
4.7788,0.7199
4.9235,0.71187
5.18,0.69919
4.9454,0.71013
4.5668,0.73128
4.589,0.72896
4.5736,0.72975
4.757,0.72093
5.3396,0.68891
5.302,0.69239
5.0892,0.70324
5.1047,0.70201
5.4237,0.68597
5.251,0.69376
4.8054,0.71737
4.9443,0.71019
5.0381,0.70497
5.0548,0.70379
4.9861,0.70772
4.8272,0.71536
4.5338,0.73227
4.6792,0.72596
4.9825,0.70838
4.8225,0.71618
5.0447,0.70487
5.1065,0.70091
4.9461,0.70924
4.6729,0.72401
5.0352,0.70397
4.9792,0.7069
5,0.70656
4.6274,0.72641
5.2099,0.69528
5.0598,0.70337
5.4106,0.68596
5.4456,0.68475
5.1686,0.69817
5.4501,0.68314
5.3846,0.68664
5.132,0.69902
5.1379,0.69903
5.3233,0.68898
5.266,0.69159
4.9509,0.70743
4.8527,0.71379
5.3057,0.68992
5.096,0.70134
5.3195,0.69044
5.3241,0.68945
5.2716,0.69189
5.412,0.68527
5.3883,0.68599
5.5838,0.67626
5.192,0.69437
5.4331,0.68338
5.323,0.68881
4.5893,0.7289
5.0086,0.70744
4.9127,0.71172
5.2021,0.69683
5.0133,0.70484
4.7951,0.71707
5.053,0.70273
4.7662,0.71795
5.0953,0.70151
4.9306,0.70912
5.0706,0.70238
4.9163,0.71078
5.4196,0.6847
5.0198,0.70423
5.415,0.68476
5.4193,0.68424
5.0347,0.70407
4.9425,0.70819
5.0938,0.69998
4.7482,0.71697
5.3553,0.68758
4.8298,0.71397
5.3065,0.68951
5.1794,0.69618
5.2792,0.69118
5.2006,0.69448
5.1224,0.69888
5.1728,0.69635
5.201,0.69621
5.2865,0.6915
5.2703,0.69175
5.3151,0.689
5.236,0.6932
4.8375,0.71368
4.945,0.70702
5.1012,0.69824
5.3307,0.68722
5.0078,0.70396
5.2658,0.69216
5.1639,0.69743
5.4894,0.67978
5.1752,0.69521
5.3458,0.6857
5.3292,0.68703
5.0639,0.7003
5.3301,0.6881
5.2803,0.69017
5.4669,0.68205
4.8694,0.71109
5.0187,0.70178
5.1206,0.69772
5.0656,0.70167
4.9649,0.70701
5.0302,0.70378
5.2406,0.69163
5.0466,0.70119
4.7117,0.71869
4.9133,0.70844
5.1717,0.6966
5.1853,0.69509
4.797,0.71473
4.6655,0.72187
4.5546,0.72897
4.7524,0.71614
4.9157,0.70847
4.6614,0.72143
5.1127,0.6973
5.271,0.6912
5.1312,0.69788
5.2385,0.69148
5.0862,0.69971
4.8964,0.70956
4.8002,0.7159
4.5583,0.72956
4.8022,0.71417
4.4464,0.73369
4.2756,0.74459
4.2951,0.74185
4.7955,0.7128
4.3726,0.73774
4.2297,0.747
4.8049,0.71318
4.6941,0.72042
4.5476,0.72833
4.8202,0.71367
5.168,0.6951
5.1038,0.69936
5.0409,0.70286
5.3115,0.68897
5.1133,0.69807
4.842,0.71143
5.215,0.69177
5.2342,0.69092
5.1845,0.69519
4.7103,0.7191
4.8562,0.70995
5.542,0.67759
5.2306,0.69281
5.3301,0.68708
5.5512,0.67761
5.5749,0.67499
5.4452,0.68221
5.6359,0.67363
5.4833,0.68039
5.3401,0.68461
4.886,0.70817
5.8858,0.66061
4.9223,0.70696
5.2132,0.69261
4.8267,0.71177
5.0784,0.70107
5.1358,0.69706
5.2874,0.68825
5.298,0.68745
5.1122,0.69766
5.3347,0.68602
5.0742,0.69883
5.0146,0.7022
5.2889,0.68765
5.388,0.68344
5.2281,0.69184
5.2737,0.68898
4.7802,0.71478
5.0693,0.69867
5.2609,0.68896
5.355,0.68282
5.0586,0.69799
4.7579,0.71554
4.8901,0.70893
5.08,0.69948
5.1679,0.69634
5.4195,0.68419
5.1475,0.69523
5.183,0.69463
4.9489,0.70499
5.1279,0.69687
5.2515,0.69033
4.9783,0.70429
4.9199,0.70583
4.9309,0.70584
5.0473,0.699
4.9591,0.70438
5.1554,0.69487
5.2525,0.691
4.9062,0.7094
4.9354,0.70683
4.7635,0.71599
4.8735,0.71052
5.0895,0.69995
5.4666,0.68021
5.0322,0.7015
4.9234,0.70669
5.056,0.69932
5.1479,0.69554
5.3178,0.68645
5.3172,0.68702
5.2618,0.68895
5.1573,0.69201
5.2754,0.6878
5.2758,0.68766
4.9729,0.70346
5.5486,0.67574
5.0109,0.70287
5.4718,0.67859
4.885,0.70765
5.4933,0.67771
5.1279,0.69551
5.26,0.68912
5.6006,0.67123
5.3516,0.68378
5.1848,0.6927
5.2548,0.68822
5.36,0.68381
5.407,0.68248
5.3905,0.68386
5.498,0.67818
5.6583,0.67061
5.4771,0.67851
5.3471,0.68479
5.4617,0.67837
5.2315,0.68952
5.0518,0.69762
5.0269,0.70075
5.3946,0.68243
5.2379,0.68847
5.62,0.67189
5.0196,0.70041
5.3803,0.68359
5.4624,0.67847
4.8417,0.71027
4.8289,0.71009
5.357,0.68311
4.8422,0.70919
5.0097,0.70299
4.9906,0.70273
4.8737,0.7108
4.9384,0.70449
5.3457,0.6861
4.9544,0.70493
5.2305,0.69161
5.5238,0.67692
5.1843,0.6925
5.2868,0.68711
5.2951,0.68689
4.8901,0.70739
4.7575,0.71482
4.7742,0.71345
5.0846,0.69799
4.7864,0.71241
4.8545,0.70792
4.8514,0.70957
4.7931,0.7126
5.0481,0.70022
4.9543,0.70499
4.7929,0.71417
4.93,0.7063
5.1464,0.6947
5.5292,0.67533
4.8352,0.7101
5.387,0.68242
5.3481,0.68466
5.2715,0.68825
5.2148,0.69177
5.5096,0.67626
5.3332,0.68402
5.2805,0.68657
5.2338,0.68866
5.3337,0.684
5.1836,0.69237
5.1327,0.69443
5.103,0.69607
5.2007,0.69092
5.2164,0.69044
5.1406,0.69479
4.3814,0.73604
4.7592,0.71432
4.7859,0.71203
4.9751,0.70278
4.8148,0.71076
4.9687,0.70237
5.1955,0.69174
5.4469,0.68048
5.2804,0.68875
5.0852,0.6984
5.0263,0.70043
4.9677,0.70434
5.4094,0.68216
5.2819,0.68878
5.1486,0.69428
5.3743,0.68265
4.9297,0.70403
4.7012,0.71612
5.0394,0.69813
4.7982,0.71017
4.8968,0.7057
5.2227,0.68961
5.2543,0.68694
5.2014,0.69072
5.1809,0.69135
5.341,0.68307
5.4525,0.67763
5.2457,0.68815
4.9975,0.70081
5.5966,0.67071
4.9641,0.70402
5.1,0.69588
5.0574,0.69972
5.0543,0.69938
5.0299,0.69953
4.9684,0.70109
4.7315,0.71295
4.9876,0.69876
5.1493,0.69132
5.1092,0.69352
4.939,0.70247
4.9066,0.70475
4.924,0.70624
4.9348,0.70628
4.8437,0.70973
4.9711,0.70174
4.7628,0.71304
4.6803,0.71814
5.2623,0.68729
4.7416,0.71506
4.9593,0.70307
4.8931,0.70617
5.0505,0.69671
5.1252,0.69409
5.3219,0.68486
5.0773,0.69788
5.1258,0.69392
4.9597,0.70156
4.9618,0.70269
4.9972,0.70151
5.2821,0.68687
5.0878,0.69747
4.9975,0.70048
5.0361,0.69712
5.2215,0.68738
5.0048,0.69808
4.8841,0.70529
5.0863,0.69453
5.2303,0.68756
5.1692,0.69191
4.9376,0.70347
5.4039,0.68024
5.1057,0.69506
4.9878,0.70065
4.9024,0.70593
5.01,0.69938
4.921,0.70356
5.1261,0.69256
4.9451,0.70464
5.2023,0.6911
5.0753,0.69801
4.8441,0.70961
5.0167,0.70033
5.1892,0.69104
5.4412,0.6781
4.9918,0.70158
4.9029,0.70606
4.6937,0.71595
5.1992,0.69081
5.0421,0.6992
5.0981,0.69547
4.8682,0.70706
4.8359,0.70831
4.4139,0.7327
4.9012,0.70503
4.953,0.70269
5.2587,0.68686
5.2714,0.68681
5.3994,0.68086
5.5789,0.67226
5.4286,0.67975
5.128,0.69329
5.278,0.68581
5.0828,0.69503
4.9996,0.70061
5.0258,0.70038
5.0914,0.69506
5.1123,0.6933
4.8943,0.70455
4.7651,0.71183
4.9598,0.70138
5.0364,0.69936
4.9699,0.70253
4.9365,0.70245
4.8537,0.70547
4.7605,0.71161
4.7623,0.71171
5.0112,0.69917
4.3998,0.73302
4.9649,0.70118
4.9249,0.70312
5.246,0.68689
4.9672,0.70146
5.1447,0.69269
5.0495,0.69745
4.3565,0.73614
4.4931,0.72764
5.2009,0.69001
5.3557,0.68126
5.1836,0.69034
5.3132,0.68336
5.3841,0.67952
5.3194,0.68381
5.3832,0.68152
4.8799,0.70721
4.7972,0.71052
4.5915,0.72182
4.7671,0.71246
5.3228,0.68516
4.8142,0.71041
4.8197,0.70984
5.1903,0.69003
4.6425,0.71931
5.2566,0.68719
5.0247,0.69921
5.1968,0.68984
5.4844,0.67668
5.142,0.69347
5.1494,0.69331
4.8136,0.71042
5.1627,0.69027
5.1368,0.6914
5.1349,0.69178
5.3207,0.68319
5.6156,0.67074
5.1495,0.6928
5.4651,0.67609
5.4887,0.67629
5.3411,0.6831
5.3444,0.68289
5.2812,0.68598
5.4491,0.67851
4.6593,0.71919
4.9662,0.70244
5.2021,0.68962
5.5644,0.67175
5.1782,0.69162
5.2224,0.68778
5.0433,0.69692
5.0894,0.69521
5.1057,0.69459
5.0675,0.69591
4.974,0.70057
5.0602,0.69645
5.2855,0.68374
5.0261,0.69769
5.0841,0.69607
4.9733,0.70156
5.2666,0.68592
5.3224,0.68123
5.1594,0.6904
5.2843,0.68417
4.7257,0.71335
4.9756,0.69815
5.0073,0.69582
5.0998,0.69284
5.0123,0.6986
5.3459,0.68306
5.1156,0.69352
5.2802,0.6852
5.1785,0.68971
5.0328,0.69738
5.2787,0.68507
5.3233,0.68278
5.3832,0.67939
5.0698,0.69544
5.2456,0.68573
5.3376,0.68256
4.6278,0.72138
4.7681,0.7128
4.7751,0.71167
4.9704,0.70222
5.3203,0.68504
5.1836,0.69097
5.1405,0.69269
5.2413,0.68741
5.4672,0.67828
4.8449,0.70933
5.1329,0.6925
4.6432,0.71794
4.8265,0.70755
5.0073,0.69787
5.4228,0.67782
5.08,0.69348
5.3234,0.68454
5.3405,0.68385
5.3239,0.68315
4.9756,0.7
5.4324,0.67676
5.2189,0.68733
5.0795,0.69423
5.1017,0.69367
4.9464,0.7005
5.169,0.69055
5.3623,0.6811
5.1692,0.69065
5.4535,0.67582
5.1008,0.69365
5.3592,0.68117
5.3605,0.68025
4.9989,0.6981
5.0094,0.69839
5.0338,0.69649
4.9516,0.70056
5.1666,0.68983
5.0291,0.6967
5.117,0.69114
5.4072,0.67864
4.9062,0.70358
4.8247,0.70839
4.9431,0.70011
4.958,0.69957
4.9681,0.7011
5.4319,0.67939
5.1169,0.69416
5.0974,0.69518
5.2217,0.68769
5.0475,0.69764
5.1003,0.69468
5.4595,0.67653
5.2049,0.68846
4.7467,0.71174
4.8047,0.70795
4.8273,0.70618
4.7496,0.71498
4.8458,0.7073
5.1378,0.69072
5.2789,0.68325
5.2526,0.68533
5.3276,0.68228
5.2925,0.68486
5.2537,0.68521
4.885,0.70379
5.1222,0.69063
5.5894,0.66932
5.3985,0.67827
5.7357,0.66232
5.7547,0.66301
5.5323,0.67235
5.2785,0.68581
4.8764,0.70635
4.9092,0.70418
4.8188,0.70819
5.1538,0.69059
4.9965,0.69912
5.1236,0.69402
5.364,0.68173
5.2501,0.6871
5.1034,0.69349
5.2149,0.68835
5.2565,0.68724
5.2184,0.68862
5.2051,0.68868
5.1546,0.68928
5.5444,0.67248
5.3862,0.68054
5.2448,0.68593
5.3897,0.67814
4.9804,0.69933
5.4719,0.67419
5.2607,0.68399
5.5778,0.67041
5.2935,0.68279
5.4188,0.67809
5.6464,0.66828
5.4836,0.67586
5.6948,0.66483
5.3481,0.67944
5.4932,0.67256
5.3162,0.68027
5.4325,0.67556
5.8155,0.65748
5.7507,0.66126
5.7611,0.66057
5.5907,0.66859
5.6642,0.66576
5.0569,0.69657
5.0146,0.6979
5.3121,0.68188
4.819,0.70624
4.594,0.71833
4.6544,0.71596
4.8425,0.70511
4.6018,0.71922
5.0363,0.69609
4.9589,0.69951
5.0685,0.69474
5.2715,0.68366
5.1394,0.69091
5.204,0.68763
5.1786,0.68904
4.8607,0.70517
5.1034,0.69172
4.9846,0.69757
4.9866,0.69719
5.1756,0.68861
5.0751,0.69377
4.9431,0.70066
5.5038,0.67216
5.1145,0.6907
4.871,0.70313
5.4177,0.67562
5.7897,0.65767
5.6628,0.66407
5.3474,0.67885
5.1739,0.68807
5.2631,0.68304
5.3754,0.67786
5.3846,0.67763
5.4751,0.67443
5.3087,0.67977
5.4935,0.67186
5.5544,0.66967
5.2938,0.68081
5.4968,0.67056
5.3055,0.68081
5.7931,0.65653
5.5722,0.66775
5.0911,0.6909
5.2145,0.68379
5.7863,0.65864
5.3483,0.68022
4.7999,0.70776
4.9607,0.69881
4.9026,0.7026
4.839,0.7019
5.1618,0.68392
5.4717,0.67379
5.7124,0.66024
5.4716,0.67193
5.6737,0.66369
5.5462,0.66824
5.0911,0.68703
5.1836,0.68124
5.3824,0.67179
5.6715,0.65804
4.7603,0.70726
5.0246,0.69326
5.0224,0.69122
5.2983,0.678
4.8124,0.70368
5.1115,0.68668
5.6957,0.65749
5.4754,0.67039
5.278,0.67755
5.2397,0.67872
5.3218,0.67635
5.1264,0.68309
5.5276,0.66505
5.2894,0.67561
5.7349,0.65432
5.9676,0.64577
5.5951,0.66302
5.6431,0.65909
5.7936,0.65319
5.4764,0.66602
5.6912,0.65539
5.7623,0.65311
5.6211,0.6584
5.7722,0.6532
5.1579,0.67747
5.5765,0.65779
5.0319,0.68479
5.0053,0.68571
4.9354,0.6888
5.0124,0.68373
5.1168,0.67948
5.3053,0.66848
5.4685,0.66142
5.7061,0.65036
5.3963,0.66504
5.5292,0.65747
5.5478,0.65897
5.0653,0.67759
4.8849,0.68634
5.8841,0.64196
5.7115,0.64957
5.3269,0.66636
5.293,0.6658
5.566,0.65701
5.3313,0.66845
5.3723,0.66476
5.4576,0.66136
5.3993,0.66231
5.6828,0.65021
5.6577,0.65139
5.3913,0.66283
5.606,0.65265
4.6456,0.69497
5.9832,0.6346
5.4863,0.65711
4.6265,0.69499
5.3755,0.66073
5.5312,0.65634
5.6084,0.65066
4.756,0.68657
4.5118,0.70042
4.7402,0.68621
4.5643,0.69575
4.521,0.69977
5.2178,0.66127
4.3442,0.70876
4.4829,0.69905
4.873,0.67868
4.7671,0.68294
4.63,0.69069
4.7856,0.68259
4.7395,0.68373
4.6125,0.68829
4.5558,0.69365
5.0296,0.67285
4.375,0.70175
5.9852,0.62695
5.3562,0.65657
4.6764,0.68881
4.8695,0.67707
5.0973,0.66816
4.2893,0.70549
4.9335,0.67493
4.9503,0.67392
4.7931,0.68019
4.651,0.68511
4.9649,0.66993
4.3611,0.70056
4.522,0.6928
4.2631,0.70544
4.3881,0.69592
4.3713,0.69871
4.1551,0.71118
4.1642,0.70957
4.0391,0.71845
4.2674,0.70352
4.502,0.69069
4.5528,0.68964
5.0296,0.66754
4.8263,0.67325
4.778,0.67576
4.3599,0.6965
4.0486,0.71365
3.9673,0.71744
4.001,0.71541
4.0977,0.70755
3.804,0.72812
3.9015,0.72122
3.9069,0.72219
4.9054,0.67198
5.0982,0.6601
4.3733,0.70171
4.7472,0.67873
3.7472,0.73112
4.5508,0.69032
4.4286,0.69125
4.6365,0.68509
3.644,0.73627
4.503,0.68537
4.5668,0.68331
4.4305,0.68847
4.0274,0.71383
4.2251,0.69667
4.1556,0.70207
4.1737,0.7016
4.162,0.70107
4.1932,0.69796
4.2297,0.69408
4.4639,0.67893
4.6073,0.67705
5.0025,0.65051
4.2203,0.69439
4.2775,0.68586
4.4839,0.67777
4.767,0.66473
4.2456,0.68956
5.2045,0.64034
3.8021,0.7134
5.0001,0.64911
3.6156,0.72504
5.2121,0.639
4.8016,0.66031
3.7317,0.71415
3.6427,0.72309
4.5343,0.67029
3.676,0.71692
3.6708,0.7173
3.5744,0.72484
4.0882,0.69097
4.0234,0.69419
3.7456,0.70808
4.4772,0.66728
3.7131,0.70951
3.7183,0.70764
3.8599,0.69724
3.8352,0.7044
3.7722,0.70073
4.8273,0.64252
4.8459,0.64365
3.7748,0.69877
4.8873,0.6347
5.016,0.63725
4.4697,0.6563
4.6524,0.64884
4.6575,0.64762
4.0482,0.67947
4.2262,0.67257
3.7883,0.69808
3.8465,0.69569
3.6279,0.71151
4.195,0.67211
4.3288,0.665
3.7445,0.69879
3.7199,0.6952
3.5684,0.71133
4.1065,0.6769
4.5116,0.65205
4.0029,0.67669
4.4766,0.64986
4.5139,0.64828
3.7908,0.6878
3.9842,0.67537
3.6261,0.70062
3.8756,0.68487
3.964,0.66962
4.0513,0.66751
3.8042,0.68456
3.9927,0.6712
4.7684,0.63148
4.7862,0.62501
3.8871,0.67909
3.2912,0.71636
4.2966,0.64175
4.1657,0.64709
4.3451,0.63782
3.6141,0.68054
4.4408,0.6337
4.1099,0.63973
4.6622,0.62267
3.593,0.68589
3.5552,0.68806
3.9883,0.66149
4.0213,0.65814
3.5896,0.68662
3.6245,0.68664
3.5258,0.6879
3.9817,0.65529
3.3724,0.70026
3.8924,0.66254
3.8601,0.66395
3.5901,0.67251
3.6709,0.66746
3.918,0.6601
3.7245,0.6707
3.5654,0.67652
3.9144,0.65386
3.6031,0.67146
4.0845,0.65234
5.4295,0.5786
4.2891,0.62545
5.8043,0.55805
4.3007,0.63243
4.3946,0.62259
3.9533,0.65519
3.5789,0.68034
3.818,0.66046
3.8572,0.66026
3.3923,0.69588
3.4119,0.68785
3.1435,0.70921
3.2949,0.69441
3.314,0.69417
3.1221,0.71538
3.2349,0.69914
3.1551,0.70148
3.3204,0.69076
3.2809,0.69585
3.8461,0.64994
3.4373,0.68517
3.1161,0.70779
3.5825,0.67615
4.0251,0.64832
3.3854,0.6836
2.6534,0.74788
4.4634,0.62383
3.9084,0.65294
3.497,0.68175
3.8007,0.6594
2.5151,0.7576
2.9606,0.72238
3.1241,0.70907
2.987,0.71482
2.7716,0.7345
3.2041,0.69198
3.5921,0.66101
3.1216,0.7022
3.5551,0.66218
3.6778,0.65577
3.3337,0.67499
3.5697,0.66227
3.3732,0.67014
3.2057,0.69069
3.9169,0.64219
3.465,0.66927
4.3777,0.59324
3.9629,0.6319
3.9279,0.6282
3.459,0.66716
3.9951,0.62192
4.6828,0.5736
4.4028,0.60106
4.9988,0.56529
4.6171,0.58892
4.5902,0.5905
4.1394,0.61886
3.6254,0.65518
5.3274,0.53209
5.567,0.51939
3.7219,0.63955
4.6648,0.57981
4.5736,0.58137
4.7419,0.58272
4.3495,0.59548
7.5396,0.43898
3.7207,0.64074
3.2175,0.68175
3.5998,0.65086
5.174,0.53121
5.1948,0.53478
5.6227,0.50883
4.5214,0.58287
3.846,0.63514
4.0885,0.62006
4.7238,0.56888
4.9556,0.5602
4.2745,0.60046
4.7242,0.56467
5.5335,0.51508
4.1131,0.60771
4.8036,0.56088
3.1909,0.66521
2.5361,0.72657
2.5566,0.72682
3.6764,0.63481
5.5479,0.52998
5.6277,0.52601
3.5091,0.6409
3.5358,0.65669
3.5301,0.6538
4.8348,0.54405
5.0117,0.53524
3.8335,0.61818
3.0439,0.67839
5.528,0.52217
4.8656,0.55967
3.9847,0.60828
3.6245,0.63419
3.1875,0.66402
3.694,0.62486
3.8157,0.62567
3.1364,0.67266
3.1685,0.66522
3.7415,0.62427
2.9414,0.68774
2.0361,0.78085
2.3109,0.74949
2.7736,0.69202
2.9166,0.69527
2.6609,0.71744
2.625,0.72232
2.8596,0.70068
2.9841,0.69115
2.7571,0.71102
2.6715,0.71778
3.0117,0.68084
2.7038,0.71617
2.5048,0.73148
2.6859,0.70531
2.7465,0.70742
4.02,0.61298
2.7367,0.71078
2.8114,0.70345
4.1848,0.6111
4.1524,0.61344
3.7557,0.62576
2.8896,0.69802
3.0918,0.6755
3.2057,0.66898
2.37,0.74459
2.5988,0.72556
2.8512,0.70326
2.8081,0.70411
3.4672,0.6578
2.9448,0.68853
3.4509,0.64973
3.1752,0.67364
2.8891,0.69786
3.1489,0.67582
2.5439,0.73234
4.5182,0.57731
3.2942,0.65416
4.0093,0.60031
2.8029,0.70629
2.948,0.68816
2.8595,0.69981
3.3954,0.6545
3.2485,0.66624
2.9754,0.6885
3.547,0.64038
3.852,0.6145
2.7552,0.70233
2.8899,0.69038
2.497,0.73125
2.5368,0.72714
2.664,0.71917
3.0387,0.67783
3.3216,0.65077
4.8109,0.56155
3.8042,0.61374
3.2637,0.65823
3.2039,0.66065
2.9105,0.692
3.6771,0.62367
3.371,0.64869
2.8015,0.70238
2.8838,0.69529
2.9558,0.68799
2.9233,0.69319
3.031,0.67915
2.8161,0.70416
3.2567,0.66443
3.1271,0.67025
3.1347,0.6711
3.1484,0.67011
3.0499,0.67559
3.102,0.67257
3.9146,0.61884
3.1971,0.66816
3.0321,0.67586
3.2218,0.66722
3.0275,0.68461
4.4062,0.58685
2.3746,0.74021
2.4639,0.73114
2.3174,0.74806
2.9479,0.68702
2.659,0.71215
2.6441,0.71661
3.0215,0.68885
2.7266,0.70677
4.1598,0.59665
2.5067,0.72857
3.1041,0.66952
3.2195,0.66024
2.3849,0.74072
3.1503,0.67181
3.1691,0.6687
2.7835,0.6954
3.8401,0.6227
4.546,0.57389
2.8142,0.69796
2.4825,0.72238
2.417,0.73202
2.561,0.7184
2.805,0.69835
2.5773,0.71573
2.5152,0.72227
3.3787,0.65133
2.5025,0.72573
2.6039,0.71378
2.5984,0.71494
2.941,0.68168
4.2877,0.58035
2.4762,0.71087
2.0949,0.76476
5.3691,0.52408
2.6983,0.70618
3.0101,0.67153
2.5885,0.71247
3.0249,0.67627
2.6921,0.70569
2.9228,0.68655
2.889,0.69292
5.0895,0.53523
2.338,0.73547
2.5199,0.70802
2.2267,0.74343
2.2493,0.74622
2.1536,0.7597
2.2896,0.74158
2.4719,0.72222
2.1596,0.75637
2.4184,0.72905
2.4885,0.7252
2.8535,0.68817
2.3402,0.73789
3.3007,0.65592
3.8043,0.62155
3.3066,0.65203
3.254,0.65995
3.5711,0.63018
4.8898,0.54219
3.8254,0.61426
3.2633,0.65461
3.44,0.64356
3.0837,0.67203
3.1362,0.66317
3.0131,0.67875
3.7189,0.62527
3.3172,0.65117
2.7798,0.69315
2.6275,0.71039
3.308,0.65369
2.5213,0.71969
2.6346,0.71121
2.6071,0.7129
3.1045,0.6719
2.5791,0.71507
2.304,0.74382
2.8411,0.6832
2.9793,0.67777
3.9314,0.58551
4.0962,0.57947
2.5392,0.71609
2.6942,0.70381
2.7977,0.6913
3.2497,0.65344
3.2051,0.66327
3.1222,0.67011
3.432,0.64286
2.8241,0.69304
2.889,0.68735
3.8714,0.60787
2.8974,0.68225
3.0835,0.66734
2.9786,0.67454
2.6606,0.70118
2.7057,0.6989
3.0292,0.67184
2.9562,0.67901
2.6547,0.70442
2.7625,0.69701
2.7171,0.7016
2.8269,0.68983
2.9014,0.67726
4.1644,0.59215
2.6686,0.69871
4.4068,0.57751
3.9095,0.61353
3.3338,0.65194
2.6019,0.70927
2.6961,0.70139
4.0266,0.60401
3.9769,0.60618
2.8653,0.68477
3.2841,0.65329
2.9992,0.67471
2.6546,0.70748
3.9432,0.61333
3.3731,0.65491
4.0087,0.61094
3.6244,0.63439
3.7735,0.62545
3.599,0.62935
4.1301,0.59638
4.0124,0.60356
3.2694,0.65281
2.9898,0.66885
3.7284,0.61716
3.0312,0.67339
3.228,0.6537
4.5683,0.56321
2.7861,0.69675
2.9064,0.68356
2.7516,0.6939
3.3313,0.65092
2.7317,0.69487
3.8156,0.61922
3.7428,0.61904
2.7547,0.69521
3.612,0.62912
4.5841,0.56238
4.2313,0.58545
2.5258,0.71657
3.8823,0.60564
3.7117,0.61785
3.7668,0.61358
3.0187,0.67189
2.8153,0.68785
3.1807,0.65952
2.7183,0.69695
2.8207,0.68772
2.5515,0.70721
2.7359,0.69407
2.7316,0.69284
2.911,0.67933
2.6253,0.70648
2.7291,0.69462
2.7189,0.6969
2.6,0.70198
2.6922,0.69574
2.8102,0.68833
2.7533,0.69506
2.711,0.70013
2.4776,0.71945
1.984,0.77045
2.526,0.71441
3.0832,0.66681
2.3341,0.73525
3.0185,0.6686
2.164,0.75185
2.3553,0.73076
2.1107,0.76112
2.4104,0.72486
2.6105,0.70729
2.7043,0.70178
2.5583,0.71006
2.6972,0.69508
2.5939,0.70709
2.6382,0.70379
2.7009,0.69456
2.5821,0.70749
1.9042,0.78093
1.8092,0.79222
1.9855,0.76783
2.0586,0.75845
3.2491,0.65271
2.0169,0.76406
3.736,0.61976
2.233,0.74447
3.4515,0.63462
2.5417,0.70837
4.0181,0.59932
3.9037,0.60414
3.5367,0.63121
3.4193,0.63976
2.7896,0.68525
4.0921,0.59858
2.5301,0.70997
4.5633,0.56873
2.8189,0.68397
2.6428,0.70187
2.5584,0.71289
2.777,0.68906
3.0272,0.66416
2.587,0.70576
2.7373,0.69142
2.8607,0.67983
2.8032,0.68549
2.8275,0.68556
2.5517,0.71325
2.6592,0.70356
2.4085,0.72785
2.5963,0.70957
2.4263,0.72724
2.454,0.72129
2.4257,0.72514
2.3441,0.73296
2.4393,0.72463
2.6208,0.70459
2.5889,0.7072
2.5414,0.71327
3.0035,0.67247
2.5064,0.71851
2.2707,0.73937
2.1884,0.74393
2.6811,0.69649
2.0893,0.75822
2.4924,0.71146
3.0758,0.66123
2.288,0.73518
2.8596,0.68281
2.5778,0.70262
2.5366,0.71002
2.7212,0.69177
2.5663,0.70393
2.5705,0.70906
2.8014,0.69372
2.6351,0.70199
2.7198,0.69643
2.9162,0.6785
2.7196,0.69646
2.4636,0.72203
2.9815,0.67062
2.8262,0.68282
3.0171,0.65876
3.7529,0.60057
2.7031,0.69686
3.5758,0.62569
3.2172,0.65495
2.6912,0.69744
2.9165,0.68002
2.7613,0.69388
2.9891,0.67319
2.6482,0.70151
2.9087,0.67619
2.8113,0.68664
2.7918,0.68923
2.8721,0.67905
3.1988,0.6524
3.4397,0.63753
2.7065,0.69515
2.8657,0.68366
4.0033,0.59936
3.2375,0.65652
2.7739,0.69379
2.8472,0.68239
3.7081,0.61404
2.7415,0.69098
3.0694,0.66399
2.9702,0.67397
2.7222,0.69515
3.0517,0.67638
2.2645,0.74204
3.4731,0.6348
2.7476,0.69934
2.7453,0.68021
2.1302,0.75719
2.5078,0.71793
2.3304,0.73489
2.3689,0.73062
2.1925,0.75505
2.1898,0.75196
2.5073,0.71808
2.7495,0.69256
2.7837,0.68842
2.6147,0.70343
3.8537,0.6102
2.3275,0.73522
2.8501,0.68076
2.5465,0.70954
3.1119,0.6472
3.2397,0.65166
2.7704,0.68781
2.858,0.67836
3.2488,0.65067
2.4844,0.71573
2.8382,0.67917
2.4789,0.71888
2.4894,0.71704
2.7759,0.68447
2.4521,0.7187
2.4373,0.71947
2.6475,0.69848
2.9697,0.66645
2.3994,0.72464
2.4096,0.72365
2.4289,0.72274
3.7677,0.61281
2.9222,0.67563
2.6506,0.6971
2.5923,0.70548
2.8591,0.68393
2.7832,0.68497
2.7812,0.68857
2.7032,0.69419
2.947,0.67673
2.5805,0.70409
2.6833,0.70309
2.9125,0.68112
2.5082,0.7148
2.6178,0.70508
2.784,0.68687
3.7673,0.61634
2.7507,0.69456
3.3388,0.63927
3.2835,0.64359
2.5706,0.70758
2.5343,0.70997
2.088,0.75369
3.5421,0.62712
2.7454,0.69277
2.6276,0.69729
3.0807,0.66545
2.6698,0.69192
2.9721,0.66798
2.7065,0.70116
2.8714,0.67825
3.1273,0.65681
2.5545,0.70703
2.7871,0.68348
2.3269,0.73094
2.692,0.69473
2.2105,0.74562
2.5583,0.70486
2.3481,0.72843
2.4601,0.71635
3.5776,0.6246
3.5978,0.6263
2.9499,0.67773
3.8412,0.60719
4.8347,0.54597
3.8944,0.60252
4.4209,0.57191
2.8643,0.67783
2.924,0.67073
2.599,0.70339
2.4415,0.71581
2.4337,0.71897
2.4456,0.71523
2.6842,0.69383
2.7647,0.68409
2.7036,0.69322
2.6007,0.70248
2.5243,0.70997
2.7266,0.68839
3.4424,0.63325
3.0798,0.66168
2.6883,0.68876
2.5438,0.70575
2.6133,0.6975
2.6431,0.69344
2.7537,0.68565
2.5604,0.70469
3.0379,0.66309
3.0892,0.65971
2.8037,0.68225
2.4056,0.72735
2.6531,0.70287
2.5341,0.71535
2.5916,0.70261
2.9884,0.66467
2.7215,0.68946
2.6866,0.69455
2.7822,0.68448
2.3816,0.72575
2.6857,0.69623
2.8701,0.67581
2.507,0.71341
2.7484,0.68927
2.7419,0.68994
2.9673,0.66883
2.3719,0.72477
2.3132,0.73426
2.3141,0.73533
2.5065,0.71299
2.5444,0.70751
2.7932,0.68376
2.4313,0.72163
2.7243,0.68922
2.5965,0.70271
3.3289,0.64419
2.8057,0.6828
2.5145,0.70763
2.9704,0.66739
3.0578,0.6597
2.9662,0.66625
4.4575,0.56095
4.4746,0.56059
2.9534,0.67012
2.9619,0.66825
3.2255,0.64942
2.4569,0.719
2.6511,0.69792
2.3183,0.72661
3.7233,0.59039
3.4757,0.62889
3.0211,0.67689
2.6197,0.70033
3.332,0.62861
2.8464,0.68018
2.5119,0.70907
2.9137,0.6736
2.7249,0.69191
2.6691,0.69347
2.3376,0.73207
2.5374,0.71081
2.6129,0.70012
2.4198,0.72018
2.3222,0.73147
2.2476,0.74098
3.3025,0.65504
2.7112,0.69473
3.0701,0.67171
3.5153,0.62986
2.4144,0.72457
3.2174,0.65903
4.2674,0.57898
3.0521,0.66135
2.5614,0.70848
2.7453,0.68748
2.0897,0.75917
2.3611,0.72517
2.7574,0.69132
2.1448,0.75786
2.0218,0.77091
3.0457,0.67194
2.3535,0.73042
3.3647,0.64729
3.4356,0.64395
3.501,0.62797
3.7308,0.61536
2.9824,0.66821
2.7627,0.69059
2.5549,0.70866
2.3086,0.72873
2.6965,0.69751
2.8456,0.68365
1.8241,0.78657
2.079,0.75657
3.2537,0.64598
2.6332,0.69586
1.7223,0.79971
2.6858,0.69519
2.1961,0.74396
3.2181,0.64725
2.651,0.702
2.4523,0.71822
2.6715,0.69652
3.723,0.6215
4.2691,0.58122
3.1952,0.64664
3.7258,0.60569
4.0856,0.57835
4.2126,0.57191
2.7456,0.68181
3.6813,0.60237
3.6749,0.60978
2.5944,0.69692
3.1407,0.65037
2.7684,0.67748
2.8391,0.67603
3.1553,0.65345
2.9273,0.67419
3.2286,0.64853
2.97,0.6688
3.2615,0.64676
2.851,0.68018
2.1351,0.75046
2.8792,0.67881
2.1326,0.74603
2.7257,0.69168
2.7495,0.69179
3.181,0.65563
2.1693,0.75689
2.0086,0.77068
2.768,0.69249
2.2329,0.73896
2.3103,0.73213
1.7872,0.80021
3.1729,0.65796
3.011,0.66172
2.8424,0.6768
2.8636,0.67443
2.3877,0.72534
2.653,0.69226
2.7894,0.68401
2.9786,0.66439
3.9293,0.59693
2.8949,0.67106
3.8853,0.59935
3.0326,0.66408
2.2559,0.73424
2.7049,0.68823
2.9309,0.65898
2.5968,0.69252
2.148,0.75127
3.6099,0.6182
2.7212,0.68694
4.2452,0.57952
3.6894,0.61751
3.2674,0.64247
2.466,0.71787
2.5056,0.71486
2.7807,0.68388
2.0778,0.76021
2.6331,0.69719
2.1804,0.74968
2.8195,0.68035
2.5899,0.70263
2.8057,0.67936
2.704,0.69049
2.8166,0.67898
3.5802,0.62397
2.6322,0.6983
2.756,0.68772
3.5622,0.62088
3.719,0.60768
3.5657,0.62198
2.8244,0.67924
2.214,0.73625
2.2324,0.73105
2.6371,0.69051
2.7783,0.68995
2.4762,0.71351
2.6134,0.69701
2.4425,0.71031
3.8043,0.60559
2.3937,0.72408
2.5503,0.70773
2.3332,0.72716
3.9336,0.60359
3.412,0.63629
3.4655,0.63619
3.2089,0.65137
1.4378,0.85212
3.9112,0.60407
4.0896,0.59067
2.7428,0.68404
2.8311,0.67906
2.8093,0.68603
2.471,0.71106
2.3127,0.73176
2.1671,0.74503
3.3585,0.63783
3.0939,0.6636
3.4912,0.62747
2.439,0.71271
1.9433,0.77548
3.0421,0.66491
2.1578,0.7443
3.4659,0.63101
2.9417,0.66854
3.2731,0.64178
2.7179,0.68595
2.6436,0.69326
2.4348,0.7165
2.7441,0.68196
2.8434,0.67301
3.7904,0.61069
2.9397,0.6636
3.1059,0.6524
4.3491,0.5661
2.8471,0.6763
3.7044,0.62006
2.5849,0.71079
2.537,0.71427
3.7931,0.60993
2.7493,0.68679
3.8354,0.60265
4.5426,0.5606
4.8212,0.54018
2.1999,0.74117
4.4817,0.56225
4.4303,0.56241
2.8053,0.6771
4.3112,0.57222
4.7258,0.5449
4.9705,0.52932
2.3156,0.72084
4.4717,0.56002
4.3562,0.56914
4.4302,0.56422
4.4181,0.56345
3.0711,0.65314
4.3365,0.5681
4.035,0.5862
3.6117,0.61501
2.2414,0.73957
1.7385,0.80215
3.4984,0.63355
3.2957,0.65165
3.923,0.60154
3.7925,0.61055
3.6908,0.61135
3.0718,0.65764
4.5982,0.55332
4.3541,0.56723
3.9981,0.58963
4.1028,0.5849
2.3795,0.71666
2.4961,0.70348
2.4544,0.70532
2.4474,0.70953
2.4065,0.7132
2.6982,0.68653
2.9004,0.67159
3.3397,0.63238
2.9284,0.67042
2.3218,0.72331
2.6501,0.68713
4.1875,0.57894
2.1335,0.73934
1.5197,0.82747
2.3005,0.7224
4.3214,0.57187
4.6164,0.54909
4.446,0.56234
4.2283,0.58033
4.4646,0.5579
3.4617,0.63583
4.3761,0.56721
4.1023,0.58687
3.9591,0.59637
2.189,0.74501
3.0688,0.66261
3.3463,0.64043
3.2376,0.64852
3.1992,0.6499
3.8631,0.60267
3.3276,0.64794
2.881,0.67586
3.1161,0.65608
2.6316,0.69093
2.5024,0.71162
2.4653,0.71856
2.1832,0.74034
2.8396,0.67221
3.6039,0.6161
3.2913,0.64352
2.1045,0.75249
3.8372,0.61104
3.3771,0.63636
3.4752,0.62606
2.5683,0.69828
2.3727,0.71938
2.5397,0.70081
2.5349,0.70316
2.591,0.6922
2.5359,0.69947
2.661,0.68558
2.7127,0.68408
2.5774,0.70314
2.5638,0.70074
4.0534,0.5887
2.7755,0.67854
3.9968,0.59211
3.6264,0.61348
3.4165,0.63018
4.5182,0.55172
1.7031,0.80353
3.2418,0.63852
2.8106,0.67283
2.8224,0.68074
2.3052,0.7253
2.5713,0.69423
2.2966,0.72521
2.8278,0.67967
2.9564,0.66231
2.1837,0.74514
2.4366,0.71374
2.7976,0.67694
3.1078,0.64907
2.4797,0.70482
3.4795,0.62819
3.5229,0.6198
2.3082,0.72776
2.8089,0.67607
3.5949,0.62146
2.9328,0.66709
3.4395,0.63541
2.7121,0.68565
3.6435,0.60906
4.5591,0.55668
2.592,0.69645
2.1419,0.75206
3.4293,0.63158
3.5191,0.61921
3.1461,0.64677
3.0107,0.65811
2.7608,0.67675
2.7398,0.6782
2.7894,0.67153
2.6457,0.6905
2.9085,0.66798
2.8338,0.66868
3.2883,0.63952
1.9358,0.77185
3.0131,0.66277
3.1697,0.64843
2.8581,0.68002
3.1431,0.65405
3.7498,0.60804
2.5665,0.69763
3.0649,0.65641
3.3835,0.63276
2.849,0.67455
4.2354,0.57796
2.4496,0.7101
3.3405,0.64182
2.5041,0.70258
3.4158,0.62887
3.2325,0.6449
3.2533,0.64312
3.4627,0.62409
3.0733,0.65716
3.141,0.64796
3.4787,0.62334
2.6208,0.69628
3.2312,0.64335
2.5864,0.69914
2.7226,0.68189
2.7966,0.67537
2.8317,0.67046
2.7731,0.67663
3.1096,0.65293
3.2426,0.64174
2.6139,0.69724
2.7094,0.68701
1.6192,0.80408
3.4008,0.62848
2.6948,0.68606
2.5152,0.70735
2.5142,0.70446
2.33,0.72521
2.3981,0.71833
2.8345,0.67455
3.528,0.62492
2.6785,0.689
2.2315,0.73459
2.7078,0.68958
3.697,0.6129
2.8194,0.671
3.075,0.65468
3.1393,0.64599
2.8615,0.67159
3.5586,0.61166
3.5398,0.61243
3.6882,0.60548
3.6889,0.60235
3.0492,0.64953
3.2953,0.6369
3.4182,0.63156
2.7103,0.68281
3.5922,0.6204
3.0896,0.64979
3.5427,0.61384
3.8765,0.59429
3.7522,0.59457
2.8109,0.66733
2.9935,0.66168
3.9444,0.57983
3.9851,0.57593
3.2616,0.637
2.2653,0.7355
2.761,0.6761
3.414,0.62417
2.4065,0.70801
2.4428,0.71626
2.9131,0.66342
3.3869,0.6257
3.5163,0.61356
3.6025,0.60703
3.1175,0.64615
2.5908,0.69887
3.2175,0.64218
3.3331,0.63048
4.2225,0.56496
3.1297,0.64755
3.8472,0.58813
3.5899,0.6138
3.0179,0.64981
3.8688,0.58623
3.0734,0.64034
4.097,0.56682
4.7483,0.53023
3.143,0.63793
3.9506,0.58121
3.0615,0.64541
4.5379,0.54316
3.1462,0.64545
2.6281,0.69199
2.5626,0.69309
2.7549,0.67292
2.7365,0.67396
2.9448,0.6519
3.0129,0.6456
2.9017,0.65642
2.9687,0.64984
2.8475,0.66182
2.7007,0.67377
2.8918,0.66001
2.8489,0.66282
2.7879,0.66454
2.6903,0.67966
2.9328,0.65924
4,0.58078
2.9617,0.65808
2.6708,0.67918
2.5385,0.6961
3.1098,0.64088
3.2741,0.62352
2.6531,0.6815
2.8861,0.65834
2.66,0.67599
3.0113,0.6424
2.8175,0.65757
2.9498,0.64489
3.0176,0.64071
2.9649,0.64812
2.9017,0.65607
3.3554,0.61651
3.39,0.61318
2.45,0.69398
2.9414,0.6488
2.9484,0.6461
3.1144,0.63252
3.0691,0.63528
2.7823,0.66163
2.8916,0.65314
3.0767,0.63655
2.4805,0.69631
2.3939,0.702
2.31,0.71627
2.9876,0.64292
2.7807,0.65983
2.965,0.64934
2.7892,0.6652
3.0849,0.64294
3.0902,0.63276
2.7573,0.66769
3.1589,0.62811
2.3023,0.71422
2.8721,0.6524
2.8451,0.65643
3.0404,0.64011
2.615,0.672
2.9542,0.64131
2.9281,0.64517
3.0745,0.63635
2.9918,0.64098
2.1649,0.72906
2.6443,0.66814
3.0875,0.62996
4.0255,0.56408
2.1754,0.72087
2.1941,0.71901
4.3806,0.53744
1.9446,0.75303
2.6506,0.66722
3.542,0.59284
3.6382,0.58602
2.3591,0.69721
2.8016,0.64963
1.7828,0.77927
2.7367,0.65989
2.2721,0.7085
2.4918,0.68721
2.3283,0.70116
2.9987,0.63351
3.6743,0.57704
3.1529,0.61915
3.3895,0.60308
2.9821,0.63729
1.9539,0.7362
3.3148,0.60122
2.3437,0.69321
2.4151,0.68433
2.4791,0.67541
1.8313,0.75642
2.3428,0.69326
3.4741,0.58804
2.6321,0.67498
3.0558,0.62618
2.6207,0.6734
4.3819,0.5228
2.735,0.6578
4.2228,0.5444
2.8735,0.64118
3.414,0.60315
3.7984,0.56962
4.6884,0.48468
4.2166,0.52095
4.7896,0.46738
2.8128,0.59175
6.6951,0.36732
4.0851,0.48194
5.4862,0.40129
3.4785,0.53814
4.4547,0.46351
8.1606,0.29144
6.2034,0.37899
6.6097,0.35764
6.3522,0.37217
7.2856,0.32883
5.6271,0.41371
6.1837,0.38018
5.4202,0.4237
5.5778,0.41682
6.1545,0.38312
5.2707,0.43502
8.1134,0.29042
11.701,0.17824
12.059,0.17001
7.568,0.3402
8.3245,0.28261
8.5957,0.27671
8.1187,0.29798
5.5163,0.40451
7.6625,0.31076
10.173,0.23106
8.0839,0.30059
6.8497,0.35507
7.1178,0.32569
6.4057,0.36541
7.1411,0.32583
7.1551,0.32775
9.2751,0.25481
8.0049,0.29831
5.9876,0.37857
6.6776,0.35833
5.056,0.43065
4.8286,0.44193
5.9535,0.39481
10.079,0.23007
7.2328,0.33273
4.9568,0.43745
5.8265,0.38867
6.6186,0.3403
5.6397,0.39586
5.6366,0.3966
5.4063,0.41041
5.2463,0.42386
4.5386,0.4686
6.9635,0.33133
7.8911,0.30504
5.7963,0.39482
4.778,0.43876
7.4666,0.30772
4.8114,0.43763
10.121,0.22501
6.0603,0.37485
7.3148,0.33394
4.2195,0.4926
5.9949,0.37418
6.8195,0.33458
4.2334,0.47565
5.8247,0.38384
5.5291,0.40315
9.8478,0.23326
6.9832,0.32806
5.9527,0.37732
5.9033,0.37836
6.0847,0.38163
6.5403,0.34403
6.3533,0.3594
6.7906,0.33516
8.4522,0.25733
5.542,0.39482
7.0261,0.32527
5.9451,0.37834
5.5175,0.39266
6.2123,0.35656
6.753,0.33341
5.8755,0.38322
5.6778,0.39894
6.16,0.3727
5.9748,0.38251
10.471,0.2048
5.6799,0.38821
6.4328,0.35154
7.5441,0.32573
9.0288,0.24983
10.08,0.21017
5.1911,0.39236
5.3602,0.38227
5.14,0.39296
8.918,0.24
7.7699,0.28936
7.6287,0.29539
7.8473,0.28062
8.2225,0.26772
7.4414,0.29949
7.2925,0.31454
7.7803,0.28666
8.9406,0.23605
3.9714,0.47115
11.335,0.16579
6.8912,0.31413
9.991,0.21017
6.9399,0.32886
9.0608,0.25252
8.4729,0.27977
8.3419,0.2598
7.0028,0.31927
6.5348,0.34163
10.597,0.18314
5.4011,0.40257
7.5741,0.28941
7.5751,0.29153
7.1571,0.30081
6.5945,0.32247
5.9437,0.35521
6.1645,0.36158
7.5475,0.28874
10.285,0.19533
10.855,0.17914
9.2034,0.21853
7.2803,0.30079
7.6304,0.2933
6.6393,0.33401
7.5404,0.28855
6.9227,0.31757
8.1179,0.25877
5.7532,0.37018
6.7031,0.32844
5.3691,0.39081
5.7191,0.38077
7.3803,0.29759
7.4127,0.30831
5.2371,0.40252
7.6737,0.28958
7.238,0.29506
7.9306,0.26983
6.2221,0.34541
6.2276,0.33905
4.6196,0.41675
6.0519,0.35033
7.7346,0.27316
5.5642,0.37976
9.4302,0.21542
6.6947,0.33361
7.4589,0.29094
4.1758,0.46449
4.7385,0.4107
6.6755,0.33202
4.4819,0.43591
3.8093,0.47751
4.1673,0.45
3.7254,0.50093
6.6487,0.33251
7.0669,0.30915
6.3041,0.34431
6.6309,0.3267
7.4562,0.28752
5.5809,0.39186
6.9325,0.31679
6.6336,0.34112
3.7481,0.50155
6.6284,0.34586
3.3749,0.52979
4.6776,0.42292
3.6753,0.50497
5.034,0.4026
3.5739,0.50936
3.2356,0.5385
6.7099,0.35341
4.7359,0.42778
4.1885,0.4529
4.0113,0.46634
3.371,0.51845
3.0914,0.54091
3.2591,0.53206
4.3257,0.44061
3.8464,0.47874
3.8912,0.48097
3.9612,0.47003
3.5764,0.50714
5.1774,0.3836
3.6655,0.49602
4.5662,0.44203
4.4932,0.45595
4.945,0.42387
8.4372,0.26938
5.1697,0.41167
6.6984,0.33644
6.8906,0.31588
6.5686,0.36169
6.7328,0.3295
5.9694,0.36396
6.5308,0.33647
6.7754,0.3216
4.2642,0.44687
3.523,0.50071
6.5138,0.33084
4.6843,0.41824
3.628,0.50234
6.0191,0.38158
5.066,0.39138
7.2757,0.3057
4.317,0.46036
5.1009,0.41542
6.6727,0.33076
9.2869,0.22933
3.251,0.53128
3.8229,0.4826
4.4769,0.43219
6.873,0.3145
4.6195,0.42451
4.8554,0.4117
5.2847,0.39546
6.447,0.33362
6.0889,0.35872
6.6641,0.33282
4.0261,0.46377
6.0136,0.36494
3.2205,0.52948
3.6421,0.49707
4.3083,0.43634
5.7341,0.36981
3.8748,0.48023
3.4134,0.51587
4.4665,0.4337
3.9369,0.47653
3.1146,0.53541
3.4907,0.50115
3.8645,0.47304
3.3802,0.51093
4.4149,0.43268
4.4838,0.42247
3.7896,0.48583
4.5228,0.42302
9.4793,0.21985
4.1172,0.45614
5.3483,0.40256
6.9452,0.31263
6.0107,0.35778
6.5481,0.32931
5.3852,0.39301
6.8256,0.31545
3.1693,0.52758
5.668,0.38088
5.539,0.38236
5.646,0.37253
7.2632,0.29436
6.2095,0.34492
5.3123,0.38611
5.1684,0.40238
6.3126,0.33998
4.9855,0.42404
3.1154,0.5351
7.4621,0.2816
6.8835,0.3095
3.8917,0.4596
2.2969,0.61305
6.3984,0.33156
3.9353,0.46573
6.4891,0.34205
6.3857,0.33896
7.3848,0.29315
3.2651,0.51273
3.7437,0.4772
5.9221,0.36105
6.747,0.31881
6.2699,0.33723
6.1114,0.35488
6.0038,0.35293
5.9813,0.3565
4.8887,0.42357
6.8607,0.32754
5.9018,0.37235
5.5155,0.38584
5.9285,0.36225
7.3341,0.29071
2.5896,0.57352
3.9877,0.45647
3.5758,0.49809
2.8586,0.54613
5.3614,0.38098
4.6269,0.42182
3.9834,0.4927
2.4536,0.60175
6.9001,0.31144
6.6257,0.32908
6.1051,0.35392
5.8641,0.35873
5.3643,0.38639
6.7845,0.30838
4.8309,0.40166
5.213,0.38105
4.6024,0.42129
4.119,0.45927
5.3645,0.38094
3.6884,0.50637
5.4665,0.37772
4.5133,0.43657
3.9475,0.46958
3.6381,0.49284
4.1644,0.45254
3.6961,0.4879
3.6681,0.48015
4.4623,0.4386
6.0734,0.3522
6.2118,0.35652
5.9371,0.36144
7.5994,0.29003
7.8907,0.28409
5.6698,0.3891
6.872,0.3301
6.4769,0.33467
7.461,0.30066
7.2981,0.30189
5.1001,0.38406
6.0126,0.34122
5.355,0.37472
4.2064,0.4527
5.0034,0.40088
4.4886,0.43477
4.0208,0.46089
4.2174,0.44768
4.5166,0.42464
3.8614,0.4721
4.3291,0.44135
4.0045,0.46042
3.5194,0.49729
3.2881,0.52169
4.2118,0.44598
4.2172,0.44592
5.5662,0.39075
6.3009,0.34609
4.8241,0.42878
5.472,0.38888
6.5386,0.3322
4.7568,0.42898
5.2412,0.3942
4.917,0.42694
3.7138,0.48714
4.2646,0.45336
7.2413,0.29924
6.7998,0.32324
4.3489,0.43886
4.7545,0.40939
5.7533,0.36512
3.0244,0.53396
4.8772,0.41206
7.1819,0.30606
6.0594,0.34761
5.609,0.37123
5.7836,0.36529
4.7929,0.42907
7.8661,0.29063
6.6418,0.32976
5.2394,0.37875
5.1605,0.39901
8.6484,0.24697
5.4011,0.38794
8.8014,0.24269
9.4832,0.22941
8.213,0.26858
8.2841,0.26814
5.5626,0.37165
7.054,0.30767
5.1772,0.3953
4.4091,0.44678
6.1327,0.34766
5.558,0.38539
6.8368,0.31393
6.0015,0.35343
5.1914,0.40076
6.5225,0.32362
6.5312,0.33157
6.2654,0.33354
5.7234,0.36149
5.7346,0.36507
5.9527,0.35501
6.7167,0.31208
6.2068,0.35631
4.7344,0.43626
6.5108,0.32463
8.2496,0.26769
3.545,0.50535
7.6652,0.27816
8.6817,0.24629
8.2537,0.25517
5.2145,0.38357
4.4303,0.42724
6.5851,0.32045
7.6452,0.28376
3.9386,0.47414
5.8011,0.37005
5.3437,0.39685
3.9856,0.47891
6.5191,0.32737
5.9857,0.36128
5.299,0.39002
4.234,0.46466
5.2661,0.39394
8.0814,0.26937
6.7804,0.31827
7.1024,0.30896
8.4491,0.24998
7.0663,0.32179
6.8735,0.32512
7.2072,0.29845
7.7942,0.28737
5.927,0.36307
6.7812,0.31882
3.8216,0.49576
6.3418,0.337
7.2757,0.29868
4.9607,0.42073
7.8832,0.27776
7.0348,0.315
7.4165,0.30635
8.1734,0.26513
7.7347,0.2888
8.6741,0.24186
7.2612,0.30593
7.9613,0.27387
6.228,0.33824
5.4535,0.3958
3.282,0.51833
4.6985,0.42923
4.1341,0.45373
5.4935,0.37963
5.3607,0.38448
5.564,0.37717
5.8623,0.36467
5.4874,0.38607
5.8886,0.35992
5.1034,0.40381
6.3749,0.33209
7.1547,0.29577
6.2929,0.33852
6.0278,0.35069
6.674,0.3216
6.8261,0.30904
6.3145,0.33834
6.0918,0.3476
6.2895,0.33951
4.4134,0.44644
3.5834,0.51095
7.0514,0.31012
4.6437,0.44722
3.7012,0.48025
3.6516,0.48711
4.2871,0.44121
7.6931,0.27623
6.1259,0.34663
4.3019,0.443
4.1171,0.4547
6.7228,0.31664
5.9076,0.36605
5.7811,0.36657
6.989,0.30235
5.9463,0.35601
5.3685,0.39256
4.3558,0.4439
4.8471,0.42399
4.4412,0.46867
4.7453,0.43023
6.1435,0.35158
5.1209,0.40143
7.9157,0.27139
4.9418,0.41474
6.6127,0.32616
7.3165,0.29214
7.3074,0.30071
4.0349,0.45825
5.5188,0.38349
4.9693,0.41742
6.0277,0.34901
6.9851,0.30711
6.5899,0.3315
4.573,0.43896
6.9585,0.31135
6.1967,0.35019
6.2694,0.34484
5.5864,0.38296
7.0783,0.30875
3.7932,0.476
4.0287,0.46279
3.3834,0.50251
5.2279,0.39733
5.778,0.37458
4.2124,0.45161
3.8938,0.47296
6.5228,0.33425
4.1527,0.45979
6.3041,0.33486
5.8095,0.37546
5.5208,0.37937
4.4227,0.42867
4.1973,0.44627
5.102,0.38515
4.6621,0.41904
3.6197,0.48522
2.7368,0.56387
3.3066,0.50921
3.974,0.46127
3.2902,0.5118
4.1921,0.45045
4.5127,0.42502
5.8337,0.35531
4.3176,0.44237
9.2955,0.22578
5.991,0.35197
5.5534,0.36937
4.0154,0.46935
3.2906,0.51726
5.7502,0.35748
4.7214,0.41832
6.1229,0.35062
7.2774,0.30408
7.1879,0.30264
5.3173,0.40647
3.1727,0.5237
4.8107,0.40811
4.0134,0.45618
7.1988,0.30002
3.3036,0.52584
3.8143,0.47719
3.5069,0.50158
3.0904,0.54267
5.1325,0.40982
4.6014,0.42694
5.2351,0.40022
4.7415,0.43385
4.4407,0.44594
4.9798,0.41336
5.6968,0.37447
4.35,0.46828
4.8417,0.42448
3.2459,0.51899
3.5246,0.48833
6.5054,0.33058
8.3585,0.26498
4.9439,0.41607
7.0834,0.31021
6.6327,0.3374
3.7623,0.48021
3.9188,0.4674
4.116,0.4569
5.1544,0.39808
3.6648,0.48575
4.5562,0.43609
3.8288,0.48731
3.9709,0.45851
5.3563,0.38572
4.3701,0.43745
4.4609,0.42855
3.7847,0.47139
4.4001,0.43265
5.3712,0.39512
5.372,0.38955
9.1568,0.2359
6.15,0.35264
4.5649,0.44307
5.4952,0.38994
6.8555,0.32394
5.652,0.37946
6.2556,0.35265
6.4183,0.33846
7.7069,0.28804
5.4145,0.38926
4.221,0.44616
3.7396,0.48715
7.1765,0.30655
8.1744,0.27003
4.0015,0.47249
7.6732,0.28618
6.6482,0.33016
6.9347,0.31819
5.9102,0.36686
6.2633,0.34391
6.2549,0.34897
6.4841,0.33271
5.6131,0.38485
7.2545,0.30488
8.1572,0.27064
5.6163,0.38384
7.2938,0.31002
6.9061,0.31941
3.5994,0.49627
3.859,0.47695
4.1917,0.45315
3.8904,0.47259
3.5305,0.50436
3.4639,0.49656
3.6597,0.48241
2.8351,0.55343
3.9044,0.46515
3.0696,0.53638
3.9431,0.46706
3.7393,0.47914
3.4453,0.50172
5.6822,0.38316
7.1704,0.30742
7.5686,0.28328
6.5595,0.332
6.8153,0.30728
4.4335,0.44043
6.1387,0.34044
3.5184,0.4925
3.1685,0.52707
3.7778,0.47634
5.7266,0.37156
6.957,0.31405
6.3896,0.34454
5.2328,0.40295
5.8348,0.3587
4.7512,0.42811
6.618,0.31931
8.0855,0.25945
5.1147,0.39478
6.3052,0.34646
3.1881,0.51477
7.2907,0.29183
6.9928,0.31755
5.1936,0.40547
7.271,0.31211
4.074,0.46153
3.9858,0.46339
3.8807,0.46403
4.7284,0.40856
3.4224,0.50691
3.9487,0.46193
7.0113,0.31151
4.9756,0.40878
6.7918,0.32525
7.3912,0.30457
8.1802,0.27081
5.756,0.36863
8.46,0.25755
6.6914,0.33465
6.5125,0.3381
6.7233,0.31625
7.1189,0.29846
6.6524,0.32047
6.2207,0.35006
6.6061,0.32659
6.241,0.34616
5.8991,0.36233
6.3107,0.34176
5.2674,0.39061
5.8242,0.36562
6.0868,0.35678
6.6902,0.31789
5.6989,0.37393
8.8723,0.23755
7.0429,0.30711
7.3058,0.30564
6.4901,0.3376
8.6699,0.24408
6.8559,0.31268
6.6691,0.32122
6.6754,0.32523
6.883,0.31359
7.7246,0.28449
7.1974,0.29643
2.6466,0.58409
4.59,0.42391
4.1637,0.44948
3.1178,0.53205
3.1068,0.53796
4.7723,0.42329
5.8355,0.3699
5.8393,0.35966
6.7268,0.32389
4.577,0.42518
3.5638,0.50022
5.1219,0.41904
6.778,0.31681
6.6807,0.31574
6.9924,0.30675
6.6247,0.32213
6.4285,0.33388
3.1966,0.51335
5.5768,0.36994
8.4658,0.25165
6.007,0.34846
5.8338,0.35931
5.2651,0.39955
3.5446,0.50657
3.3517,0.5146
3.9145,0.46194
4.6127,0.4188
8.8033,0.24196
5.4629,0.38427
5.5938,0.37859
5.2059,0.40546
5.7964,0.36901
5.0159,0.39537
6.1596,0.34613
6.1546,0.34768
5.8846,0.35705
6.7863,0.32661
7.0005,0.31047
6.9184,0.31229
3.7695,0.4781
5.8125,0.36691
6.4984,0.32987
5.0735,0.39537
5.9812,0.35926
3.0535,0.53946
3.2075,0.52879
5.1822,0.40557
6.9678,0.30116
5.5946,0.3809
8.1485,0.26288
5.4171,0.39927
3.1002,0.52792
5.8212,0.36382
3.5731,0.48458
2.7515,0.56087
6.1506,0.34345
4.6229,0.43624
4.8049,0.41733
5.3945,0.39011
4.2876,0.45361
3.6147,0.48905
5.5081,0.37593
5.627,0.37779
4.4824,0.42978
7.2808,0.30072
4.4445,0.43554
8.1991,0.25726
3.4382,0.5149
4.8502,0.41262
5.8468,0.35772
4.6635,0.42505
4.9081,0.41135
6.4757,0.32617
4.6898,0.44176
5.0352,0.41609
5.505,0.38041
6.7978,0.31805
6.4505,0.33771
4.2144,0.4475
5.8559,0.36633
5.1937,0.4033
6.1726,0.3481
5.6563,0.37065
6.4583,0.32817
5.2246,0.39962
4.7673,0.42623
4.7159,0.42785
5.3371,0.39149
5.4302,0.39765
4.695,0.4345
5.4137,0.3853
5.0251,0.41055
5.6073,0.36732
5.2458,0.39563
5.194,0.38317
3.8496,0.48669
4.8677,0.41241
5.7687,0.36202
5.4923,0.36364
5.8523,0.36315
7.9845,0.2783
5.6607,0.37142
5.526,0.38798
6.0525,0.36078
5.6693,0.38324
7.5275,0.29163
4.7465,0.42254
4.4079,0.45052
4.1504,0.46819
4.4877,0.43041
5.1195,0.39586
5.5308,0.36727
5.2658,0.39224
4.5788,0.41092
8.2688,0.2607
5.7463,0.35813
7.1121,0.29894
6.676,0.32373
5.719,0.36997
5.9995,0.35658
6.9658,0.30764
7.4328,0.29179
5.124,0.3871
6.5979,0.32945
5.9944,0.35523
5.6614,0.38077
6.5667,0.34168
4.1242,0.45882
5.0874,0.41095
6.0627,0.36139
6.6634,0.31898
3.6249,0.48768
5.2996,0.37445
3.6063,0.4852
4.3684,0.45504
2.7874,0.57744
5.5223,0.38113
6.1918,0.34969
6.306,0.33702
9.067,0.23422
6.0763,0.34877
6.7347,0.3251
7.6429,0.29128
5.6229,0.37274
4.6058,0.41986
6.4565,0.34492
5.5926,0.3754
6.923,0.32456
5.9828,0.35284
6.2476,0.34957
4.8381,0.42418
3.7143,0.48163
3.5234,0.49805
4.4519,0.4472
4.82,0.42251
3.0896,0.54228
3.7386,0.47644
4.3732,0.43375
3.3342,0.51857
3.6384,0.4812
2.9193,0.56094
3.132,0.52339
3.5329,0.48809
4.5856,0.4213
3.9374,0.46319
5.4577,0.38511
4.6353,0.4308
7.0221,0.30065
3.809,0.48755
2.3192,0.60764
6.1386,0.34876
2.5196,0.59242
2.8803,0.55141
5.675,0.37726
2.5469,0.59301
7.9804,0.2762
6.3642,0.34712
4.9649,0.40487
7.236,0.30653
3.8952,0.4634
5.2903,0.3783
4.4815,0.42619
4.0686,0.46172
3.6571,0.49396
3.9906,0.46556
4.3011,0.43741
4.1165,0.45184
5.915,0.3593
4.3138,0.43298
6.128,0.34798
4.7626,0.40818
6.8743,0.31592
3.3025,0.51626
3.1947,0.52063
5.9064,0.35527
5.1338,0.40327
5.3623,0.39464
5.0418,0.41617
5.4098,0.39385
4.8391,0.42532
5.2572,0.40406
5.48,0.39255
5.4203,0.3884
5.6932,0.36368
3.4006,0.50017
4.5866,0.43709
4.548,0.43909
7.7347,0.28959
5.8691,0.35974
7.6831,0.28575
2.729,0.57648
3.9885,0.46227
6.7708,0.33643
5.3775,0.39965
6.0933,0.35379
5.3264,0.39754
3.7113,0.47962
3.6409,0.48794
4.88,0.41691
5.3949,0.39993
7.671,0.27981
4.9963,0.41701
6.663,0.32655
4.0823,0.45591
6.4228,0.35043
4.393,0.44189
5.7532,0.37282
6.8828,0.32187
3.9738,0.46176
4.1625,0.44675
4.0908,0.45713
4.7333,0.40537
3.8533,0.48181
5.15,0.37414
3.4158,0.50465
3.3596,0.50557
3.8995,0.45123
6.7745,0.322
3.8034,0.45865
6.8578,0.32339
4.5399,0.42742
6.8887,0.3144
6.6701,0.32581
5.2143,0.39271
5.0918,0.40527
5.5375,0.39007
5.2279,0.40878
3.1002,0.54134
4.0544,0.45695
5.5857,0.3856
5.1302,0.41059
6.2178,0.344
6.999,0.29925
5.5386,0.37663
6.0977,0.34796
4.9746,0.40143
5.0313,0.40633
5.8354,0.3658
3.5928,0.5008
4.9811,0.41395
6.3736,0.34522
6.2023,0.33946
6.3635,0.3367
8.3068,0.26778
6.8341,0.31105
6.1941,0.34712
5.977,0.36381
6.5773,0.32456
6.0876,0.35638
5.9756,0.35296
6.4962,0.32755
5.0835,0.40877
5.4828,0.38588
8.9277,0.23848
5.8626,0.35987
4.3805,0.45357
6.798,0.30161
6.1955,0.35449
3.367,0.5023
4.7653,0.43832
3.9102,0.4676
6.4643,0.34187
3.5611,0.49313
3.1913,0.53072
5.9119,0.36158
2.9908,0.55666
3.6783,0.48554
3.048,0.54858
3.553,0.48746
9.166,0.23185
8.3742,0.25975
7.4619,0.28973
5.4946,0.38813
5.1595,0.39959
7.3025,0.28748
4.8805,0.42498
4.7624,0.42255
6.102,0.34276
5.1765,0.39515
5.7343,0.36771
3.2835,0.51066
3.7049,0.47529
3.3834,0.50587
5.7744,0.36549
5.7144,0.36804
6.4478,0.33123
6.1558,0.35097
3.3117,0.51439
4.768,0.42435
6.1787,0.35293
4.9593,0.41387
7.1898,0.30748
3.1112,0.52349
4.1027,0.44811
3.284,0.52746
3.1377,0.53293
3.2734,0.51976
5.9836,0.37577
3.6359,0.49536
3.1185,0.53874
3.0112,0.55335
5.309,0.40043
5.3928,0.39396
4.9056,0.42453
2.6006,0.58637
5.8757,0.36153
6.6747,0.32617
6.6049,0.32386
6.2231,0.34099
4.1396,0.44613
3.3699,0.50869
8.7172,0.24303
6.9395,0.30465
5.1039,0.40358
5.9733,0.34769
6.0596,0.34848
3.8931,0.46282
7.4001,0.28897
8.3271,0.26507
5.3904,0.37624
5.3505,0.3924
7.2667,0.29941
4.7549,0.41751
4.5054,0.43022
5.6733,0.3676
8.3731,0.24552
5.88,0.36034
6.9124,0.30201
3.7825,0.46477
8.11,0.2531
6.9072,0.30729
5.585,0.37197
7.8878,0.27956
7.1865,0.29596
7.0971,0.2976
6.0064,0.35269
5.65,0.36626
7.9647,0.26479
6.0391,0.34368
5.5843,0.37205
4.8016,0.38967
5.1311,0.39987
8.0623,0.2643
6.7258,0.31234
6.2091,0.34369
4.6127,0.43109
8.981,0.23829
4.4189,0.45721
4.3302,0.44754
6.0008,0.3547
4.7941,0.4152
5.4135,0.37389
7.968,0.27173
7.8936,0.27838
5.8126,0.36016
6.9149,0.31852
6.1657,0.34779
7.2526,0.30336
5.3966,0.38584
6.6144,0.32729
5.8771,0.35829
7.2321,0.30722
5.955,0.36179
7.0993,0.31009
5.1647,0.39408
5.0335,0.39241
6.0824,0.34561
4.3759,0.46188
5.5536,0.37864
5.5852,0.37957
6.1806,0.34731
5.4095,0.38342
5.7296,0.38151
6.9112,0.31891
6.2496,0.3517
4.8132,0.42024
8.7946,0.23746
6.5856,0.31121
9.0748,0.23564
5.03,0.40113
8.6289,0.25213
6.4347,0.35155
6.8333,0.32689
5.1845,0.40071
4.8442,0.42688
6.7374,0.34043
4.465,0.45582
3.4157,0.48731
4.9464,0.40135
6.2915,0.33711
5.9466,0.35567
5.5189,0.37898
6.4794,0.33538
4.9481,0.41181
6.6154,0.31865
4.1568,0.44607
7.334,0.29883
5.5461,0.37991
4.8764,0.43351
8.0995,0.28435
3.7583,0.47523
7.2565,0.30311
5.2974,0.39523
4.8491,0.41698
4.9647,0.41274
7.5979,0.28765
5.5495,0.38035
5.7369,0.37469
6.5561,0.34339
7.6755,0.29144
8.0489,0.29594
7.7851,0.29615
3.0005,0.5487
3.1522,0.53678
3.7716,0.50609
5.2965,0.40445
4.4972,0.45245
4.3301,0.44574
2.6008,0.58405
5.8795,0.37578
6.5698,0.34194
5.8104,0.37287
5.3438,0.40965
4.7519,0.43633
6.4949,0.33398
5.4588,0.39188
4.0871,0.47691
5.0691,0.41482
5.3943,0.38961
7.4342,0.29339
3.6388,0.49389
5.5615,0.3806
4.9717,0.43266
7.0864,0.32054
6.8874,0.31926
5.452,0.38564
3.3872,0.5114
3.3399,0.52259
5.6626,0.37559
3.6618,0.48375
4.805,0.42811
3.1477,0.53741
4.9037,0.42507
3.9245,0.4871
3.8242,0.50109
4.6426,0.44217
3.0474,0.5463
5.354,0.39642
4.325,0.42783
5.3295,0.37607
4.5347,0.43237
5.7762,0.34983
3.8107,0.48321
4.2113,0.45056
3.7889,0.49024
4.0265,0.45853
5.4981,0.39362
3.07,0.54684
5.3655,0.40063
4.4518,0.44219
7.722,0.29139
5.5838,0.37918
3.1952,0.5292
6.1617,0.35151
4.2633,0.45163
3.5607,0.49749
6.0578,0.37462
3.0838,0.56175
8.2602,0.27693
6.0446,0.36437
6.0874,0.35249
6.1244,0.35608
3.8638,0.47613
6.2921,0.34676
4.2749,0.46305
6.1621,0.34514
4.7479,0.43975
4.7219,0.44027
4.5967,0.44497
4.6905,0.43895
4.7378,0.43462
5.4473,0.39809
5.3613,0.40033
5.8714,0.378
7.5097,0.30046
6.502,0.34138
6.2622,0.36621
5.718,0.38095
5.452,0.3994
3.7712,0.48201
7.0977,0.3139
6.5634,0.33864
6.8856,0.32795
5.2165,0.4105
5.5583,0.38752
5.8546,0.37391
4.0382,0.46279
3.0148,0.54934
5.3772,0.40251
4.7154,0.43665
5.8123,0.37152
4.7015,0.44395
5.2246,0.41963
6.7925,0.32961
5.4943,0.39967
5.2097,0.40776
7.2064,0.31606
6.2915,0.3506
4.8286,0.42369
3.106,0.55366
4.5431,0.44846
6.2689,0.34114
7.9083,0.29114
3.9013,0.49329
6.6339,0.3319
8.2287,0.27413
7.7302,0.30073
8.3366,0.26726
6.5876,0.34184
7.7356,0.30487
5.4349,0.40275
5.6751,0.39127
5.8765,0.38227
5.7724,0.37457
6.5772,0.33949
5.7927,0.37314
6.1014,0.35957
5.7003,0.38623
5.6852,0.38788
6.9011,0.33405
6.5477,0.3606
9.4355,0.23079
4.7737,0.42926
7.48,0.30013
5.8247,0.38793
6.2765,0.35635
6.0649,0.36916
6.7583,0.3315
7.5022,0.29871
5.829,0.38434
7.2041,0.31325
5.812,0.38225
5.5425,0.40723
6.4075,0.35364
4.697,0.43311
4.128,0.47521
6.4444,0.34493
7.0272,0.3194
4.698,0.4593
3.6872,0.50387
4.0423,0.48293
4.0088,0.48465
4.6215,0.43673
5.7079,0.3923
6.6784,0.34186
4.4297,0.45291
4.0117,0.48474
5.3151,0.4002
3.5798,0.53134
5.2967,0.40747
6.1892,0.35933
5.8742,0.38377
5.3791,0.41542
5.2968,0.409
5.54,0.40152
5.1259,0.4348
5.6091,0.38865
4.2736,0.46823
5.4456,0.39875
4.2476,0.47633
4.281,0.45868
5.5525,0.39608
5.3899,0.40812
5.6944,0.38389
3.77,0.48904
4.0755,0.46576
3.9049,0.48189
5.0485,0.43311
6.4012,0.35941
6.9808,0.33507
3.0871,0.53689
3.777,0.48668
3.8293,0.48691
7.8412,0.29184
5.8896,0.37649
6.5823,0.34616
7.4548,0.30506
6.9323,0.33107
7.4595,0.30379
7.4896,0.28707
7.7675,0.2963
4.0162,0.48785
6.0661,0.37072
5.4413,0.40285
5.0723,0.43597
6.0874,0.37471
5.7112,0.39429
5.6913,0.39544
6.1261,0.37248
5.1862,0.41477
3.4439,0.54811
2.8229,0.57771
2.507,0.61215
2.8733,0.58082
5.4491,0.40265
4.183,0.47536
5.6714,0.39699
5.8564,0.38656
4.1935,0.49363
3.0982,0.56158
7.6509,0.32535
4.8166,0.45393
4.9682,0.44583
6.3297,0.35947
7.1882,0.32736
6.5032,0.36484
5.609,0.36874
6.7841,0.33427
1.695,0.71951
4.686,0.44874
6.6069,0.3469
5.9953,0.37965
6.6506,0.35315
6.4297,0.36011
7.4678,0.31241
8.075,0.28537
5.2858,0.41009
6.8966,0.35171
5.3769,0.40389
6.3065,0.36051
8.0451,0.2761
6.0849,0.37418
4.6991,0.45283
6.4911,0.36967
7.378,0.30614
3.9944,0.49492
4.2847,0.47291
4.6711,0.46641
5.9365,0.37744
6.2843,0.35741
3.9913,0.48034
2.565,0.61148
3.2284,0.54369
2.5312,0.61195
4.1147,0.47337
3.0519,0.56179
4.1977,0.46777
6.3624,0.36487
6.0364,0.37734
6.3635,0.37079
9.8737,0.23349
5.5284,0.41414
4.5785,0.45243
8.1634,0.28688
4.1112,0.49098
7.3629,0.3152
4.6605,0.45749
3.3497,0.54683
4.7259,0.46573
5.5219,0.42225
3.2825,0.55623
5.9797,0.3843
5.7683,0.39155
4.8011,0.45705
3.9086,0.50621
3.4594,0.55203
5.4145,0.42593
6.0866,0.39548
4.8832,0.4585
5.707,0.40776
5.6726,0.41918
6.7524,0.35269
6.008,0.40459
8.8947,0.26561
5.419,0.42925
7.3442,0.3389
7.2894,0.30676
4.9898,0.43895
8.8746,0.26504
8.9193,0.26694
5.2789,0.41835
4.5853,0.46531
2.2962,0.64412
2.9129,0.57085
6.1005,0.37683
9.1585,0.27551
3.3417,0.5483
3.739,0.51537
4.868,0.44855
4.3601,0.47933
5.0589,0.44578
6.5648,0.36445
4.7849,0.448
5.8529,0.38323
6.9231,0.34172
5.3328,0.43853
5.1264,0.40713
9.3688,0.24842
4.4595,0.46145
8.2172,0.27942
7.8557,0.30916
7.8307,0.31755
5.5633,0.39979
6.4152,0.36569
3.2492,0.57806
3.7584,0.54445
5.6106,0.41369
6.3481,0.37432
4.6219,0.48446
6.2808,0.37898
5.2592,0.41637
3.223,0.56745
4.4647,0.47266
4.7191,0.44443
3.9875,0.48883
3.4845,0.52957
6.5957,0.3441
5.0758,0.42901
6.0011,0.37233
4.2559,0.46498
6.6411,0.36383
7.3141,0.31342
4.1864,0.4725
7.3718,0.33077
4.108,0.49055
6.2374,0.37565
6.3399,0.36465
5.5826,0.40609
5.2466,0.42651
6.4585,0.35626
5.0858,0.43729
5.7851,0.39938
9.394,0.23954
3.7722,0.51927
7.1947,0.32
6.7503,0.36273
4.4108,0.46691
3.4256,0.54685
6.4499,0.35669
5.4987,0.41008
5.1904,0.43414
4.3215,0.48187
4.8468,0.45868
5.114,0.44169
4.7654,0.46173
4.7454,0.47209
3.6009,0.54272
5.1919,0.44513
5.2067,0.43289
4.1781,0.48738
5.0408,0.44135
4.1164,0.51596
4.8074,0.45476
6.6387,0.37004
3.244,0.56504
5.4906,0.41607
3.0805,0.58128
3.2926,0.56674
3.7271,0.52377
3.6394,0.53671
4.5909,0.47471
4.7144,0.47316
7.5206,0.32756
5.6317,0.4347
6.7423,0.36736
2.9515,0.60319
4.1042,0.52119
6.4567,0.39291
5.491,0.43873
7.3468,0.3423
4.8259,0.47092
5.8862,0.41378
3.3443,0.56489
4.6326,0.46427
4.521,0.49134
3.3626,0.58102
5.1028,0.43989
5.6821,0.40994
5.0686,0.44548
3.7795,0.5466
4.3747,0.49934
4.4773,0.49241
2.5481,0.64528
2.7282,0.63198
2.9933,0.58121
2.9018,0.59033
2.6164,0.62905
2.5352,0.6464
3.0727,0.58692
2.9293,0.59721
5.1996,0.45343
2.8282,0.60704
3.1273,0.57655
2.6703,0.62286
2.3624,0.6562
2.9048,0.60165
6.993,0.34175
5.94,0.40574
5.6683,0.42653
3.2349,0.57794
2.936,0.61201
4.1781,0.51606
3.9934,0.50996
4.5185,0.48473
5.0985,0.44755
4.1282,0.51758
6.0004,0.41598
4.1057,0.52473
4.6432,0.47141
9.3138,0.27219
8.2792,0.31161
3.2829,0.56626
7.9234,0.33215
3.4613,0.5451
8.2792,0.30956
4.8508,0.47422
2.5469,0.63916
3.3713,0.56421
7.854,0.3329
5.014,0.45882
2.7413,0.62105
3.9706,0.53449
5.3637,0.4459
5.7888,0.43115
6.0461,0.42741
3.2462,0.57294
6.9198,0.38286
5.5432,0.45434
5.4956,0.43395
2.9831,0.60542
6.9396,0.3838
5.4481,0.44695
4.4584,0.50609
2.8737,0.61076
7.0201,0.37999
2.5796,0.64104
3.7585,0.55048
6.2917,0.4178
2.5682,0.64642
2.7685,0.62613
3.9409,0.54175
3.8101,0.54081
2.4983,0.66199
2.4038,0.66709
2.4112,0.66531
2.6126,0.64571
4.749,0.48841
2.6572,0.64352
3.4006,0.57447
4.6265,0.49986
4.3406,0.51317
3.6429,0.55916
3.7314,0.55487
3.8783,0.54576
3.6149,0.55758
3.2446,0.58611
3.3022,0.57346
2.8132,0.62035
2.9959,0.60364
3.7163,0.55196
3.8137,0.53612
2.8324,0.62466
2.9057,0.61927
2.7134,0.64599
2.8921,0.62482
3.9213,0.53755
2.8764,0.62371
4.094,0.52961
3.1123,0.58646
3.1361,0.59007
2.9928,0.6078
3.0708,0.60295
2.5175,0.65077
3.1278,0.59841
2.9354,0.61325
2.7863,0.63354
2.6998,0.64197
2.9498,0.61982
3.0497,0.6129
3.2925,0.59682
6.0988,0.40979
4.9259,0.47894
5.2257,0.46859
4.7856,0.5008
5.2038,0.47604
5.254,0.46781
4.2851,0.52695
5.2364,0.47543
4.9664,0.48079
4.7799,0.49715
5.2039,0.47672
3.8467,0.55506
2.7863,0.63626
2.9863,0.61979
3.0284,0.61557
3.4647,0.57743
3.3282,0.60053
3.02,0.62155
2.917,0.62999
2.9374,0.62813
4.7015,0.50668
4.3503,0.52533
3.8307,0.55223
3.8668,0.55534
2.776,0.624
4.0496,0.53336
2.4707,0.66659
2.1569,0.69695
3.4242,0.58189
2.3236,0.67789
2.5936,0.64827
2.3436,0.67902
3.939,0.54647
2.2014,0.68811
3.438,0.58479
2.3813,0.67434
1.5326,0.77939
1.5638,0.7777
1.8513,0.73871
1.6754,0.76002
1.7933,0.7357
1.7936,0.74237
4.3307,0.53337
2.425,0.67271
3.8912,0.55841
4.069,0.54799
4.0833,0.5492
3.7593,0.56217
2.3539,0.67655
2.6026,0.65192
3.1068,0.60541
2.4892,0.66087
2.8291,0.62368
2.7136,0.63919
2.3686,0.67498
2.7509,0.63417
2.6922,0.63805
2.754,0.63606
2.3404,0.67349
4.7841,0.49231
2.1141,0.7048
3.1771,0.6071
2.2802,0.68482
2.3418,0.67661
6.184,0.42262
3.9013,0.54416
2.6572,0.64205
2.5614,0.65025
2.5644,0.65132
2.8739,0.61588
2.7601,0.63207
2.775,0.63814
4.4026,0.51059
4.4245,0.50694
4.1026,0.52766
4.0747,0.53221
3.6107,0.56584
3.2767,0.59742
4.0867,0.53669
4.1848,0.53217
3.0577,0.61078
3.0075,0.61726
3.5903,0.56906
4.323,0.52359
3.4791,0.57806
4.5685,0.49987
5.1713,0.47149
5.4498,0.46362
4.2588,0.5292
5.8444,0.44195
2.7246,0.64103
2.3816,0.67712
2.6613,0.6514
2.7993,0.63597
2.4836,0.66229
3.071,0.60768
4.557,0.49778
4.4324,0.50793
4.4367,0.50565
5.5459,0.44112
3.5439,0.57974
3.007,0.61789
4.0489,0.54031
4.8419,0.49218
4.1686,0.53419
3.0528,0.61182
4.7041,0.50104
3.9198,0.55412
5.6882,0.44767
4.1714,0.53444
3.1775,0.60134
2.7862,0.6319
4.6527,0.51061
2.2143,0.69204
5.8161,0.44671
4.3411,0.52292
4.7064,0.49863
2.682,0.64728
3.5123,0.58203
5.2771,0.46976
2.6504,0.65104
2.5462,0.66021
2.6184,0.6557
3.7233,0.56882
5.2661,0.48467
4.5727,0.51766
2.7971,0.64178
2.6835,0.65385
2.0005,0.72781
2.2904,0.69564
2.1442,0.70316
2.3382,0.68171
2.9811,0.61522
3.38,0.58947
3.0554,0.61676
2.9791,0.62085
2.9654,0.62513
3.5131,0.587
3.0142,0.61596
5.1317,0.48732
2.1949,0.69685
4.3615,0.5207
5.1257,0.48532
3.4347,0.58603
2.4903,0.6606
2.1602,0.69799
2.1626,0.70176
2.4566,0.67804
2.2468,0.6971
2.4439,0.67111
2.105,0.7108
2.131,0.70171
2.2334,0.69569
2.3558,0.68318
1.9643,0.73015
2.2443,0.69225
2.7754,0.62856
3.3931,0.58574
3.2114,0.5968
3.1532,0.59429
2.914,0.61541
2.1547,0.7024
2.3348,0.68039
2.3939,0.67522
2.3344,0.68
2.2033,0.69209
2.2803,0.68464
2.5891,0.64895
2.3397,0.67934
2.1167,0.70848
2.4841,0.66315
2.773,0.64018
2.5924,0.64803
2.6978,0.64265
2.4824,0.67533
2.2883,0.69354
2.4732,0.66817
1.8487,0.74573
2.035,0.73109
2.637,0.65832
2.1757,0.70104
2.0369,0.71472
2.7945,0.63239
2.4066,0.67971
2.3567,0.67332
2.6649,0.64692
2.446,0.66888
2.3204,0.68718
2.3157,0.68936
2.2089,0.69992
2.2951,0.68626
2.4841,0.66743
2.3722,0.6817
2.1301,0.70849
2.4008,0.67735
2.1887,0.70409
2.1754,0.70777
2.5386,0.66571
3.2386,0.60235
4.3605,0.53066
2.8654,0.63875
2.7207,0.65333
3.2807,0.59837
3.255,0.60415
2.4035,0.67182
2.467,0.65899
2.4722,0.66017
2.4093,0.67047
2.2379,0.69466
1.9358,0.73456
2.3441,0.67992
2.6456,0.64247
2.463,0.66608
2.5051,0.66553
2.4378,0.67178
2.468,0.66821
2.1595,0.69334
2.0669,0.71527
2.3012,0.68606
2.8345,0.63407
2.3897,0.6786
4.0898,0.53951
4.085,0.53952
2.4402,0.67182
2.5957,0.65169
2.1939,0.69437
2.4059,0.6755
2.4474,0.66827
3.8786,0.5543
2.1955,0.6962
2.9145,0.6338
4.1711,0.54037
2.7596,0.6494
3.6893,0.57511
2.6025,0.65079
2.3461,0.68251
2.6213,0.65507
3.4393,0.5886
2.2602,0.69036
2.347,0.68147
2.5289,0.66708
3.8496,0.56729
1.4473,0.80751
3.1342,0.6125
2.6054,0.65826
3.0568,0.6102
3.2333,0.5968
3.2326,0.60083
3.7411,0.56419
