9.37,0.74051
7.6394,0.74653
12.951,0.62815
6.5029,0.79571
7.9258,0.74262
17.479,0.55419
11.115,0.67323
7.1019,0.79321
10.549,0.68804
9.9935,0.70343
11.862,0.64404
12.854,0.63277
10.734,0.68737
10.678,0.68827
11.473,0.66882
12.054,0.65317
11.824,0.65994
11.745,0.6622
11.644,0.66634
10.763,0.6909
11.296,0.678
11.366,0.67977
11.172,0.68394
11.378,0.67806
6.5754,0.79592
6.452,0.80479
5.5558,0.8539
6.1849,0.82001
5.3997,0.85971
6.1539,0.82491
6.7279,0.79569
6.7818,0.79779
6.614,0.80031
5.3469,0.86464
10.795,0.68227
6.7841,0.80997
8.3099,0.75045
7.7686,0.77643
10.408,0.69541
8.0229,0.76765
7.1183,0.79524
7.633,0.77951
6.9635,0.80025
7.2702,0.7855
7.5512,0.77564
7.4497,0.77825
7.6171,0.77627
7.5656,0.78027
7.3615,0.78336
10.656,0.68709
7.6526,0.77216
6.9098,0.80724
10.304,0.70161
10.627,0.69212
7.4784,0.77792
9.2382,0.73107
8.0182,0.76746
9.6462,0.71765
9.6928,0.7157
8.8042,0.7417
7.988,0.75561
6.5579,0.81955
6.874,0.79648
10.607,0.69333
6.5013,0.81597
6.994,0.80121
6.7899,0.80257
7.0259,0.79532
7.3683,0.78384
6.9803,0.79713
7.2268,0.79208
6.9189,0.7978
8.05,0.74853
10.747,0.6759
10.933,0.671
10.939,0.67198
9.5364,0.71502
9.5737,0.71391
8.7252,0.72845
10.636,0.67749
6.1598,0.82868
8.7287,0.72781
7.1383,0.78355
9.982,0.69817
8.3627,0.7337
7.835,0.75092
9.906,0.69737
5.4961,0.83793
10.193,0.6932
5.3877,0.84314
9.1341,0.71078
7.2751,0.77036
9.1675,0.712
7.237,0.7749
8.8723,0.72696
5.2865,0.84503
9.8192,0.6933
10.483,0.6788
11.157,0.65967
7.5645,0.76312
8.2778,0.73722
9.4702,0.70725
7.3189,0.77329
7.0508,0.78482
9.6269,0.69895
9.1067,0.71634
6.7454,0.78703
6.6496,0.7899
6.8845,0.77752
9.4577,0.698
9.7106,0.68955
7.2336,0.7637
9.1511,0.70409
7.6235,0.74656
8.8775,0.71476
8.7066,0.72093
6.7362,0.78757
6.3697,0.79778
7.4908,0.75303
6.6552,0.78442
6.8185,0.77447
6.751,0.77569
5.5037,0.83405
6.6528,0.78619
5.8761,0.81704
6.419,0.78826
6.2003,0.80765
6.8875,0.77814
7.0008,0.77079
6.6306,0.78453
6.7871,0.77839
6.8727,0.77474
9.0566,0.69243
9.9073,0.67424
8.303,0.72142
13.363,0.60034
9.4271,0.68473
9.27,0.6892
8.5716,0.70938
8.797,0.70283
9.6333,0.68053
11.947,0.62971
9.8298,0.6804
8.773,0.70919
8.2813,0.71907
8.8936,0.70121
8.9271,0.69871
8.9162,0.6997
8.1161,0.72129
5.9295,0.79888
8.5448,0.71122
8.3131,0.71652
8.1033,0.7248
8.0218,0.72537
8.4045,0.71703
8.3075,0.71476
8.7465,0.70179
8.3358,0.71205
8.2516,0.71685
9.4933,0.6761
7.8814,0.72672
7.59,0.73062
9.8504,0.66553
8.4074,0.70696
6.4757,0.77406
9.1457,0.68628
8.8662,0.7003
8.6112,0.70274
8.0744,0.71093
6.399,0.76378
6.0713,0.78589
8.1121,0.71654
8.488,0.70316
7.5007,0.72151
9.8097,0.66534
8.6158,0.69813
8.7898,0.69479
9.2098,0.68106
9.0511,0.68337
8.9785,0.68821
8.7684,0.69376
6.6984,0.75727
6.264,0.77859
9.0874,0.68439
6.0472,0.78741
6.2805,0.77547
6.2788,0.77357
9.0109,0.68251
6.5652,0.75888
8.4847,0.69782
6.4803,0.76611
8.4163,0.70233
12.509,0.59796
7.8996,0.71551
7.3758,0.73037
9.8672,0.66363
7.1353,0.74045
7.7485,0.71951
7.8602,0.71657
5.6477,0.79324
5.6533,0.79208
5.7989,0.78435
5.23,0.81011
5.9443,0.77846
7.6231,0.72362
7.8017,0.7124
8.0909,0.70757
7.1746,0.73565
8.1596,0.70443
8.1429,0.70911
8.2489,0.70263
7.7498,0.71994
8.0925,0.70579
7.8622,0.71336
8.2729,0.70078
8.0053,0.70609
8.3974,0.69429
7.8913,0.70739
7.198,0.73097
7.3637,0.72079
7.9791,0.70763
7.5831,0.72117
8.3246,0.69614
7.8007,0.70817
4.2078,0.84718
7.6763,0.70995
4.1056,0.84873
4.2324,0.84117
4.3942,0.82125
4.709,0.79669
4.0852,0.83789
4.2722,0.82103
4.2109,0.81708
3.8674,0.83692
4.3254,0.81085
3.6207,0.84855
4.0363,0.81467
12.528,0.53701
4.3157,0.79702
3.7808,0.82141
3.1967,0.85314
2.8497,0.8736
3.0933,0.84709
3.0769,0.84634
3.1204,0.84458
3.1932,0.83514
3.1798,0.83374
3.3719,0.81832
3.3299,0.82317
3.4288,0.81562
2.8603,0.85593
3.1605,0.83502
2.7579,0.87222
2.8326,0.86769
2.7242,0.87811
2.8313,0.87335
2.9163,0.86614
2.878,0.8729
2.88,0.87594
2.7362,0.88627
2.7278,0.8906
2.949,0.86998
2.9002,0.87336
2.8074,0.87619
2.8815,0.86589
3.0131,0.85416
2.9838,0.85822
4.579,0.7666
4.2099,0.78466
4.5865,0.76437
2.8302,0.86974
2.756,0.87666
2.8545,0.86616
2.92,0.86143
2.9952,0.8568
2.8948,0.86603
2.6635,0.88559
2.6241,0.89007
2.831,0.87685
2.9548,0.86536
2.7612,0.87961
2.8068,0.8764
2.7323,0.88019
2.7375,0.87937
5.4839,0.73339
5.9817,0.71159
2.7508,0.87709
2.7685,0.87656
3.6364,0.81561
3.7116,0.81042
3.3768,0.83246
9.3997,0.59729
4.231,0.78119
2.7094,0.88197
3.3791,0.83095
2.8623,0.86905
2.8037,0.87897
7.4206,0.65072
2.784,0.87607
3.1592,0.84852
2.8123,0.87623
2.7061,0.88147
7.8097,0.63758
2.5157,0.89963
2.5567,0.89567
2.6022,0.89081
8.072,0.6317
2.8242,0.86841
7.4705,0.64856
2.7556,0.87721
3.2873,0.8365
2.9118,0.86237
5.4214,0.72112
3.2531,0.83807
5.9051,0.70474
2.6788,0.88356
3.9267,0.79633
2.8985,0.87019
3.1622,0.84631
3.6128,0.81379
2.8204,0.86883
2.8411,0.8663
2.9284,0.86317
2.813,0.87116
2.8994,0.86412
3.0983,0.84613
7.3887,0.64955
2.3508,0.91335
2.8886,0.86391
2.546,0.8958
2.7514,0.87542
2.8469,0.86889
2.6278,0.88503
3.6419,0.81207
2.925,0.86497
2.4411,0.90579
4.3236,0.77596
3.1687,0.8411
2.6162,0.89014
3.0082,0.85559
7.2562,0.65599
2.7873,0.87534
2.6294,0.88851
2.6617,0.88542
2.8767,0.86759
2.614,0.89068
2.8408,0.87105
2.5137,0.89787
7.3632,0.64929
6.8311,0.66853
8.1221,0.62667
3.1953,0.84358
2.7139,0.87929
8.5557,0.61634
2.8358,0.86792
7.3529,0.65387
2.755,0.87706
2.8658,0.86807
2.632,0.88732
2.6747,0.8823
9.1298,0.59492
9.0378,0.59964
2.8224,0.86812
7.5537,0.64303
8.4396,0.61612
7.6395,0.64303
2.5414,0.89496
8.9356,0.60898
2.4904,0.89779
2.3118,0.9172
2.7573,0.87396
3.9024,0.79874
3.7121,0.81004
2.6094,0.88897
2.5414,0.89662
2.7031,0.88017
2.4328,0.90593
2.8441,0.87046
2.8919,0.86437
2.6176,0.89091
2.7058,0.88238
2.6552,0.8837
2.7492,0.87976
4.69,0.75718
2.5202,0.89266
2.5166,0.89604
2.4689,0.90129
6.4739,0.68114
2.6201,0.88705
3.3246,0.83216
2.6891,0.87802
4.2988,0.77292
2.898,0.86613
2.4408,0.90199
2.4088,0.90701
2.5543,0.89311
2.8853,0.86258
2.6081,0.88886
2.4414,0.90429
2.7986,0.87094
2.7399,0.87754
2.7852,0.87177
2.6466,0.88759
2.595,0.89213
3.8558,0.80057
2.6699,0.8832
2.7104,0.87839
2.5214,0.8956
7.403,0.64984
7.7443,0.63408
7.084,0.65776
2.3009,0.91746
7.3716,0.65296
2.6338,0.8874
2.7785,0.87384
2.4937,0.90251
3.716,0.81624
2.5569,0.89444
2.4956,0.90151
2.7013,0.87962
2.5141,0.89719
2.8158,0.86556
2.7464,0.87911
2.5181,0.89863
2.6851,0.87975
2.6996,0.87908
2.9988,0.85602
2.7699,0.87662
2.5603,0.89201
2.9398,0.86259
3.1266,0.84758
2.9253,0.86456
2.6698,0.88116
2.5369,0.89267
3.1493,0.84477
2.7202,0.87431
2.3767,0.91098
2.59,0.88925
2.7258,0.87596
2.5783,0.89058
2.5308,0.89383
2.3733,0.90984
2.6669,0.88028
2.6248,0.8884
2.6037,0.88751
2.601,0.88876
2.4558,0.90401
2.5672,0.89233
2.4614,0.90395
7.4503,0.64828
7.5775,0.64276
2.3632,0.91352
2.4696,0.90297
2.4907,0.9008
2.3855,0.91053
2.5439,0.89581
2.7058,0.87758
2.8275,0.87085
2.6188,0.88968
2.5616,0.89581
2.6219,0.88938
2.664,0.88538
2.6432,0.88755
2.5368,0.89479
2.3946,0.91081
2.4329,0.90345
2.7151,0.87977
2.6762,0.88384
7.892,0.62911
7.0156,0.66257
3.0549,0.85137
3.991,0.79057
2.3889,0.90947
2.7382,0.8764
2.6591,0.88307
2.5485,0.89399
2.5506,0.89303
2.829,0.86729
2.4781,0.90021
2.4843,0.89971
7.8132,0.63827
2.6544,0.88419
2.6538,0.88489
2.8417,0.86867
2.3179,0.91708
2.3743,0.9115
2.2507,0.92469
2.7087,0.88009
2.6173,0.88863
2.4617,0.90212
2.8991,0.86247
2.8284,0.86717
2.6209,0.88267
2.9765,0.85353
2.4722,0.89475
4.7996,0.74747
5.5503,0.71636
2.6612,0.88283
2.4089,0.90036
2.5073,0.89672
2.4449,0.89926
2.8284,0.86731
2.4086,0.90332
2.3751,0.90688
2.701,0.87659
2.5601,0.88711
2.6211,0.88167
2.7735,0.86791
2.3927,0.90577
2.8544,0.86633
2.4822,0.89727
2.6117,0.88976
2.7399,0.87584
3.4851,0.82572
2.8207,0.86371
2.6776,0.881
2.6228,0.88433
2.6119,0.88452
2.7815,0.86743
2.6374,0.88319
2.5275,0.89392
2.4296,0.90358
2.582,0.886
2.6588,0.88375
2.3212,0.91504
2.3072,0.91658
2.4606,0.90128
2.2731,0.92024
2.7435,0.87669
2.7008,0.87484
2.7903,0.86723
7.2046,0.65462
2.4445,0.90057
2.7417,0.87472
2.8021,0.86762
3.1616,0.84364
2.4597,0.89965
2.7821,0.87373
2.8442,0.8631
2.6712,0.88209
2.6001,0.88704
7.8828,0.63146
7.5067,0.64428
7.8487,0.63181
2.5942,0.88517
3.254,0.8376
2.4535,0.89885
2.4684,0.89741
3.2868,0.83291
2.7133,0.87677
2.5885,0.8886
2.5254,0.89449
3.4484,0.82211
5.6715,0.7127
8.8093,0.60505
8.8299,0.60707
2.6865,0.87754
9.2487,0.59613
2.5067,0.89715
2.6491,0.88036
5.3609,0.72157
7.4356,0.64721
2.6911,0.88043
7.765,0.63473
3.7007,0.80744
2.8679,0.86644
4.5788,0.75805
4.3556,0.76974
2.4976,0.89891
2.9697,0.85793
2.6366,0.88019
2.7732,0.87071
2.7943,0.86735
2.5829,0.8894
2.8808,0.85921
2.8288,0.86889
2.5524,0.89031
2.8239,0.86389
2.7953,0.86634
2.715,0.87229
3.1622,0.83939
3.3608,0.82726
2.6309,0.88298
2.6141,0.88323
2.7551,0.86944
2.5947,0.88346
2.8432,0.86263
2.7595,0.86888
4.0264,0.78552
3.3238,0.82895
2.7143,0.87158
2.9206,0.85783
3.106,0.84234
2.816,0.86304
2.5241,0.89232
2.6453,0.8816
2.6786,0.87857
2.7336,0.87462
3.4404,0.82098
3.1976,0.83679
3.0387,0.84989
7.2963,0.64707
8.3619,0.61308
2.8298,0.86398
8.2704,0.62374
2.86,0.86193
2.9713,0.85407
3.8669,0.79279
7.5209,0.64211
3.8725,0.79218
3.9582,0.79497
3.0345,0.85373
2.7621,0.87254
2.7263,0.87833
2.8626,0.86076
2.7323,0.87475
2.817,0.86255
4.0496,0.78358
7.9395,0.62567
2.9977,0.85384
2.6683,0.87751
2.5813,0.8853
2.954,0.85618
2.9392,0.85887
2.9008,0.86104
7.4864,0.64465
7.457,0.64432
3.1455,0.84259
7.9198,0.62848
2.4948,0.89328
2.9538,0.85294
2.946,0.85506
6.5639,0.67243
2.9104,0.85912
2.876,0.8637
2.6769,0.87672
3.0991,0.84488
3.0142,0.84885
2.8967,0.85663
2.7128,0.87434
3.231,0.83372
2.8765,0.86014
3.3699,0.82737
6.409,0.67912
3.2758,0.83609
3.8806,0.79639
2.5843,0.88853
2.7887,0.86927
4.732,0.75496
4.4036,0.77388
4.805,0.74565
2.9721,0.85347
5.3713,0.72016
5.637,0.70796
7.6896,0.63711
3.3807,0.82545
3.6345,0.80851
3.3285,0.83088
2.7582,0.87242
2.5332,0.89107
3.5183,0.8141
3.1169,0.84654
3.4145,0.82249
2.7427,0.86935
2.9113,0.85577
3.2733,0.832
2.9408,0.85712
3.0667,0.84972
2.6923,0.87953
2.7115,0.8779
2.6795,0.88068
2.6806,0.88023
8.4979,0.61458
2.9414,0.85641
2.4929,0.89272
7.9192,0.62707
2.969,0.85356
2.4927,0.89688
2.4985,0.89652
5.3814,0.71867
2.5383,0.892
2.7813,0.87086
2.7982,0.8706
2.6328,0.88407
2.6642,0.88153
2.6932,0.87839
2.7067,0.87707
6.3726,0.68086
2.6257,0.88509
3.3611,0.82526
3.2895,0.83116
2.6305,0.88517
2.6262,0.88614
2.582,0.88976
2.9776,0.85516
2.7948,0.87122
2.5013,0.89563
2.3976,0.90733
3.5077,0.81626
2.5651,0.89123
2.7694,0.87254
2.6509,0.88315
2.5913,0.8886
2.7213,0.87586
3.2334,0.83753
3.1923,0.84061
2.6776,0.87796
2.6521,0.88292
2.9109,0.85908
7.2517,0.64742
2.7909,0.86663
2.8311,0.86691
3.2389,0.83411
3.0501,0.84883
2.6546,0.87945
2.9374,0.85772
2.5429,0.88908
2.7954,0.87069
2.6363,0.88198
3.0998,0.84712
2.285,0.91706
2.4806,0.89642
2.6125,0.88466
2.4541,0.89901
2.8148,0.86659
2.6429,0.88011
2.9362,0.85507
2.8647,0.86013
2.7372,0.87165
2.7895,0.86712
2.8398,0.86129
2.6085,0.88462
5.0749,0.733
2.7887,0.86715
5.1016,0.73077
2.5148,0.89355
5.4821,0.71276
7.104,0.65442
2.6661,0.87704
2.5393,0.88903
2.4379,0.90193
2.5745,0.88972
7.7466,0.63568
2.5837,0.88544
2.6147,0.88409
5.0285,0.73595
2.6032,0.88635
2.7818,0.87096
2.7941,0.86867
2.5546,0.89093
2.6206,0.88516
2.4282,0.9036
2.4726,0.89899
2.4442,0.90097
4.7111,0.75214
2.4111,0.90632
2.7341,0.87412
2.782,0.87081
3.1087,0.84384
8.6036,0.61185
2.969,0.8558
2.9814,0.85065
2.8022,0.86914
2.6525,0.88336
2.7915,0.86937
2.8834,0.85786
2.9273,0.86011
2.6663,0.87951
8.8076,0.60511
3.3218,0.82667
8.4692,0.61489
2.6056,0.88304
2.6424,0.88073
2.6136,0.88262
2.5022,0.89537
2.607,0.88378
2.5769,0.88585
2.6241,0.88405
2.6017,0.88361
2.7135,0.8754
2.4928,0.8946
7.3893,0.63965
2.5949,0.88419
2.8464,0.86538
2.6989,0.87803
2.5627,0.89058
2.6841,0.87563
3.6914,0.80498
2.6775,0.87747
7.4225,0.6415
8.5377,0.60829
2.8157,0.8686
2.4386,0.90092
7.4694,0.64139
3.2518,0.8325
2.739,0.87463
2.6441,0.8814
2.392,0.90636
8.1485,0.62098
2.8699,0.86061
2.935,0.85645
6.5017,0.69088
2.9661,0.85242
4.1141,0.79152
4.474,0.76524
8.1626,0.62038
2.6305,0.88234
2.6037,0.88314
7.8078,0.62896
2.602,0.88372
2.7782,0.87022
7.8321,0.63246
2.4793,0.89909
7.7861,0.63348
7.5187,0.6425
2.5807,0.88692
2.737,0.87259
2.8257,0.86741
2.7151,0.87168
2.8503,0.8658
4.4694,0.76256
7.1293,0.65703
7.7839,0.62784
2.2958,0.91409
3.1825,0.84231
2.3192,0.9124
2.4576,0.89701
7.2246,0.6466
2.5423,0.89262
2.678,0.87509
7.9213,0.62735
8.7955,0.60607
8.1965,0.61969
2.6878,0.87875
2.614,0.88599
7.608,0.63792
7.6539,0.6413
7.0827,0.65801
3.2306,0.83697
2.8098,0.86937
2.3478,0.90887
2.7422,0.8736
2.4508,0.89744
2.873,0.86192
2.7425,0.87377
2.5748,0.8864
2.669,0.88049
2.4689,0.89778
2.3458,0.91479
2.7091,0.87151
2.3893,0.90373
2.7048,0.87702
2.5828,0.88586
2.5353,0.89103
2.7084,0.87343
2.407,0.90362
2.5764,0.88742
2.1967,0.92583
2.6167,0.88275
2.5308,0.89105
2.5283,0.8918
2.8146,0.87037
2.4776,0.89571
2.3644,0.90793
7.9167,0.62772
6.3589,0.68163
8.5822,0.61113
5.4541,0.71568
3.541,0.81459
2.4663,0.8962
4.2642,0.78038
7.0962,0.65439
5.3183,0.72141
6.163,0.68906
6.8219,0.66411
2.4775,0.89938
2.8515,0.8622
2.8709,0.86211
2.5142,0.88932
2.5465,0.88959
2.4295,0.89876
5.4402,0.71406
7.6204,0.63677
2.5647,0.88602
2.5569,0.88761
2.5811,0.88434
2.8917,0.85949
2.8435,0.86171
8.3661,0.61614
9.0083,0.59879
3.2946,0.82863
7.545,0.63794
3.1933,0.83301
5.3229,0.72071
3.0673,0.84577
2.523,0.89105
3.4689,0.81796
7.7391,0.6321
3.2124,0.83578
8.1343,0.62256
2.7052,0.87342
5.155,0.72879
2.6066,0.88498
2.5532,0.88873
2.5542,0.89325
2.6807,0.87786
2.3573,0.90793
2.6134,0.8826
2.6178,0.88261
2.5705,0.88769
2.7163,0.87439
2.6486,0.87789
2.8463,0.86208
3.7509,0.8018
2.5212,0.89543
2.6347,0.88068
3.3463,0.82706
2.9542,0.85521
2.5882,0.88448
2.5024,0.89407
4.9755,0.73751
2.2325,0.92189
2.1358,0.93179
2.5852,0.88428
2.6707,0.87681
2.6332,0.88069
2.8591,0.86426
2.9717,0.85037
2.8771,0.85965
2.5947,0.88517
7.8868,0.62815
2.9818,0.85317
2.7338,0.87204
2.5261,0.89113
3.2701,0.83295
2.6566,0.87925
3.3006,0.83094
3.0381,0.84726
2.8544,0.86178
2.9041,0.86013
2.8772,0.85953
2.8527,0.85987
2.7078,0.8748
2.7621,0.87082
2.6028,0.88785
2.5315,0.89095
2.766,0.86751
2.6863,0.87685
2.7344,0.87204
2.8408,0.86295
2.7081,0.87946
2.64,0.88199
2.5309,0.89391
2.8606,0.86682
2.6436,0.87969
2.618,0.88201
2.7057,0.87417
2.7417,0.87676
2.6219,0.88051
2.5622,0.88621
3.1173,0.83948
2.8488,0.86071
2.8025,0.87041
8.1177,0.62324
3.1211,0.84448
2.7121,0.87527
3.1216,0.84432
8.0174,0.62495
2.6332,0.88264
2.7554,0.87048
2.9031,0.86204
2.5071,0.8925
5.9809,0.70834
2.5134,0.88997
2.7314,0.86935
7.664,0.63917
8.2872,0.61546
4.343,0.77805
6.1369,0.70149
2.7945,0.86939
6.3231,0.69556
4.1939,0.78665
4.4212,0.77381
2.5613,0.88765
2.9577,0.8505
2.7782,0.86653
2.5834,0.88273
2.6153,0.88194
3.0128,0.85142
2.6576,0.8779
2.4205,0.90065
2.9699,0.85618
2.7762,0.86757
3.3857,0.8216
3.268,0.83019
2.6439,0.87763
3.5867,0.81038
7.6796,0.63328
8.5199,0.60788
7.4526,0.64156
2.6892,0.8726
3.4569,0.81527
7.8087,0.6316
3.3708,0.82405
2.9267,0.85355
2.674,0.87302
3.4271,0.823
2.5414,0.88788
3.0989,0.84414
3.468,0.81808
7.5923,0.64017
5.6126,0.70874
5.1928,0.73005
4.8864,0.73879
3.1245,0.84441
5.202,0.72932
2.8496,0.86572
2.8846,0.86199
5.3527,0.72217
2.867,0.86063
7.808,0.63348
3.3086,0.82993
3.6629,0.80418
2.802,0.86491
3.251,0.83331
4.9714,0.7464
6.4742,0.6749
5.2168,0.72597
2.4371,0.89992
2.6756,0.8766
2.6208,0.88187
2.6087,0.88421
2.7693,0.86667
2.7112,0.87151
2.7691,0.86696
2.7604,0.87162
2.7848,0.86986
2.4556,0.89831
2.5977,0.88336
2.5563,0.88511
2.6854,0.87471
2.4205,0.90095
2.7282,0.87185
2.9066,0.8537
2.5614,0.8855
2.654,0.87526
2.6886,0.87823
2.6588,0.88119
2.7216,0.87576
2.5453,0.89217
2.6845,0.87958
2.5865,0.88824
2.6044,0.88197
2.6444,0.87667
2.5403,0.8878
2.9487,0.85591
2.5327,0.89118
2.5872,0.88442
2.7742,0.86236
2.8575,0.86291
2.5042,0.89062
2.6343,0.87863
2.5313,0.89066
2.8089,0.86358
2.6442,0.87809
2.5779,0.88393
2.494,0.89478
2.3429,0.90735
2.6081,0.88204
2.6791,0.87491
2.7538,0.86866
2.823,0.86348
2.91,0.85615
2.6968,0.87533
2.7875,0.86489
2.6613,0.87673
3.1913,0.83763
2.7296,0.86964
2.5904,0.88307
7.3614,0.64325
7.8235,0.63174
7.9159,0.62379
2.9342,0.85731
2.6733,0.87999
3.3857,0.82228
4.2987,0.7696
2.7577,0.87187
3.367,0.82534
2.8719,0.86298
2.6212,0.8796
2.433,0.89841
2.5084,0.89526
2.4218,0.89861
2.606,0.88201
2.5585,0.88632
2.5521,0.886
2.7339,0.86929
2.5105,0.89046
2.7031,0.87199
2.706,0.87168
2.7803,0.86881
2.2905,0.91401
2.6084,0.88437
7.592,0.64034
6.929,0.65934
7.0819,0.65367
6.5389,0.67327
6.7114,0.66616
2.9,0.86134
2.618,0.88373
2.7707,0.86866
2.5675,0.8865
2.6628,0.87569
2.4288,0.89982
2.4969,0.89348
2.5903,0.8837
9.3345,0.58946
2.7642,0.86649
3.1209,0.84207
2.7001,0.8698
2.8527,0.85792
2.5806,0.88161
2.4228,0.90139
2.7383,0.87316
8.0118,0.62707
2.7746,0.86682
7.4817,0.64191
6.3689,0.68338
2.8791,0.86409
2.6804,0.88232
7.1699,0.65385
2.6267,0.8839
2.7993,0.86901
2.337,0.91376
2.6799,0.88064
7.3388,0.64795
7.266,0.64933
2.6957,0.87558
8.2272,0.6191
2.6175,0.88241
7.8496,0.62837
7.5357,0.63729
7.2624,0.6478
7.5432,0.63546
2.6728,0.87331
2.6234,0.87944
8.3484,0.61501
7.3156,0.64692
7.7131,0.63511
3.3187,0.82899
2.5056,0.89224
7.0538,0.65749
3.4476,0.81851
2.8326,0.86177
2.8054,0.86815
2.7447,0.87467
3.6143,0.8047
2.6283,0.87951
3.3955,0.82425
3.5089,0.81507
3.0017,0.84732
2.8839,0.85819
2.9353,0.85861
2.5051,0.892
8.3461,0.61484
2.6695,0.87978
3.8247,0.79736
7.8705,0.62761
2.5657,0.88508
2.8394,0.86492
2.6139,0.88486
7.5233,0.63978
2.728,0.87313
2.6947,0.87528
2.316,0.90801
3.0678,0.8477
8.4969,0.61172
3.6247,0.8058
3.1365,0.84119
2.821,0.8622
5.8795,0.69342
6.3829,0.67858
7.2054,0.64863
7.8523,0.63071
3.1045,0.84201
2.4793,0.89513
2.5424,0.88737
8.2578,0.61928
2.7909,0.86759
2.5818,0.88745
2.5699,0.8874
2.5574,0.88849
7.3079,0.64848
2.7058,0.87596
7.9354,0.62648
2.5425,0.88874
2.8632,0.86368
3.1402,0.84271
2.5966,0.88675
2.6037,0.88647
2.4053,0.90389
2.7855,0.87186
2.5704,0.8842
2.4545,0.89472
2.914,0.8627
2.6868,0.87337
8.6844,0.605
3.1356,0.84616
2.6286,0.87905
2.3311,0.91072
2.2462,0.92033
2.7503,0.87157
7.6828,0.63171
6.9369,0.65773
6.9893,0.65578
6.8138,0.66338
5.7593,0.70096
2.8664,0.8597
7.1116,0.65192
2.8033,0.86295
2.814,0.863
2.4836,0.89254
2.7835,0.86301
2.6914,0.87569
7.3338,0.64284
8.3576,0.61412
7.2767,0.64633
8.855,0.59783
8.3573,0.6154
3.3485,0.8244
7.658,0.63584
3.2933,0.82847
7.4458,0.64236
5.3821,0.71921
2.6483,0.87812
7.8115,0.63209
7.7632,0.6329
6.277,0.67911
6.3143,0.67978
7.6933,0.63507
2.8697,0.85746
2.6384,0.88265
3.6263,0.80584
3.2463,0.83339
2.603,0.8861
2.4391,0.8979
2.6761,0.87655
2.6582,0.87647
7.3645,0.6445
7.5386,0.6369
5.4494,0.71475
8.7268,0.60266
2.8768,0.86141
7.5191,0.64009
2.5107,0.89002
3.2417,0.83196
6.538,0.67322
7.2883,0.64722
2.6832,0.87815
6.2337,0.68454
5.7299,0.69928
5.8644,0.69375
5.7196,0.70475
3.0342,0.84771
6.4533,0.67802
7.5131,0.64093
5.8522,0.69374
7.0997,0.65236
7.1512,0.64917
7.0272,0.65211
7.5479,0.63764
2.5503,0.89056
2.2457,0.91649
2.4406,0.89949
2.7096,0.87401
2.7881,0.86679
2.7539,0.86612
2.5091,0.88995
2.8446,0.86579
2.4408,0.89765
2.4167,0.90085
2.7247,0.8764
2.7513,0.87191
2.6497,0.88133
6.7482,0.66453
8.3785,0.61229
2.5535,0.89013
2.6093,0.88273
2.3738,0.90726
6.9115,0.65902
7.6546,0.63309
3.4812,0.81828
7.7495,0.63067
7.7322,0.63062
7.26,0.64852
7.4056,0.64207
8.6917,0.60571
6.9517,0.6544
3.8125,0.79147
9.4006,0.58459
7.9248,0.62796
9.4792,0.58726
2.5615,0.88904
3.5852,0.80794
3.532,0.81329
3.5633,0.81124
6.8819,0.66418
3.4675,0.81908
3.0912,0.84595
2.4235,0.89558
2.6569,0.87875
2.6501,0.87415
2.9782,0.85211
2.4836,0.89261
3.5138,0.81597
2.5062,0.88994
2.8374,0.8627
2.7324,0.87043
2.5476,0.88588
2.9606,0.85169
2.8484,0.86303
7.2329,0.64062
9.0511,0.59411
2.7463,0.86938
2.8576,0.86161
2.7346,0.87253
2.6174,0.87742
3.1003,0.84238
2.6475,0.88043
2.4787,0.89085
2.9184,0.8555
2.7048,0.8742
2.3589,0.90673
2.6483,0.8777
3.805,0.79464
2.6988,0.87481
2.927,0.85444
2.9738,0.85129
2.5612,0.88426
2.7523,0.86575
7.6681,0.6294
2.7175,0.86826
2.8076,0.86292
2.7343,0.86999
2.6651,0.87297
2.6893,0.87037
2.6742,0.86842
2.9676,0.85211
6.2181,0.67854
2.3498,0.9027
2.5319,0.88725
2.526,0.88781
2.4107,0.89862
2.3887,0.89913
2.5509,0.88466
2.4448,0.89501
7.4415,0.63263
9.288,0.57798
4.0245,0.77728
4.4897,0.75884
3.1879,0.82904
2.3452,0.90184
2.5327,0.88261
3.3042,0.81954
3.2455,0.83021
2.5702,0.87941
2.6453,0.87233
2.513,0.88437
2.2989,0.90465
2.2837,0.90655
4.294,0.76322
2.4725,0.88567
8.1983,0.60647
7.1401,0.64016
7.3077,0.63425
7.8864,0.61796
7.3209,0.63853
3.9802,0.77821
3.3871,0.81295
3.3638,0.81018
2.5447,0.87596
2.7008,0.86328
2.4872,0.88522
2.511,0.88324
2.4412,0.88768
2.7135,0.86153
2.4199,0.88551
2.5565,0.87428
2.5644,0.87498
2.5047,0.87983
7.7871,0.61437
2.6192,0.86888
2.6419,0.86527
2.8264,0.85277
2.491,0.87973
2.5328,0.87869
2.7722,0.8568
2.4174,0.88689
2.7138,0.86244
2.4515,0.88372
2.2941,0.89991
2.4134,0.88689
2.4095,0.88752
2.4524,0.88288
2.9247,0.84205
2.6434,0.86606
2.7574,0.85397
2.5251,0.87585
8.9872,0.5819
7.5121,0.62124
2.3526,0.89146
2.5049,0.87588
2.5865,0.86797
2.5417,0.87201
2.6181,0.86443
2.4728,0.87772
2.2575,0.89866
2.3023,0.89364
2.4766,0.8748
2.486,0.87227
2.6039,0.85914
2.8724,0.83497
2.556,0.86204
2.7495,0.8454
2.6288,0.85365
2.5479,0.86591
6.9356,0.63261
2.3755,0.8827
2.8326,0.83785
2.8703,0.82885
2.7769,0.83845
2.9709,0.82725
2.9262,0.83222
2.7955,0.84538
7.4367,0.62435
2.7638,0.84743
2.4597,0.87188
6.7322,0.64204
2.3635,0.88198
2.4216,0.87733
3.1138,0.8206
6.4394,0.65738
2.9871,0.82825
2.2845,0.88658
2.7111,0.85299
2.1054,0.90794
2.3211,0.88474
3.3849,0.79846
3.0983,0.81996
2.3177,0.88448
3.0342,0.82543
2.2144,0.89467
3.8986,0.77379
2.6322,0.8569
2.7886,0.84452
3.6245,0.79106
3.6882,0.78604
2.6,0.86503
2.9897,0.83016
7.4144,0.62075
2.6878,0.85695
5.3832,0.69601
2.6554,0.85771
2.69,0.85545
2.1682,0.89984
2.2008,0.89597
2.7334,0.84682
2.3837,0.87344
2.4315,0.87156
1.9623,0.92415
3.3223,0.80995
6.9585,0.63455
2.4364,0.87634
2.3282,0.88039
2.6534,0.85182
5.9464,0.66689
1.9002,0.92888
1.7656,0.94574
1.7915,0.94287
5.8346,0.67399
6.5276,0.64554
5.794,0.6734
6.6717,0.63991
5.9673,0.67126
2.9091,0.83333
5.2652,0.69846
3.299,0.80838
3.6213,0.7947
4.8376,0.72001
4.868,0.72158
5.1619,0.7069
2.8642,0.84158
2.7918,0.84798
2.4315,0.88148
2.643,0.86037
2.7306,0.85327
2.6778,0.85575
2.7127,0.85337
2.8276,0.84205
2.1433,0.89745
6.9202,0.6289
6.9627,0.62725
6.5964,0.64224
6.757,0.63824
7.4453,0.61166
2.7738,0.84151
2.0543,0.91251
6.2893,0.65402
2.4498,0.8719
2.4363,0.8726
2.1982,0.88934
2.5927,0.85265
3.1788,0.80783
6.0671,0.66157
5.1369,0.70117
6.6053,0.6387
2.0966,0.90083
2.2994,0.88286
2.4041,0.87309
2.9922,0.83098
2.4961,0.8626
5.763,0.67171
5.8708,0.66879
6.0763,0.65939
7.153,0.61983
2.079,0.90634
2.2608,0.88027
2.176,0.89499
2.0751,0.90552
1.6846,0.95722
1.7444,0.95156
1.9705,0.92207
1.8031,0.94518
2.0404,0.9101
1.7646,0.94924
1.9818,0.92159
2.4318,0.87239
4.8362,0.71321
1.8456,0.93392
1.8465,0.93432
1.8298,0.93952
1.7917,0.94458
1.8156,0.93542
1.8748,0.93244
1.785,0.94339
1.7187,0.95242
1.8769,0.93191
1.6749,0.96117
1.8266,0.93983
1.8915,0.9288
2.0324,0.91083
1.9832,0.9179
1.8301,0.93567
5.0811,0.70762
4.7022,0.72377
1.5076,0.98478
4.8113,0.72015
1.6698,0.95742
1.5006,0.98482
3.7818,0.77469
1.6536,0.96842
1.4478,0.99221
1.6693,0.96497
1.4419,0.99946
1.4689,0.99469
1.6349,0.96829
1.5444,0.98206
1.5591,0.97975
1.559,0.97848
1.6773,0.95791
1.7802,0.94441
1.8846,0.92824
1.777,0.94524
5.0111,0.69579
5.7598,0.66427
2.3217,0.87635
5.3548,0.6762
4.849,0.70015
2.6175,0.84309
1.778,0.92983
2.1565,0.88804
1.9446,0.9154
2.1157,0.88891
6.0642,0.65096
3.8991,0.74052
3.6185,0.76708
3.9686,0.75269
2.1721,0.88522
5.6913,0.66145
4.9108,0.69938
5.5905,0.66402
5.8224,0.64932
4.3268,0.72347
1.5071,0.96604
1.3111,0.99832
1.3274,0.9933
3.6707,0.771
4.4303,0.7227
4.9932,0.69883
5.5295,0.66964
5.5456,0.67281
7.0043,0.61176
4.7465,0.70468
3.6412,0.76871
5.871,0.6543
1.3002,1.004
2.7211,0.83642
2.7022,0.84087
2.0055,0.90428
6.6716,0.62728
7.3008,0.60466
2.1249,0.89249
4.2369,0.73206
1.2268,1.0163
3.7514,0.76175
2.5297,0.85666
1.6644,0.94011
6.2151,0.64336
3.3098,0.79146
2.5068,0.85241
3.0157,0.80557
6.0485,0.64747
6.5825,0.62378
6.7541,0.62198
6.495,0.63336
1.0181,1.0536
5.7188,0.66328
6.2191,0.63966
5.258,0.67995
4.1284,0.73692
3.1748,0.7953
4.403,0.71688
2.6732,0.83273
1.2556,0.998
3.0058,0.79902
4.958,0.68182
1.5636,0.9489
1.6208,0.93963
1.1923,1.0051
3.7997,0.74398
4.4966,0.7065
5.1402,0.67781
6.1367,0.63008
4.1564,0.72534
1.4304,0.97198
2.8504,0.80756
2.8738,0.80363
5.6388,0.65275
5.3108,0.67133
4.4899,0.70615
4.5016,0.70049
1.1742,1.0142
4.516,0.70337
4.5175,0.70372
4.5176,0.7026
1.1982,1.0076
0.90893,1.0665
2.9745,0.79744
1.7726,0.91603
5.1816,0.67068
4.5171,0.70531
4.7108,0.69225
1.7939,0.9171
1.6619,0.92821
3.2975,0.77739
7.0181,0.60669
4.5885,0.70494
4.4488,0.71518
6.6583,0.62259
5.1987,0.68431
5.8468,0.65109
6.6429,0.62434
5.6028,0.66829
6.64,0.62539
6.6604,0.61998
4.768,0.69911
6.6887,0.62265
4.2617,0.72322
4.938,0.6878
1.682,0.94387
5.0389,0.67979
4.2258,0.72512
4.7561,0.70167
4.1736,0.72809
1.0953,1.0406
3.8425,0.74881
4.5268,0.70836
4.0599,0.73699
5.8028,0.65619
6.2224,0.6374
4.2017,0.72433
5.03,0.68819
4.7629,0.70113
4.2898,0.72763
4.8025,0.69507
3.6053,0.76084
2.4908,0.84799
2.4132,0.86404
4.346,0.72253
6.2588,0.6401
1.9697,0.90587
4.6215,0.70541
4.7736,0.69964
5.7495,0.65517
4.9057,0.69085
2.7204,0.8289
4.7162,0.70247
3.8901,0.75148
6.1341,0.63483
4.8313,0.69795
4.5768,0.71125
4.6881,0.70649
3.4929,0.76942
6.4033,0.63396
5.8856,0.65351
4.6156,0.71065
4.265,0.73094
2.2808,0.87791
4.9545,0.68979
5.0107,0.68827
3.2914,0.79093
1.4865,0.96825
2.9682,0.81367
4.5928,0.71221
1.0718,1.0459
3.9578,0.74366
1.1696,1.0296
1.0751,1.0471
4.2226,0.73368
4.8985,0.6943
4.3131,0.72672
5.0207,0.69149
5.9204,0.64787
2.019,0.90338
5.5378,0.66308
5.5445,0.66394
5.825,0.6592
3.1815,0.80341
2.3587,0.86758
4.5275,0.71474
3.6031,0.76779
4.1394,0.73535
4.5924,0.71044
5.1163,0.68559
4.6423,0.70331
6.1448,0.64421
4.2411,0.72488
7.1354,0.60909
4.1508,0.72905
4.7256,0.70209
5.0059,0.68796
4.8848,0.69325
2.0004,0.90142
2.0479,0.89935
5.3129,0.67181
5.2095,0.67863
5.0935,0.68661
5.386,0.67161
4.6975,0.70469
4.626,0.71037
3.9622,0.74768
4.5022,0.71665
4.5537,0.71136
3.2026,0.80254
7.2617,0.60565
6.9383,0.61887
4.8972,0.69186
6.5829,0.62747
5.0394,0.69013
4.7973,0.70034
3.5618,0.76692
3.9154,0.74978
4.1956,0.73031
1.9768,0.90626
5.4851,0.66526
4.4802,0.71758
1.9924,0.90026
0.95897,1.0723
4.169,0.73068
6.7752,0.61922
5.1003,0.68421
4.5366,0.712
1.1479,1.0306
1.1975,1.0201
3.2473,0.7926
4.4638,0.71954
3.9767,0.74473
3.6884,0.76208
1.2123,1.0263
5.5245,0.67637
5.8699,0.65778
6.0861,0.65067
4.2671,0.72743
6.1392,0.64778
1.5443,0.96445
6.1959,0.64573
7.1884,0.60796
7.0003,0.61339
4.8016,0.70599
0.86129,1.0956
5.875,0.65035
4.9261,0.69506
3.5562,0.77208
4.2146,0.73163
2.2445,0.87365
4.4154,0.7209
4.7762,0.70022
3.8156,0.75196
4.3106,0.72376
3.4073,0.783
3.8181,0.75421
4.4997,0.7147
2.2563,0.87252
3.1344,0.80089
5.9278,0.65768
5.7314,0.66488
2.5293,0.85184
3.3379,0.78782
5.6306,0.66508
5.9382,0.65459
4.6595,0.7069
3.5918,0.77268
4.3068,0.72636
5.9132,0.65834
3.9128,0.75182
4.4079,0.71981
4.2739,0.7305
4.3737,0.72133
4.7573,0.70264
6.6491,0.62764
6.6578,0.62529
1.2799,1.0078
3.9988,0.74426
4.4523,0.71881
3.3643,0.79027
5.507,0.6721
3.6167,0.7684
0.97265,1.0695
5.395,0.68065
1.1527,1.031
3.9656,0.74509
3.6786,0.76201
4.5247,0.70883
3.5361,0.77391
4.024,0.74163
3.8547,0.75288
5.5611,0.66396
4.5416,0.71395
6.7096,0.62896
6.4105,0.63826
4.5424,0.71371
4.0935,0.73791
5.6238,0.66601
6.6073,0.62546
2.0013,0.90621
4.2976,0.73109
5.9632,0.6563
1.4815,0.97894
5.1323,0.69247
4.5189,0.71664
2.5835,0.85291
2.3076,0.87974
3.0798,0.80761
3.5304,0.77083
3.7486,0.7597
2.8221,0.82891
4.3443,0.7266
3.4977,0.77501
4.4301,0.7214
5.7592,0.65934
1.9859,0.90389
4.7778,0.6997
2.6241,0.83563
2.771,0.82175
4.2993,0.72671
3.8234,0.75808
3.3731,0.78339
3.4358,0.78099
5.6478,0.66852
5.6775,0.66599
4.3465,0.72593
4.1477,0.74036
3.5372,0.77566
5.6677,0.66824
3.4819,0.77879
2.4417,0.86441
4.089,0.73892
1.8881,0.91972
2.2548,0.87704
2.053,0.89834
1.8664,0.91927
4.5967,0.71207
2.9677,0.81935
1.6312,0.95304
1.5356,0.96734
3.5736,0.76942
6.2428,0.64421
4.0215,0.74446
5.7959,0.66394
3.1568,0.80199
1.8947,0.9264
3.2447,0.79743
3.2426,0.79655
4.4468,0.72188
4.4852,0.71472
3.3495,0.78085
4.0324,0.74379
2.2502,0.88155
4.7423,0.71446
3.6632,0.76799
3.7681,0.76464
5.5695,0.67479
5.2833,0.6865
5.1768,0.69015
5.3115,0.68217
3.4885,0.78003
5.7009,0.66721
5.3139,0.68316
3.7587,0.76072
4.9992,0.69913
5.1573,0.68923
4.0736,0.74512
5.5323,0.67337
4.8973,0.70584
6.1549,0.64572
3.3327,0.78946
4.1076,0.73299
5.2294,0.68684
6.2038,0.64444
3.9357,0.74929
1.8188,0.92965
5.0265,0.69901
4.7858,0.70099
5.1475,0.69195
4.604,0.71575
6.0822,0.64683
5.8778,0.65762
4.2068,0.73221
6.0418,0.64881
3.8485,0.75338
3.7177,0.76743
2.4904,0.86071
6.1278,0.6466
5.6726,0.6688
5.671,0.66722
3.5571,0.76801
4.5083,0.7139
2.6469,0.85019
4.126,0.73869
5.1929,0.6914
3.4109,0.78152
3.583,0.76947
7.8462,0.58616
2.972,0.81751
3.1412,0.80125
2.7067,0.83412
5.082,0.69888
6.0662,0.65077
5.8287,0.65897
5.5292,0.6733
5.8907,0.65806
6.0292,0.65442
6.5043,0.63605
5.3605,0.68187
6.1132,0.64829
3.9403,0.74658
5.9684,0.65552
3.2209,0.79382
5.7507,0.66644
6.2476,0.64329
5.6879,0.66911
5.653,0.66761
5.1555,0.69468
5.4295,0.67755
5.9198,0.65847
0.79874,1.1157
3.9583,0.74874
6.1048,0.65063
5.5663,0.67543
4.2092,0.73114
3.0763,0.8103
5.2221,0.68741
4.241,0.7336
3.5276,0.77561
3.6095,0.77015
5.3429,0.68501
1.7904,0.93577
4.172,0.7359
5.7999,0.65195
4.6158,0.71224
2.0454,0.90242
6.4962,0.63151
5.811,0.66373
4.5998,0.71584
3.901,0.7509
3.7763,0.7558
6.2419,0.64138
5.5134,0.67436
5.5544,0.67112
5.9309,0.65817
6.2333,0.64356
1.6901,0.94488
4.829,0.71084
4.7036,0.71678
2.5506,0.85776
2.8887,0.82822
4.8555,0.70726
3.2101,0.80177
3.3318,0.79085
4.3751,0.73199
5.6333,0.67151
5.3426,0.68117
5.2948,0.68386
5.0185,0.69817
3.771,0.75637
5.228,0.68896
4.7043,0.71168
4.9141,0.70179
7.4015,0.60227
5.8381,0.65889
4.2144,0.72788
4.2668,0.72924
4.242,0.73114
3.7324,0.76344
3.667,0.76735
5.3892,0.68029
6.0057,0.65359
6.2883,0.64087
5.689,0.66764
7.0791,0.61348
5.5361,0.67203
5.9324,0.65884
3.9142,0.75617
6.2552,0.64566
5.1076,0.69263
5.85,0.66121
5.9538,0.65968
4.4816,0.72112
4.9117,0.70188
5.767,0.66323
4.6686,0.71783
3.5356,0.77603
4.121,0.7377
5.2435,0.68919
4.6959,0.7017
5.577,0.6697
6.0259,0.65276
3.1172,0.7969
3.6867,0.76235
2.7999,0.82224
6.04,0.65203
2.5574,0.84274
6.4381,0.63726
5.542,0.67221
5.7076,0.66748
5.8035,0.65997
5.257,0.68655
2.8811,0.82649
5.2339,0.68557
6.1777,0.64456
5.3476,0.68382
5.7083,0.667
5.7406,0.66566
5.9958,0.65454
4.8182,0.70994
4.8835,0.7075
3.5559,0.77171
4.0625,0.75009
5.2909,0.68365
5.6158,0.67027
3.6205,0.77207
5.1846,0.68902
3.2942,0.7939
4.9003,0.70457
4.8439,0.70507
4.7472,0.71007
2.547,0.85686
6.038,0.64962
5.7068,0.66371
2.1906,0.88599
5.8133,0.65249
5.4864,0.67501
5.98,0.65613
6.0773,0.64974
5.3913,0.68191
5.8211,0.66145
3.2536,0.78943
7.8152,0.58802
4.1805,0.74584
3.7151,0.77841
4.2214,0.74417
0.92908,1.0816
5.1623,0.69521
5.3622,0.68357
5.0695,0.69714
5.019,0.69907
4.9593,0.70221
6.5819,0.63191
4.8893,0.70632
5.3399,0.6824
2.0264,0.91311
3.4985,0.78034
4.9638,0.70359
3.7816,0.76152
3.6153,0.77241
5.6978,0.66518
3.6258,0.7701
3.5162,0.77903
4.4352,0.7336
5.2987,0.68476
1.9425,0.92149
1.8783,0.92929
1.9037,0.9201
2.4461,0.86127
3.5271,0.78037
6.3671,0.64286
2.7586,0.8298
2.6078,0.84873
1.8388,0.93196
3.5906,0.77128
1.8709,0.92559
5.1748,0.69253
4.9538,0.70256
3.4494,0.77761
4.7633,0.71512
1.8595,0.92937
2.8171,0.83452
2.04,0.9092
4.5529,0.72485
2.7198,0.83488
6.1972,0.64808
4.7682,0.71493
5.8644,0.65963
3.1882,0.79916
3.232,0.79539
1.6905,0.9456
5.3076,0.68646
5.2005,0.69379
5.8239,0.66503
5.6513,0.6715
4.6644,0.72214
5.9083,0.65769
5.6082,0.67197
4.0496,0.74686
4.4953,0.71791
5.4176,0.68345
4.7768,0.71309
5.5208,0.67588
4.0101,0.75121
5.8258,0.6566
3.5313,0.77559
3.7228,0.76601
5.4227,0.66965
1.5032,0.97674
3.999,0.74782
5.9374,0.6584
4.4848,0.71695
5.5496,0.67272
3.1688,0.79794
3.6626,0.77288
3.9137,0.75895
6.5051,0.63705
6.5813,0.6325
5.3774,0.68048
5.0733,0.69442
3.3236,0.78954
5.5624,0.67172
5.6255,0.66993
6.059,0.65073
3.4316,0.78009
6.1673,0.64706
1.8831,0.92561
4.8825,0.70956
2.7661,0.83664
2.5795,0.85433
4.7206,0.71378
3.6975,0.76517
4.0376,0.74533
3.3151,0.79332
3.6866,0.76598
3.8507,0.75994
5.2217,0.68776
3.371,0.79088
5.3574,0.68403
6.7827,0.62507
1.0897,1.0426
3.9907,0.74621
2.9556,0.81084
5.5753,0.66975
3.8395,0.7555
3.4093,0.78394
3.7857,0.75785
3.0884,0.81087
3.2263,0.79754
4.1151,0.73806
2.5306,0.85387
2.2938,0.8811
2.9427,0.81491
1.9852,0.91386
3.3428,0.78741
3.128,0.80897
1.5183,0.97108
1.481,0.97623
5.0539,0.68214
2.4728,0.849
2.2581,0.87367
1.6115,0.95929
4.0247,0.7397
5.3187,0.68648
4.8548,0.70578
5.2934,0.68615
5.3435,0.68108
4.0268,0.73981
4.3569,0.72384
3.8866,0.75466
4.3554,0.72477
2.3537,0.87445
5.4983,0.66854
1.1628,1.03
1.1664,1.026
4.6495,0.71944
1.7131,0.94376
5.8643,0.66041
3.9568,0.74451
1.8068,0.92535
2.9197,0.82498
5.4818,0.67613
5.4582,0.67715
3.9384,0.74794
1.3083,1.0041
1.9457,0.91459
5.0927,0.69739
3.2416,0.79784
3.3297,0.79279
3.2663,0.79928
3.0727,0.81617
2.2723,0.88656
3.7441,0.7659
3.7886,0.76042
2.9976,0.81814
3.6714,0.76758
2.1972,0.8875
4.8587,0.70664
4.4442,0.72169
3.0526,0.81173
3.6089,0.77452
3.5393,0.77936
3.9284,0.75515
3.7668,0.76303
3.7927,0.76292
0.93418,1.0842
3.1812,0.80783
0.6768,1.154
2.6086,0.84783
3.7089,0.76515
3.7191,0.76572
3.2727,0.79783
4.4243,0.72337
4.1593,0.73724
7.1891,0.61025
3.6883,0.76921
3.1421,0.80995
5.642,0.66826
5.0723,0.69555
2.9203,0.81785
3.5449,0.77393
4.0646,0.74224
4.2956,0.72752
1.5511,0.97326
5.3798,0.67995
4.7042,0.71668
3.7062,0.76557
5.4087,0.67946
4.6863,0.71831
4.6439,0.72198
4.8348,0.71069
5.8094,0.66293
5.6798,0.66928
4.1336,0.73476
5.0119,0.6905
3.7921,0.75683
3.3769,0.7844
3.9118,0.7535
5.3967,0.67935
5.3181,0.68232
3.4591,0.7844
3.27,0.7921
5.0974,0.69425
3.9834,0.74621
3.4158,0.7816
3.1808,0.80256
3.7804,0.76037
5.7047,0.66738
3.9599,0.7492
3.5277,0.77585
4.924,0.70369
4.013,0.7444
3.1334,0.80857
3.9411,0.75346
5.2756,0.68688
4.2113,0.74085
2.1277,0.8962
3.7134,0.76585
4.9801,0.69843
3.0364,0.81263
3.8033,0.75664
4.8951,0.70778
3.6556,0.7699
3.1482,0.8087
4.4204,0.73138
6.4759,0.63744
5.4287,0.67077
5.9686,0.65386
6.1208,0.65006
5.8387,0.6606
4.8391,0.7071
2.6136,0.84363
3.6499,0.76574
3.3,0.79271
3.4308,0.78524
3.9182,0.75378
3.4649,0.78154
3.9145,0.75196
1.7675,0.93206
4.3935,0.72
4.2461,0.73186
3.7541,0.75983
3.84,0.75504
5.1334,0.69301
0.75946,1.123
2.8808,0.82161
3.2665,0.79637
3.4076,0.78512
3.562,0.77599
2.2044,0.88273
3.4998,0.77904
3.9488,0.74838
5.6594,0.66818
3.224,0.79538
3.6616,0.76503
0.9746,1.0688
0.94887,1.0747
4.2938,0.72559
3.834,0.75507
4.1042,0.73872
3.1363,0.803
4.352,0.72881
3.9487,0.74861
4.2325,0.73194
3.7521,0.76633
3.6903,0.76581
1.2396,1.0216
2.5944,0.85682
1.8689,0.92969
3.4811,0.78211
2.8396,0.83241
2.9069,0.82147
2.8095,0.82995
4.0392,0.74612
3.047,0.81191
3.8009,0.75836
3.0984,0.81213
3.5826,0.77317
3.7465,0.75949
3.4365,0.7791
2.9174,0.82234
2.3678,0.87172
3.9096,0.75604
0.74076,1.1358
0.93315,1.0795
1.3217,1.0068
5.5302,0.67588
3.4612,0.78624
5.8205,0.65952
6.5181,0.63475
0.84418,1.1054
2.435,0.87463
5.1965,0.6927
5.1109,0.69388
5.9446,0.65548
2.9042,0.82882
5.3001,0.68529
5.1541,0.69163
1.8144,0.93114
3.6924,0.76697
5.078,0.69637
1.7474,0.9411
2.0483,0.90291
6.9504,0.6192
3.2196,0.79195
4.7038,0.70404
2.5326,0.85241
3.7939,0.75329
3.3324,0.78992
3.7188,0.76125
3.3669,0.7911
3.6553,0.76912
3.2148,0.80085
3.487,0.7801
1.8151,0.93256
0.6746,1.1517
3.062,0.81218
3.48,0.78333
3.9068,0.7552
4.4999,0.71963
3.7129,0.76441
2.8094,0.83357
4.7184,0.71668
3.6222,0.77105
3.2024,0.80298
3.5255,0.77834
4.1014,0.74023
3.8641,0.75781
3.3503,0.79045
3.3394,0.79168
3.4488,0.78349
4.583,0.71833
5.7532,0.66233
3.839,0.7572
4.4636,0.72933
4.8713,0.70221
3.1791,0.79605
3.7821,0.76396
3.3737,0.7876
4.3432,0.73741
4.4104,0.73263
4.5168,0.7285
3.4292,0.78926
3.3971,0.79024
3.5008,0.78224
5.1963,0.69237
3.1442,0.80695
4.7971,0.71108
3.4551,0.78347
4.0328,0.74213
3.5543,0.77427
3.1995,0.80326
5.3713,0.67715
4.7602,0.70441
2.9419,0.81152
4.1965,0.73333
4.2554,0.73166
1.8287,0.92968
5.7613,0.662
1.9077,0.91805
4.0454,0.74003
3.8821,0.75002
5.9667,0.6556
6.2995,0.64096
5.7428,0.66547
3.0475,0.81562
6.7885,0.62652
3.6436,0.76869
3.4175,0.78627
3.4306,0.78306
4.5416,0.72566
1.9178,0.92216
2.2934,0.87569
5.0545,0.69899
3.5914,0.77165
3.781,0.77428
2.9941,0.8188
5.0537,0.70081
6.1142,0.65177
2.8352,0.83449
4.7664,0.71307
4.7605,0.71474
3.5528,0.77551
3.7493,0.7663
4.0705,0.74472
4.0928,0.74199
4.3015,0.72949
4.9279,0.70445
4.9482,0.70265
3.6279,0.77136
4.9416,0.70342
5.3372,0.6833
2.4977,0.86827
2.2245,0.88369
3.4062,0.78942
3.403,0.78834
3.6257,0.77355
4.2062,0.73321
4.856,0.71028
2.6877,0.84866
3.7697,0.76249
1.3924,0.99129
3.115,0.80432
4.0228,0.74748
3.5424,0.77768
2.4909,0.85995
1.8526,0.9321
3.6885,0.76664
3.3166,0.7927
3.7038,0.76708
2.1529,0.89244
6.5182,0.63494
6.9838,0.61516
3.6874,0.7634
3.954,0.7476
3.8554,0.75371
5.2121,0.68823
5.3087,0.68419
5.7945,0.66314
3.6575,0.76986
3.3005,0.79364
3.9653,0.74791
3.3644,0.78628
4.549,0.71678
4.6919,0.71826
2.8124,0.82587
3.0449,0.81381
3.4986,0.7767
3.2459,0.79314
2.3817,0.86175
5.1321,0.69059
3.1918,0.79566
5.247,0.6833
5.4162,0.67728
3.3012,0.79156
3.0222,0.81219
3.1122,0.80514
3.8507,0.75211
3.5493,0.77444
2.9851,0.81676
3.2936,0.79214
2.9391,0.82277
3.2211,0.79671
0.89011,1.0888
1.4112,0.98477
2.725,0.83407
0.85561,1.0975
3.4719,0.77794
3.1067,0.8062
3.3816,0.78724
3.1646,0.80151
0.52621,1.213
0.96212,1.0684
3.2805,0.79206
3.4732,0.77626
0.81164,1.1071
3.2378,0.79468
3.7148,0.76129
3.458,0.78351
0.63147,1.1677
0.93862,1.0822
1.0375,1.0577
1.1625,1.0259
0.65894,1.1579
2.8835,0.82049
2.6025,0.84527
0.65846,1.157
0.78589,1.1135
1.0721,1.048
1.2924,1.0043
5.7227,0.66441
5.7277,0.66441
3.9905,0.74562
1.8226,0.93036
3.6266,0.7642
1.6691,0.94772
4.5638,0.71313
3.5303,0.77967
1.8433,0.93052
2.0284,0.90759
2.999,0.81067
2.9094,0.81887
2.8334,0.82627
3.4488,0.77744
2.886,0.8194
3.323,0.79052
3.2041,0.79771
3.5303,0.77494
4.328,0.7219
5.4482,0.67472
3.534,0.76915
1.6998,0.94143
4.3276,0.73019
5.1215,0.69062
3.5493,0.77107
4.1264,0.73764
3.2599,0.79337
3.314,0.79431
2.6761,0.84236
2.5544,0.85002
1.9394,0.91494
2.1161,0.89594
2.9253,0.81779
3.468,0.77785
3.2604,0.79216
3.7225,0.76034
3.5618,0.77281
4.1644,0.744
2.7037,0.84133
3.6101,0.76873
3.0894,0.80538
3.1374,0.79967
3.78,0.75682
1.1809,1.0236
3.6659,0.76455
3.4795,0.77754
3.171,0.79859
3.6925,0.76122
2.7441,0.83257
1.1121,1.0448
2.7726,0.83349
3.0088,0.8159
1.2023,1.0277
2.6881,0.84148
1.2624,1.0102
3.127,0.80175
4.0205,0.74539
2.5372,0.85513
3.173,0.80097
4.4731,0.71873
1.4292,0.98094
2.5961,0.8495
2.4558,0.85945
2.5856,0.84571
1.4096,0.98636
2.8109,0.82393
3.1182,0.80585
2.7013,0.83875
2.4454,0.86412
1.5488,0.96331
4.3927,0.72856
3.8435,0.7609
4.9894,0.69865
2.9334,0.82155
2.735,0.83361
3.6176,0.77016
3.1139,0.80737
0.54057,1.2001
2.7228,0.83436
2.6304,0.84059
1.4306,0.98368
1.6098,0.95801
1.5692,0.96261
2.8821,0.82314
2.4755,0.85559
1.9765,0.91261
2.5398,0.8526
3.0733,0.81216
2.4438,0.86186
2.7179,0.83685
1.7232,0.9353
2.6816,0.8403
2.4065,0.86288
3.4279,0.77667
3.1698,0.79809
2.2917,0.87226
2.872,0.824
3.0192,0.80857
1.032,1.0553
1.4249,0.98371
2.68,0.83311
2.6862,0.83866
3.5119,0.77729
2.7061,0.83464
2.7373,0.83048
2.7349,0.82719
2.8622,0.82042
1.7542,0.93774
3.218,0.79143
2.7108,0.83694
4.2431,0.7314
2.459,0.8599
3.8946,0.75258
3.3585,0.78684
2.7072,0.83456
2.8539,0.82266
2.416,0.85316
2.4775,0.84818
2.3408,0.86669
4.3378,0.72479
2.4812,0.85397
0.47515,1.228
0.53056,1.198
0.56303,1.1851
3.0989,0.80326
3.1331,0.80148
2.6931,0.83473
2.1386,0.88323
2.716,0.83103
2.3901,0.86504
3.6502,0.76524
3.2316,0.79268
2.9802,0.81036
2.3895,0.86893
2.1482,0.89224
1.9233,0.92165
2.7192,0.83502
0.52245,1.2104
2.7382,0.83693
1.6569,0.94913
2.4398,0.86212
1.4657,0.97609
2.2004,0.88484
0.63305,1.1611
2.5342,0.8506
0.87906,1.092
1.0236,1.0625
1.5744,0.96165
3.109,0.80204
3.2052,0.79956
3.1341,0.79782
2.9186,0.82053
2.9734,0.81692
1.9658,0.90958
2.6098,0.84534
2.5085,0.85374
2.0639,0.89948
2.0348,0.90249
1.6461,0.95394
2.5073,0.85284
3.4033,0.78226
1.1208,1.0383
0.59456,1.1756
0.72013,1.1358
0.74022,1.1285
0.81064,1.107
2.0801,0.89618
0.57947,1.1844
0.72816,1.1296
2.0056,0.91155
2.0253,0.90098
2.8685,0.8221
1.8484,0.92212
2.0822,0.895
2.1141,0.89114
2.4893,0.85361
1.8971,0.91181
0.63821,1.1573
1.9444,0.90848
2.1252,0.88806
2.0475,0.89215
0.62709,1.1655
1.8443,0.92134
2.6424,0.8346
1.062,1.0463
2.353,0.86426
0.43976,1.2342
0.92346,1.0772
1.1705,1.0236
2.0807,0.88778
2.4005,0.85672
1.8409,0.9178
1.1721,1.0191
1.7682,0.92976
1.9104,0.90902
2.2626,0.86935
2.1737,0.88064
2.1994,0.87767
2.0127,0.90021
2.0221,0.89518
1.283,0.99384
1.5146,0.95791
2.4712,0.84681
1.3003,0.98938
1.2903,0.99578
2.4472,0.84343
1.9671,0.89709
2.3446,0.8534
1.876,0.90412
2.7826,0.81041
2.4532,0.83836
3.1516,0.77493
2.1874,0.85697
2.2611,0.82958
2.9246,0.76444
2.5126,0.77278
2.7284,0.75383
0.63959,1.0673
2.1113,0.8103
0.47735,1.165
0.55854,1.1207
0.6269,1.0947
0.50715,1.1515
0.50034,1.1443
0.42051,1.1901
2.0226,0.82073
0.78397,1.0368
2.6111,0.76221
0.51451,1.1386
1.1304,0.9572
0.99442,0.97831
0.7974,1.0327
1.4309,0.90414
1.9975,0.82177
3.0096,0.72965
1.2217,0.936
1.3246,0.91782
1.207,0.93676
1.0264,0.97792
1.0602,0.97256
1.1049,0.96096
2.7286,0.74576
1.091,0.961
1.2609,0.93708
1.7891,0.84325
1.9287,0.82465
1.5602,0.87736
2.4321,0.77072
2.228,0.79875
1.0499,0.97427
0.49323,1.1401
5.0096,0.61078
1.1961,0.93773
2.3752,0.77843
1.9599,0.81576
5.3638,0.59129
1.8383,0.83439
2.7137,0.74307
2.2592,0.7884
4.439,0.63535
0.97478,0.98592
0.83184,1.0182
1.9279,0.82812
1.0276,0.9712
2.1137,0.80514
0.50983,1.1266
2.3219,0.77681
2.1194,0.78885
1.1451,0.93383
0.95754,0.97752
2.5796,0.75145
1.136,0.93872
1.2007,0.91463
2.1806,0.78452
2.1855,0.78058
2.9699,0.70079
2.6803,0.72748
1.1295,0.94159
1.0877,0.94617
1.1306,0.94591
1.2949,0.90924
1.0513,0.95347
1.0354,0.95799
1.0041,0.96566
0.94693,0.9835
0.48632,1.133
1.0633,0.95051
1.1844,0.92524
1.1502,0.93591
1.9091,0.81429
2.049,0.80273
2.0817,0.78678
2.7202,0.72986
1.7673,0.83015
2.4366,0.75338
2.1368,0.78292
0.98895,0.9666
1.8384,0.81858
0.60523,1.0724
1.235,0.90402
2.0782,0.78871
1.8785,0.80917
2.259,0.7696
2.4482,0.7497
5.8493,0.54625
6.2408,0.54012
5.6562,0.55419
1.4634,0.86988
2.3537,0.75144
2.1702,0.77609
6.1993,0.5321
1.9464,0.80534
0.74057,1.0244
2.3596,0.77089
1.7063,0.82643
1.7058,0.82839
5.6386,0.56001
2.7901,0.7048
2.5844,0.72391
4.8976,0.59305
5.4917,0.56646
1.3612,0.88561
1.7183,0.82537
1.1468,0.92553
0.42692,1.1507
1.7453,0.82915
1.6572,0.84104
2.0482,0.78894
5.8204,0.54319
1.7561,0.82378
2.1102,0.78268
1.9724,0.79636
2.1677,0.76909
5.4013,0.55647
1.9559,0.79342
2.5539,0.72612
2.4908,0.73562
5.1743,0.58168
1.4438,0.86956
1.7667,0.81917
0.47789,1.1236
1.6878,0.83042
2.1391,0.77303
5.0576,0.58638
5.0199,0.58639
1.741,0.82907
5.8885,0.53317
5.1841,0.56958
2.7165,0.71547
3.6963,0.63926
1.9822,0.79585
5.6718,0.55192
5.3363,0.56142
1.9457,0.80201
1.9535,0.78892
1.4173,0.87849
1.8615,0.81109
2.2113,0.75978
2.3439,0.74757
2.0881,0.77925
2.5375,0.72875
0.86302,0.98733
5.2762,0.56383
2.392,0.74601
2.7188,0.71191
2.165,0.77606
2.8765,0.6997
2.5693,0.73062
4.5268,0.60014
2.2336,0.74051
0.57258,1.0749
1.9258,0.7996
2.3757,0.74955
3.0464,0.68663
3.3595,0.64948
1.5413,0.85176
4.627,0.60369
1.7803,0.81569
1.5907,0.84801
0.41429,1.1477
3.8471,0.64351
5.8392,0.53939
3.3091,0.69205
5.3821,0.561
6.1312,0.51512
5.331,0.56205
1.0157,0.9304
4.0952,0.62208
1.8253,0.81138
2.2757,0.75621
0.90444,0.97544
2.6556,0.73236
2.6833,0.73504
2.5244,0.74775
0.80537,0.99725
0.94525,0.95888
5.4702,0.5603
3.4133,0.6819
4.1871,0.62747
5.3929,0.56169
2.0656,0.77694
1.6368,0.83729
4.6513,0.60226
5.0783,0.57879
2.0115,0.77748
2.0212,0.78148
4.9308,0.58422
1.4103,0.87054
1.3766,0.87815
2.9153,0.68084
4.234,0.61179
3.2721,0.66158
1.5791,0.83451
2.4855,0.72411
1.9002,0.78998
1.9894,0.7831
1.7023,0.82296
1.7794,0.8148
2.4091,0.7408
2.0052,0.77843
2.3569,0.74475
5.1863,0.5778
5.0975,0.57888
0.61413,1.0646
0.83208,0.99448
1.8844,0.80044
1.8961,0.8017
1.8993,0.79846
1.8555,0.80632
2.1185,0.76739
0.39783,1.1608
1.4061,0.876
0.86548,0.97421
5.3534,0.57014
6.6393,0.51031
2.0941,0.77379
2.4943,0.72257
2.3716,0.74054
2.7665,0.69516
2.7181,0.70602
6.5113,0.50702
6.0117,0.53457
6.4227,0.5183
1.8899,0.79976
2.3429,0.73828
0.76859,1.016
0.68806,1.042
2.4532,0.75501
0.69961,1.0305
0.65299,1.0496
0.95371,0.94875
0.81388,0.9908
1.5509,0.84829
0.85524,0.98655
0.65733,1.0427
1.6653,0.83082
0.61692,1.0595
1.0442,0.94237
2.1867,0.75911
1.3302,0.88118
1.4309,0.86733
1.4428,0.86665
2.4181,0.74028
1.4234,0.86157
1.3521,0.87132
4.3816,0.6121
1.2504,0.90214
1.6582,0.83427
0.58868,1.0732
1.7054,0.83197
2.7209,0.72129
0.70484,1.0332
2.1261,0.76526
1.7569,0.81633
0.47967,1.1213
1.412,0.87738
1.9789,0.78058
1.5428,0.85411
6.0626,0.53268
0.32578,1.2008
0.36406,1.1788
6.3518,0.51451
6.1422,0.52919
6.9321,0.48392
2.5953,0.73483
3.9388,0.6357
4.4855,0.60483
1.3052,0.89151
2.4519,0.7379
2.3382,0.7396
1.9861,0.78329
0.67524,1.0353
1.6082,0.83437
2.1245,0.76385
6.1866,0.51802
0.86765,0.97889
4.9136,0.58196
0.70207,1.0258
6.5435,0.50506
5.3279,0.56245
5.5663,0.553
1.579,0.84118
2.4743,0.7348
2.5334,0.72576
0.45857,1.1163
2.6157,0.72071
1.1558,0.91797
0.51527,1.0995
0.29508,1.2267
2.2265,0.75882
3.2594,0.66767
1.4259,0.86539
0.94516,0.96028
0.46287,1.1271
1.547,0.8482
1.1871,0.89664
0.31643,1.2143
1.6401,0.83107
4.016,0.62691
2.1029,0.79106
0.87034,0.98036
1.6213,0.82227
1.6561,0.83301
1.2371,0.89075
1.6435,0.82712
2.0605,0.76835
1.7346,0.81871
0.33367,1.1933
2.6215,0.72223
3.788,0.65326
0.77598,1.0167
4.3371,0.61067
2.2638,0.75271
1.5939,0.84286
1.9743,0.78285
6.7162,0.50221
1.7754,0.80551
2.1783,0.76328
6.3638,0.5143
1.3051,0.8829
1.2355,0.91003
6.0345,0.52726
6.0538,0.5268
2.1559,0.77524
7.3304,0.47825
0.48891,1.0998
0.29757,1.2283
1.3251,0.88755
0.46717,1.1122
1.7598,0.81269
0.81909,0.98546
5.3045,0.55025
1.8123,0.82337
2.2883,0.74325
5.8218,0.53343
1.3355,0.88475
5.1927,0.56265
3.9614,0.63444
1.5941,0.84001
1.6588,0.8281
1.3645,0.86277
0.93476,0.95744
3.7765,0.63977
0.73451,1.0139
2.7018,0.70441
4.5822,0.59933
2.5259,0.73222
1.8508,0.81962
0.96343,0.95105
2.1871,0.77247
2.4141,0.7489
2.4059,0.75411
2.0331,0.77541
1.4336,0.85706
0.69607,1.0271
1.7186,0.8177
0.30842,1.2002
2.2908,0.7666
2.4374,0.75056
2.5043,0.74065
2.4486,0.75111
3.7719,0.64421
2.165,0.77754
2.3489,0.75566
2.3992,0.75202
2.4105,0.74992
2.3207,0.76218
2.4572,0.74792
2.2435,0.76426
0.64802,1.0508
2.1705,0.77926
2.4098,0.75255
0.64308,1.0462
2.2242,0.75018
2.1798,0.75941
1.8065,0.80435
5.8904,0.53311
2.4951,0.72315
5.3303,0.55781
5.3031,0.56692
5.8184,0.53783
4.6372,0.59771
5.3913,0.55723
5.1664,0.56805
6.2093,0.51681
6.082,0.52322
6.4056,0.50943
2.0559,0.76409
0.5713,1.0772
0.68951,1.0285
0.61386,1.0474
0.6958,1.0294
2.3897,0.75138
0.39323,1.1571
0.31032,1.2146
0.29532,1.2226
0.5767,1.0716
7.2653,0.48088
0.68331,1.029
0.93032,0.96306
0.8627,0.98529
6.4368,0.51299
2.2978,0.74906
0.55725,1.079
1.4637,0.86289
2.0593,0.78981
0.42284,1.1312
0.58076,1.0608
0.58872,1.0656
0.63564,1.048
0.59286,1.0612
2.4098,0.75046
2.2362,0.74552
2.7539,0.69784
2.4839,0.72591
0.53693,1.0873
0.73042,1.0168
5.0057,0.5766
3.8656,0.64099
4.1228,0.6246
3.5978,0.65802
6.3657,0.5088
1.7838,0.80761
3.9427,0.63381
1.9304,0.80332
2.112,0.75946
4.4522,0.60011
5.7873,0.53355
2.4813,0.71841
6.6152,0.5022
0.6372,1.0469
0.63775,1.042
0.64276,1.0424
2.0287,0.76921
2.299,0.74861
2.2414,0.74842
2.4885,0.72157
2.4425,0.72153
1.2662,0.88231
4.6218,0.59465
6.1035,0.5153
1.0802,0.93397
0.74637,1.0101
0.89274,0.96875
0.5869,1.065
2.4784,0.73293
1.9976,0.79706
2.3598,0.75126
3.0416,0.67801
0.57608,1.0797
2.0101,0.79469
2.5191,0.73385
2.2444,0.77008
2.0303,0.77159
2.0414,0.76318
0.91021,0.96624
5.6138,0.54106
5.3321,0.55331
2.606,0.73001
5.3663,0.55261
1.1817,0.90124
0.56402,1.0656
0.6322,1.0385
0.57117,1.0648
0.54194,1.078
2.0934,0.7806
2.1653,0.77747
0.5888,1.0664
0.95495,0.93807
0.61985,1.0514
0.75057,1.0013
2.333,0.75246
0.48427,1.1009
0.62768,1.0455
1.74,0.80285
0.66295,1.0351
2.1643,0.77497
1.15,0.92358
1.4992,0.8464
0.67055,1.0342
7.049,0.48543
2.8099,0.68456
1.4484,0.8672
1.8989,0.78685
3.2522,0.65768
2.3085,0.73964
1.45,0.85511
0.63164,1.05
0.66595,1.0287
1.713,0.81286
2.823,0.68979
0.56731,1.0797
2.3987,0.7506
2.0272,0.79001
2.1884,0.77179
2.2333,0.76905
0.82607,0.9916
0.59051,1.0708
0.73432,1.018
0.71805,1.0168
2.0173,0.76646
1.6372,0.82828
2.2438,0.74416
1.8741,0.78421
1.9368,0.78003
2.2938,0.73799
2.1578,0.7528
3.0654,0.67129
2.0827,0.76254
1.6678,0.8153
1.3258,0.87092
2.667,0.71063
5.9958,0.52639
1.7595,0.80276
0.52449,1.0876
0.40993,1.1427
0.59083,1.0613
0.50059,1.0902
0.77782,1.0007
0.62039,1.0544
2.2042,0.77054
2.4518,0.74359
2.5046,0.73199
3.9562,0.62851
0.71385,1.0158
2.8673,0.68467
0.64029,1.0439
0.5915,1.0543
1.8443,0.79422
1.249,0.88569
1.9809,0.78012
5.9205,0.52743
0.30528,1.2082
2.272,0.76274
0.33191,1.1932
4.3372,0.60464
2.1659,0.76733
0.42398,1.1381
0.49071,1.1036
2.5853,0.70994
0.74083,1.0082
1.0989,0.91385
1.4984,0.83983
2.0864,0.76563
1.1086,0.91952
0.6823,1.021
1.7586,0.81009
2.3984,0.74926
2.696,0.71598
0.49818,1.0913
0.64223,1.0454
2.3044,0.75872
2.2964,0.75989
0.5816,1.0606
2.3688,0.74953
2.426,0.73745
0.68342,1.02
2.2372,0.75705
2.449,0.73183
0.67422,1.025
1.0333,0.93153
1.7253,0.80037
5.8712,0.52931
5.34,0.55226
2.4119,0.72726
0.52191,1.0901
2.0423,0.78597
2.113,0.75859
1.9204,0.79334
2.0632,0.75659
1.7578,0.80555
1.2104,0.89184
1.4226,0.85511
4.6028,0.58971
5.6279,0.53985
5.1901,0.56318
2.2056,0.76206
2.1221,0.7506
0.70773,1.0069
0.59412,1.0509
0.88341,0.96788
2.2862,0.75538
2.2326,0.76455
2.0807,0.77975
5.1097,0.56553
3.6098,0.64767
4.9605,0.57229
5.568,0.52753
0.86339,0.9687
1.0195,0.93434
1.0806,0.90786
0.44101,1.1218
1.0845,0.91154
2.0986,0.77422
3.5846,0.64762
5.3276,0.5469
0.91585,0.95713
0.17839,1.3249
1.1104,0.90026
6.952,0.4749
5.6615,0.53374
4.157,0.60442
5.7825,0.53264
5.7205,0.5228
4.8804,0.55954
4.5334,0.59116
4.9024,0.56727
1.2964,0.86169
2.1875,0.73995
0.35548,1.1773
1.4913,0.8447
0.57601,1.0478
2.2624,0.7533
2.2015,0.75792
4.128,0.61129
2.4099,0.74936
2.2358,0.7657
2.5111,0.73188
2.3291,0.75406
0.38051,1.162
0.41086,1.1389
1.3498,0.85946
2.2054,0.74343
6.4292,0.4945
0.64123,1.0333
7.3665,0.47121
5.6272,0.53921
4.5393,0.58347
4.1147,0.61476
3.0109,0.6704
4.745,0.5713
6.1989,0.50456
4.8381,0.57513
1.8195,0.81251
1.453,0.85399
1.3523,0.87486
1.5981,0.83648
5.3362,0.54951
1.2996,0.8854
0.55831,1.0667
4.0878,0.62125
0.47841,1.1075
1.0457,0.91948
1.7734,0.79021
6.6102,0.49492
3.5142,0.64199
1.3629,0.8541
2.3441,0.7413
2.1145,0.76937
1.3419,0.87799
5.8229,0.53382
1.1019,0.9117
5.7785,0.53015
5.5617,0.53899
1.503,0.83737
0.20666,1.3013
1.7604,0.81329
9.0794,0.41255
1.6707,0.82557
2.1125,0.7648
1.2575,0.87505
4.6451,0.58621
5.1329,0.5652
1.3127,0.8605
0.48333,1.0987
2.7393,0.71443
2.5336,0.72543
2.3943,0.71936
1.9825,0.76375
2.115,0.75417
0.69622,1.0057
2.1465,0.76875
0.44484,1.1185
2.8114,0.70414
2.4889,0.73538
2.8467,0.69973
2.6938,0.71525
1.1269,0.89887
0.81573,0.96673
2.5028,0.72101
2.5154,0.71851
1.865,0.80443
5.3844,0.55304
2.8938,0.68942
5.3783,0.54859
1.7206,0.81927
5.555,0.52883
1.5579,0.827
2.0648,0.75651
2.3092,0.74421
0.97111,0.94152
0.70327,1.0084
0.65697,1.033
5.7534,0.53016
4.8396,0.56301
4.7565,0.57241
6.2561,0.50565
3.1284,0.67516
6.2047,0.50391
2.9873,0.68368
0.33424,1.1752
2.0227,0.77141
1.6435,0.82361
2.8856,0.69328
0.73562,0.99104
2.1228,0.76725
0.4863,1.0895
5.7411,0.53687
5.7252,0.53647
5.7334,0.52039
5.1373,0.55105
5.2202,0.56013
4.8964,0.56666
4.9766,0.55562
4.894,0.56992
1.6253,0.82409
1.5167,0.84628
0.40692,1.148
0.50033,1.101
2.5275,0.72866
0.63138,1.0377
0.56265,1.0732
2.2908,0.74665
2.153,0.76329
2.7343,0.71351
1.4474,0.85295
0.41267,1.137
0.50009,1.0904
0.60392,1.0376
2.2581,0.72066
2.4734,0.73212
0.33193,1.1889
7.8604,0.44757
2.4914,0.72385
0.46892,1.1047
0.30601,1.2042
0.56238,1.0621
0.55945,1.0698
1.3403,0.86012
1.3092,0.85804
0.54605,1.0604
4.0596,0.61509
7.3299,0.45831
0.93648,0.93475
2.5759,0.71486
5.6372,0.53401
5.9869,0.52165
5.9522,0.51451
6.1049,0.50827
2.974,0.69089
4.5264,0.58839
7.4932,0.45878
5.6195,0.52685
1.8663,0.78322
1.6764,0.79893
6.259,0.50555
1.5958,0.81119
0.90188,0.95642
1.6612,0.79959
1.8851,0.77307
1.0846,0.90592
1.4844,0.82919
1.6905,0.79792
6.5788,0.49328
0.46056,1.1039
2.3409,0.74336
0.19751,1.2968
2.4186,0.73382
2.1022,0.76593
0.81703,0.98165
2.7403,0.7086
0.31089,1.1969
1.9176,0.77634
2.3626,0.73988
2.3977,0.73339
2.5653,0.71664
0.33377,1.1844
4.3744,0.60373
1.2394,0.88636
0.25469,1.2415
4.8309,0.57322
2.9725,0.68802
5.5191,0.53979
6.0105,0.51925
5.3952,0.54341
5.0638,0.56334
5.64,0.53322
1.5024,0.82882
0.66127,1.0253
0.5163,1.0878
1.6694,0.80784
0.43995,1.121
1.4869,0.845
0.34715,1.1629
0.29024,1.2126
1.4814,0.85127
5.6552,0.53305
1.5117,0.84794
4.6085,0.58238
1.9183,0.77384
5.4453,0.53155
0.17795,1.3358
0.28933,1.2122
1.376,0.86805
1.5447,0.8402
1.6618,0.82451
1.893,0.793
0.30654,1.1968
1.6033,0.83542
1.9573,0.77871
1.4735,0.85601
1.551,0.83519
1.4284,0.86148
0.98655,0.93962
0.68006,1.0169
0.57896,1.0451
0.37224,1.1541
1.4313,0.85886
0.26723,1.2305
0.34721,1.1641
0.51744,1.0847
1.5437,0.83014
0.63159,1.0301
0.2922,1.2095
5.4895,0.54403
4.7859,0.56813
7.1001,0.46489
6.1586,0.5036
1.4539,0.86064
0.41208,1.1325
0.994,0.93147
0.26426,1.2343
1.782,0.79697
1.4134,0.8559
2.1101,0.77634
2.3676,0.7474
2.4074,0.73325
0.62668,1.0318
2.3088,0.75643
2.5864,0.72352
5.4043,0.54876
2.1977,0.76121
2.4711,0.71702
5.7666,0.53293
1.8686,0.79598
0.23246,1.2656
0.29666,1.2122
6.0739,0.51114
0.45881,1.1075
1.2566,0.87929
6.1205,0.51141
1.7377,0.80607
3.7521,0.60059
0.60223,1.0377
2.3889,0.74461
0.33554,1.1875
1.6788,0.81355
2.3131,0.75595
1.5927,0.82858
1.4973,0.84974
2.5813,0.72409
0.45041,1.1226
0.37134,1.1639
2.1265,0.7675
1.6563,0.80769
7.9884,0.445
2.4534,0.71181
0.25842,1.2394
4.7076,0.5718
7.8285,0.44379
3.7567,0.60875
1.0207,0.93184
1.6433,0.80293
5.4749,0.53464
2.6832,0.71181
0.69076,1.0127
5.0506,0.56193
4.0819,0.6167
5.4876,0.54647
0.40361,1.1459
0.27888,1.2124
3.099,0.67828
2.7335,0.71926
2.9384,0.67779
0.74287,1.0024
6.0999,0.51818
2.6212,0.71985
2.6452,0.71535
2.4121,0.74321
0.54208,1.073
0.51053,1.0796
2.3595,0.74574
1.862,0.79567
0.43468,1.1227
0.76708,0.98313
2.3607,0.72748
0.60997,1.0487
2.9433,0.68282
2.8831,0.68331
0.74169,0.9988
1.5646,0.82651
2.0152,0.76568
2.3134,0.72947
0.63619,1.0339
2.1188,0.75015
5.2075,0.55063
1.0922,0.90886
1.7564,0.80998
0.42206,1.1229
2.0028,0.78247
2.7568,0.70999
6.6899,0.49076
0.45074,1.1107
2.2726,0.76108
4.586,0.58919
1.859,0.78077
2.0285,0.75342
0.28379,1.2146
0.27062,1.2299
0.95149,0.9408
0.54558,1.07
0.26617,1.2246
7.4417,0.45474
4.4862,0.59957
5.3733,0.54787
4.8635,0.56895
5.429,0.548
4.9774,0.57019
4.9945,0.56135
2.5428,0.73063
5.3977,0.545
0.85265,0.96229
4.993,0.56306
7.3718,0.46583
1.5713,0.82655
6.2071,0.51273
1.9007,0.78004
2.6289,0.70364
2.2947,0.73775
1.1455,0.9048
0.3723,1.1613
0.30939,1.2073
0.28194,1.2291
1.3631,0.87372
1.6384,0.8051
5.9296,0.52086
0.76003,1.0066
2.107,0.74869
0.81094,0.97477
1.6617,0.81444
1.7965,0.7924
2.9035,0.68761
1.7399,0.80353
1.1658,0.89904
2.3597,0.72566
5.8013,0.52017
2.622,0.70141
2.0511,0.76937
2.107,0.7661
2.2319,0.75511
0.82809,0.97215
0.4609,1.1054
0.35407,1.1724
1.9063,0.79644
2.4874,0.73351
0.48931,1.0975
0.56547,1.0597
2.3514,0.74
1.1071,0.91035
5.781,0.52799
1.5785,0.82584
6.134,0.51977
5.5353,0.53908
0.75987,0.99517
2.1343,0.75835
0.2961,1.2086
1.6403,0.83338
2.5269,0.71757
1.9905,0.77379
2.3544,0.72988
2.3539,0.73226
0.36016,1.1719
0.49173,1.0956
3.9571,0.61398
5.3148,0.54601
0.30821,1.2062
2.0133,0.77098
1.1738,0.89425
0.23665,1.2623
0.36677,1.1596
0.26559,1.2353
1.9144,0.79028
0.2351,1.2626
3.3184,0.65048
1.6557,0.82325
0.77546,0.98541
5.7102,0.53226
4.7507,0.57228
4.7441,0.58358
0.51018,1.0956
2.627,0.72299
2.3663,0.75454
5.2053,0.56249
5.3501,0.54902
1.0882,0.91035
8.6413,0.43298
1.8826,0.80492
1.8211,0.81245
2.2895,0.74207
1.8624,0.80454
0.85281,0.9735
0.3395,1.1791
1.8786,0.80537
0.33421,1.187
0.87845,0.9592
0.64573,1.0307
0.47911,1.1039
1.8475,0.8144
1.9039,0.78138
3.4583,0.65508
1.5225,0.853
4.923,0.58091
2.7803,0.71791
0.92807,0.96128
1.6458,0.83202
0.29017,1.2251
3.0787,0.67792
1.436,0.85601
2.5502,0.73625
1.7065,0.80793
1.9933,0.76835
1.9201,0.78241
6.3844,0.51289
1.8526,0.7942
2.5698,0.73468
2.4174,0.74348
6.2595,0.51468
2.3808,0.73434
0.72552,1.0124
2.6495,0.72909
5.724,0.54324
0.42915,1.1417
3.7221,0.64476
0.35455,1.1841
5.414,0.55651
0.28372,1.2327
0.40206,1.1478
2.2647,0.74107
1.6335,0.8365
1.27,0.88948
2.81,0.70368
4.8294,0.58408
2.0482,0.76258
2.4069,0.72125
1.9516,0.79324
2.1887,0.76463
0.47355,1.1191
2.3909,0.73767
2.4376,0.73135
2.8322,0.70196
5.4695,0.54966
1.4797,0.86056
2.0672,0.78115
2.8502,0.69763
1.831,0.79049
2.4964,0.73565
1.5715,0.84113
1.7832,0.8059
5.2714,0.55652
1.4516,0.8627
1.3787,0.87548
0.82036,0.98771
0.99694,0.94704
1.5116,0.8474
0.70384,1.0281
2.8313,0.70444
0.76144,1.0064
4.3298,0.61778
1.5924,0.83932
1.4277,0.86333
1.9744,0.7806
1.8499,0.80231
2.5644,0.72511
2.9005,0.69744
1.4146,0.86665
1.0123,0.95715
0.72706,1.0218
3.5917,0.64386
3.1491,0.67685
2.9303,0.70123
2.211,0.77834
2.3067,0.7558
2.5375,0.71756
2.8398,0.71148
2.9046,0.69329
2.8938,0.691
2.2021,0.7633
4.9309,0.58813
2.4205,0.74322
1.0628,0.93578
0.97901,0.96303
2.7237,0.71567
2.0593,0.77355
4.9048,0.57948
2.7273,0.72072
1.2883,0.88872
1.6591,0.8247
2.1024,0.76864
0.98093,0.95483
2.2944,0.75271
2.8852,0.69542
0.98946,0.95108
3.1342,0.677
4.5873,0.60702
2.3244,0.75381
2.5832,0.73032
2.718,0.7202
2.2125,0.77286
2.151,0.76993
1.9682,0.8067
1.9405,0.79988
1.2456,0.89859
2.3019,0.7549
0.84279,0.98758
2.3493,0.75838
1.0909,0.93871
1.4617,0.86308
2.6057,0.7227
0.27685,1.2469
1.5175,0.86208
0.3884,1.1712
0.69084,1.0362
0.95647,0.96813
2.7231,0.71572
0.3661,1.1827
0.44408,1.1382
1.9849,0.78791
1.1151,0.93682
0.91329,0.9816
1.6603,0.84745
2.4755,0.73645
3.3443,0.66974
1.4994,0.86155
2.1334,0.76771
0.64766,1.056
1.155,0.91758
2.2504,0.77107
0.788,1.0178
0.85019,0.99565
0.642,1.0596
2.4821,0.74017
0.60772,1.0692
2.5492,0.73968
1.7085,0.83161
2.6532,0.72576
2.3772,0.74843
2.517,0.73682
0.71433,1.0399
0.77384,1.0216
0.40899,1.1557
0.99002,0.9636
0.32602,1.223
1.9001,0.81769
2.016,0.80337
0.82353,1.0107
0.78454,1.0252
0.45408,1.1425
1.1285,0.93413
0.4417,1.1572
0.4506,1.1501
0.5592,1.0935
0.31884,1.2192
0.884,0.99394
2.5569,0.74367
5.212,0.58561
4.6666,0.60794
1.1403,0.93279
1.9563,0.80341
1.1141,0.94602
1.2562,0.91645
1.7254,0.84453
1.4217,0.88682
3.1971,0.68479
0.94014,0.98897
1.5731,0.87062
4.922,0.60143
2.3541,0.76161
6.2865,0.52926
2.458,0.75274
0.44946,1.15
2.2444,0.77521
2.5508,0.74411
0.60901,1.0738
0.86508,0.99377
3.2785,0.68638
0.96315,0.98692
0.7253,1.0423
2.6085,0.74473
1.4491,0.88744
2.6357,0.73383
2.6238,0.74089
3.5971,0.66867
1.0577,0.95829
1.058,0.95601
1.9361,0.81153
2.5559,0.74878
1.4149,0.89111
4.0353,0.62889
1.8578,0.82576
2.8261,0.7226
2.1632,0.78576
3.3033,0.68759
3.4818,0.67042
3.0658,0.70084
3.2636,0.69046
2.0313,0.80428
3.7294,0.66061
3.3238,0.68635
2.6414,0.73759
1.4684,0.87627
1.9465,0.80748
0.53954,1.1162
0.43138,1.161
0.92623,0.99435
0.78049,1.023
1.4153,0.88589
1.23,0.92945
0.88908,0.9996
1.4731,0.87859
1.6104,0.85604
1.9882,0.81521
1.9007,0.81773
0.93116,0.9913
2.3082,0.78056
2.9237,0.71563
1.5619,0.87606
3.2702,0.69342
2.9408,0.71644
2.1565,0.78971
2.5394,0.75556
3.2718,0.69465
3.2848,0.68904
3.9355,0.64956
2.3142,0.77214
0.8254,1.0202
1.4017,0.901
2.2035,0.79645
3.7236,0.66549
2.0162,0.81882
1.5073,0.88774
1.2335,0.93118
2.3976,0.77316
3.1158,0.70787
2.1136,0.80131
2.2475,0.79048
6.1479,0.55192
2.2139,0.79313
1.6779,0.86578
0.45599,1.1618
0.58723,1.0957
2.3859,0.77355
2.0758,0.81027
2.0707,0.80808
1.544,0.87882
1.4952,0.88913
2.0334,0.81128
2.036,0.81262
3.7892,0.67467
1.0025,0.9734
1.6369,0.87157
1.9478,0.82742
1.1213,0.95539
1.4587,0.88837
1.727,0.85281
2.711,0.74461
1.5183,0.87272
1.9796,0.82827
1.0904,0.95666
1.2248,0.93675
1.3241,0.91986
1.0854,0.95806
2.4664,0.76171
1.9592,0.81839
1.2835,0.91996
1.5771,0.87716
1.8439,0.83496
2.7275,0.74343
1.0881,0.95769
2.5057,0.75653
1.7648,0.84868
2.9842,0.71618
2.2659,0.78916
2.5707,0.75982
0.80536,1.0456
0.87413,1.0216
4.4113,0.63317
0.96089,0.99371
2.7729,0.73153
2.8704,0.73436
2.48,0.76988
1.3315,0.9207
2.5366,0.77265
3.6978,0.67583
2.9348,0.73945
1.4329,0.913
2.4616,0.78115
3.2006,0.71531
3.0096,0.72209
2.1471,0.80753
3.8395,0.669
3.0277,0.72883
2.43,0.77068
2.5093,0.76588
2.4574,0.77836
2.327,0.79103
3.4361,0.69435
1.2968,0.93183
1.0189,0.98232
1.5312,0.89308
2.5141,0.76664
0.85951,1.0287
0.77891,1.0522
2.5191,0.77445
1.0168,0.97775
2.3713,0.7757
0.8319,1.029
3.0328,0.71844
2.9503,0.728
2.6108,0.7606
1.8951,0.83883
1.1307,0.95835
2.1002,0.81248
1.9657,0.83243
0.89434,1.0147
1.0186,0.97888
2.8427,0.737
2.7455,0.7481
3.2946,0.70222
3.4979,0.68781
3.1119,0.71599
3.4689,0.69065
2.4037,0.78142
3.3437,0.7084
1.1022,0.96683
2.654,0.76633
0.57977,1.1113
0.55587,1.119
1.3421,0.91483
1.2338,0.9353
2.1733,0.80451
2.2952,0.80302
2.3103,0.8003
2.4019,0.77984
2.257,0.80912
1.3887,0.91416
2.0844,0.81419
2.319,0.80061
0.55979,1.1229
0.63619,1.0909
0.65894,1.0822
0.63463,1.0936
0.62503,1.0953
2.931,0.73679
0.58617,1.1121
0.69977,1.0695
3.2965,0.70937
2.8955,0.73874
3.0342,0.72704
3.5241,0.69231
1.691,0.86999
1.465,0.90464
2.6061,0.76758
2.5327,0.76478
2.6046,0.76632
2.1709,0.80967
1.5356,0.90012
1.8221,0.85972
1.3011,0.93911
2.992,0.73165
3.0758,0.72327
2.9041,0.73916
2.17,0.79562
3.47,0.69816
3.3899,0.70451
2.3285,0.80388
1.8903,0.84565
0.71553,1.0667
0.53378,1.1408
3.7251,0.68632
2.0111,0.83962
3.0495,0.72551
2.2961,0.79878
0.57105,1.1314
1.4231,0.91498
0.30653,1.2641
0.37362,1.2058
0.40271,1.1993
0.61227,1.1091
0.5216,1.1503
0.5907,1.1256
0.83185,1.0411
2.9464,0.73783
3.0254,0.73188
0.88614,1.0314
5.1678,0.60181
3.785,0.67764
3.3289,0.71762
2.0051,0.82663
1.638,0.88347
0.50122,1.1602
0.95704,1.009
1.5456,0.89489
1.4551,0.9113
4.3134,0.65658
4.5006,0.65105
2.1311,0.82575
0.86941,1.0279
2.1795,0.82053
1.0175,1.0006
1.2843,0.94992
2.8758,0.75828
1.9553,0.85024
1.5871,0.89514
2.3725,0.79977
1.7938,0.87184
3.1004,0.73358
1.2255,0.95494
1.0905,0.98117
4.0351,0.67594
1.9665,0.83919
3.0958,0.72993
1.1014,0.97538
1.0293,0.99051
0.38378,1.2172
0.52118,1.1532
3.9955,0.67479
0.965,1.0066
1.8963,0.86222
0.88646,1.0327
0.71356,1.0824
0.7131,1.0746
2.2725,0.80747
2.9034,0.74726
2.6083,0.77324
1.8454,0.85839
4.1803,0.65592
2.9654,0.74564
2.3069,0.81264
3.625,0.69877
2.8498,0.75183
0.96857,1.0197
4.2503,0.65845
2.6918,0.77142
4.0936,0.6725
2.2288,0.821
1.7615,0.86785
0.96156,1.0064
1.0555,0.99154
1.5827,0.89955
1.9133,0.85914
1.9122,0.85951
5.3514,0.60004
3.6503,0.70662
4.3332,0.66383
0.81744,1.0531
0.59855,1.1258
2.5223,0.78225
2.0066,0.83319
1.3423,0.93268
3.0522,0.73986
3.1818,0.73426
1.5541,0.9016
1.731,0.86593
2.0551,0.83703
2.4422,0.78814
4.2535,0.66175
4.3495,0.65372
3.5906,0.70064
4.0025,0.67452
4.3206,0.65582
3.5353,0.70858
4.8534,0.62791
2.4433,0.79256
1.8568,0.86647
2.2353,0.81625
1.3726,0.93301
2.9966,0.73966
0.55681,1.1345
3.1139,0.73683
2.1867,0.8263
3.6552,0.69947
4.5957,0.65214
3.4664,0.72009
4.4674,0.64925
0.78314,1.0592
3.4085,0.71904
0.64063,1.1073
2.0486,0.82853
0.99883,1.0014
2.1908,0.80936
3.2417,0.73052
1.2565,0.94636
2.7358,0.76271
3.1648,0.71989
3.1711,0.73645
2.3722,0.80198
1.2178,0.95675
1.1041,0.99284
0.69057,1.0978
3.2371,0.73176
2.8792,0.76624
2.8196,0.7721
4.1042,0.67627
1.413,0.92641
4.8774,0.62556
3.9179,0.68486
1.9764,0.85486
0.94924,1.0224
0.81614,1.0558
3.3225,0.72973
3.0757,0.74637
3.4374,0.71872
3.4641,0.71389
5.5064,0.59382
3.5078,0.71343
2.4945,0.80016
4.8121,0.63455
2.8077,0.77072
3.129,0.74085
3.0077,0.74749
2.5342,0.79192
3.1192,0.7414
4.381,0.66123
2.0172,0.84092
4.9645,0.62313
5.1308,0.61314
5.2327,0.61031
4.034,0.67684
3.6753,0.69658
3.5601,0.70586
5.5103,0.59883
5.2289,0.61239
4.1447,0.67565
3.2448,0.73601
4.2836,0.66245
4.9747,0.62621
3.647,0.69936
3.0766,0.74696
2.9043,0.7646
3.1614,0.73628
3.8709,0.69442
2.5365,0.80045
1.4949,0.92607
1.3648,0.93165
1.864,0.86891
0.81153,1.0552
1.357,0.94626
2.6898,0.78185
1.2956,0.95057
2.6991,0.77657
2.7308,0.78083
3.84,0.69726
2.3906,0.81219
2.3514,0.81568
2.6448,0.78147
2.2083,0.83139
1.1677,0.97993
2.5082,0.79256
1.8479,0.86775
4.2929,0.66401
4.4062,0.65603
2.9197,0.76354
3.2569,0.73437
3.2214,0.7422
2.6202,0.77308
3.2797,0.72852
4.0576,0.67699
2.6429,0.77999
2.8949,0.76606
3.5967,0.70519
4.0256,0.68247
2.1001,0.83445
0.98789,1.0168
1.9755,0.84814
2.715,0.77564
3.0936,0.74151
3.9036,0.68807
2.7802,0.77022
1.4936,0.91513
1.6483,0.89547
1.4866,0.91346
1.2773,0.95849
1.2338,0.96476
3.5801,0.70645
3.4746,0.71185
2.7815,0.76954
2.5892,0.7749
3.0329,0.74616
1.2759,0.95319
0.64568,1.1139
3.0629,0.74133
2.9666,0.75166
3.2253,0.72885
1.7176,0.88451
3.1351,0.73348
3.1566,0.74169
1.4574,0.92899
5.1173,0.61769
2.4952,0.79687
4.7546,0.63144
4.2699,0.66198
3.5897,0.70516
2.6462,0.7712
3.7918,0.6905
3.7753,0.68962
2.0975,0.83186
4.125,0.67089
2.2225,0.82416
4.8123,0.63327
4.3828,0.65788
4.4901,0.64893
2.9567,0.75281
4.3612,0.66363
3.3491,0.72906
2.9764,0.75581
4.3225,0.66112
4.0829,0.67229
4.2315,0.66162
2.3039,0.81122
2.7188,0.77601
2.8518,0.76024
4.291,0.65689
1.802,0.87266
2.6479,0.78635
2.8623,0.75967
1.2253,0.96674
1.6915,0.89435
1.4727,0.92758
1.5417,0.90896
2.0909,0.84138
1.1637,0.97313
3.4188,0.71071
2.9367,0.74842
2.9287,0.7534
3.3866,0.71628
2.8709,0.75862
4.3981,0.65227
3.3988,0.71511
2.6403,0.78505
1.2885,0.95567
2.7065,0.78088
3.4336,0.71788
2.8626,0.76738
5.9267,0.59105
6.5052,0.56276
2.3808,0.8211
2.7933,0.77462
2.3649,0.81284
1.3994,0.9351
3.2892,0.72723
3.3436,0.72632
3.2965,0.72016
0.67223,1.1037
1.3071,0.94532
1.9355,0.85761
5.43,0.61167
3.2713,0.73919
1.9938,0.85736
2.2357,0.82775
0.4715,1.1975
3.0867,0.74903
3.2385,0.73426
3.4852,0.71524
2.7919,0.76923
4.0964,0.66146
2.6696,0.77831
0.77149,1.0766
2.2298,0.82729
3.4196,0.7175
2.7318,0.77591
2.8107,0.76837
1.7087,0.89044
1.393,0.94118
2.5312,0.799
1.5141,0.91832
1.6349,0.90417
0.54308,1.1533
1.5016,0.92017
1.7037,0.89311
1.2183,0.97341
2.9072,0.76132
3.0037,0.75649
1.1384,0.98895
3.0766,0.75079
1.9789,0.85174
1.1469,0.98484
1.5571,0.91885
1.6915,0.88892
1.4405,0.92554
1.3639,0.94458
1.1646,0.98388
1.9704,0.86083
2.5232,0.79246
1.9552,0.859
3.5913,0.71154
4.132,0.67628
3.5134,0.71159
2.4485,0.80943
3.2657,0.74697
2.6171,0.79216
1.231,0.96997
1.132,0.98944
1.4726,0.92472
2.1974,0.8425
