52.735,0.10115
53.701,0.089841
52.997,0.097523
50.97,0.1172
52.46,0.10368
52.346,0.1051
51.742,0.11057
51.874,0.10907
52.198,0.10528
52.936,0.101
52.657,0.10418
52.827,0.10156
53.625,0.092561
54.09,0.087134
54.366,0.083428
53.844,0.088387
53.678,0.089885
52.566,0.10244
53.675,0.090952
53.674,0.091124
53.234,0.093515
52.716,0.09982
52.337,0.10558
52.302,0.10628
50.512,0.12306
50.356,0.12483
51.921,0.11114
52.553,0.10404
51.797,0.1121
51.791,0.11188
51.973,0.10977
51.521,0.11438
52.449,0.10433
51.575,0.11332
51.132,0.11826
51.952,0.10952
52.567,0.10223
51.182,0.11465
51.115,0.11748
51.297,0.11317
51.588,0.11163
52.15,0.10723
51.085,0.11569
51.384,0.1162
53.103,0.095696
50.419,0.12355
52.184,0.10682
50.622,0.12224
50.927,0.11985
50.91,0.11863
51.585,0.113
51.907,0.10715
53.107,0.095596
53.948,0.088301
52.383,0.10633
54.419,0.082545
52.327,0.10341
53.684,0.0927
53.712,0.089812
54.48,0.083128
53.212,0.094477
52.801,0.099744
53.514,0.092356
52.197,0.1077
52.828,0.10058
52.809,0.10032
53.116,0.096049
52.154,0.10491
53.816,0.089416
52.356,0.10382
53.004,0.096418
52.971,0.099187
53.874,0.089789
54.863,0.078199
55.453,0.072906
55.763,0.068418
54.759,0.080049
54.332,0.083221
55.028,0.075892
54.449,0.08194
54.649,0.080381
54.206,0.082661
53.633,0.089802
54.162,0.085214
53.948,0.087232
54.44,0.081768
54.531,0.081928
53.936,0.087559
54.385,0.081761
54.346,0.082081
53.534,0.090538
53.721,0.088432
53.468,0.091027
52.22,0.10265
53.727,0.089065
54.125,0.08548
53.504,0.091365
52.905,0.096521
52.404,0.10321
53.206,0.093619
52.83,0.097033
53.418,0.090161
53.648,0.088308
53.46,0.090521
53.396,0.091839
54.01,0.085278
53.183,0.094184
53.27,0.092988
52.093,0.10433
54.017,0.08559
52.71,0.097317
54.125,0.084631
53.47,0.090988
53.939,0.08585
53.493,0.09009
52.736,0.097791
53.739,0.089514
53.152,0.094081
52.821,0.096057
52.547,0.097928
53.848,0.087869
53.717,0.08867
53.509,0.09076
52.944,0.096052
52.51,0.10069
52.434,0.10136
52.578,0.099773
52.445,0.10108
51.959,0.10506
51.262,0.11122
52.446,0.1009
52.187,0.10217
52.616,0.096874
52.283,0.099513
51.21,0.10934
50.345,0.11811
51.816,0.1034
51.736,0.10446
51.944,0.10289
51.426,0.10736
51.246,0.10805
49.983,0.11924
51.545,0.10392
49,0.13053
50.043,0.12049
51.19,0.11058
50.406,0.11613
50.595,0.11525
49.751,0.12283
48.993,0.12917
50.934,0.11117
48.104,0.1377
50.06,0.12012
47.395,0.14676
48.998,0.12969
50.314,0.11837
48.364,0.13881
47.114,0.15279
48.131,0.13902
46.601,0.15576
48.826,0.13139
46.457,0.15635
48.456,0.13598
48.685,0.13371
45.121,0.16634
47.285,0.14774
49.179,0.1293
48.791,0.13285
48.3,0.1372
47.646,0.14312
47.94,0.13915
47.615,0.14255
47.423,0.14329
48.845,0.13042
47.054,0.14618
46.771,0.15287
46.321,0.1573
46.214,0.15831
46.65,0.15499
45.21,0.16916
44.065,0.18218
45.374,0.16825
44.289,0.17859
42.802,0.19458
42.916,0.19519
43.707,0.18399
43.501,0.18439
44.255,0.17787
44.448,0.17753
43.766,0.18192
44.461,0.17628
44.326,0.17595
42.685,0.1938
44.181,0.17942
43.404,0.18711
41.86,0.20261
42.535,0.19569
42.136,0.20045
40.687,0.2171
40.133,0.22401
41.452,0.20917
41.775,0.20609
41.826,0.20703
41.442,0.21168
39.992,0.22557
40.356,0.22319
38.307,0.24706
37.728,0.25195
36.941,0.26422
36.66,0.2687
34.781,0.29385
35.116,0.28951
31.606,0.3351
35.753,0.2796
36.296,0.27299
32.061,0.32855
33.719,0.30671
30.438,0.35433
33.13,0.31239
30.385,0.35164
29.163,0.37126
27.116,0.40437
26.739,0.41046
29.433,0.37057
25.441,0.43603
29.406,0.36921
26.242,0.42084
22.538,0.48834
22.306,0.49494
23.884,0.46439
19.845,0.54587
18.687,0.57404
16.35,0.63225
16.16,0.6379
13.32,0.7223
13.835,0.70817
13.079,0.7323
11.829,0.77589
11.924,0.77145
11.892,0.77702
10.953,0.81431
11.112,0.80763
11.352,0.79915
10.682,0.83088
10.403,0.8494
10.754,0.8452
10.623,0.85274
10.834,0.84666
10.657,0.86071
11.397,0.83705
11.096,0.85067
11.166,0.85424
11.69,0.8379
11.892,0.83188
12.628,0.81582
13.274,0.80459
14.16,0.78374
15.209,0.76037
15.123,0.75962
17.394,0.71112
16.535,0.72716
15.165,0.76119
19.3,0.67629
20.468,0.65387
16.166,0.73914
19.524,0.67112
18.629,0.68991
22.874,0.61763
22.822,0.61734
16.933,0.72464
16.073,0.74426
15.022,0.77014
14.569,0.78103
14.362,0.78504
13.815,0.79525
11.737,0.84995
15.289,0.76244
15.888,0.74866
15.16,0.76664
14.465,0.78379
13.706,0.8045
12.382,0.83645
12.991,0.81865
13.012,0.81895
12.787,0.82454
11.935,0.84598
12.971,0.82121
9.0398,0.93684
7.7749,0.97935
7.759,0.98264
8.0307,0.9651
8.226,0.95403
7.9334,0.96643
7.5169,0.98429
7.6644,0.97386
7.4733,0.9799
7.7077,0.9666
7.6032,0.96889
7.3555,0.97988
7.5518,0.96729
9.6443,0.89647
5.2186,1.0813
7.1448,0.98261
9.5712,0.89397
9.7642,0.88419
9.4715,0.89444
9.4879,0.89219
9.9734,0.87501
9.5623,0.88627
9.9091,0.87484
9.3206,0.89273
9.2998,0.89224
8.9664,0.90472
9.038,0.89893
5.0602,1.0721
6.9648,0.97708
8.8391,0.90037
8.7333,0.9026
8.5578,0.90903
8.5487,0.90641
8.7176,0.89745
8.4524,0.90736
9.1122,0.88126
8.7923,0.89086
6.616,0.97438
6.653,0.97116
6.3726,0.98769
6.3671,0.98353
6.8997,0.95734
6.6445,0.96945
6.5978,0.97087
8.2893,0.90085
6.48,0.97461
8.64,0.88573
9.1172,0.8677
8.1051,0.89996
8.825,0.8759
9.5019,0.85047
8.9497,0.86869
9.6111,0.8443
7.8626,0.90555
8.7355,0.87174
6.7799,0.94526
7.9581,0.89829
6.4095,0.96354
6.6046,0.95239
7.9598,0.89913
8.0473,0.89502
13.806,0.73139
8.2035,0.88842
8.1666,0.88969
8.1547,0.8901
8.3009,0.88237
8.7149,0.86504
6.1068,0.96746
6.207,0.96406
6.0244,0.97371
6.1671,0.96344
6.3973,0.95177
8.3355,0.87262
8.1849,0.8782
8.3798,0.86922
8.5547,0.86059
8.4035,0.86533
6.8348,0.92461
6.3203,0.94632
6.755,0.92748
8.5957,0.85533
8.4846,0.85995
6.9236,0.91798
8.4072,0.86236
8.5342,0.85686
8.4614,0.85843
8.3133,0.86464
8.2663,0.86562
14.509,0.69706
11.002,0.78
6.7489,0.92
8.0717,0.86585
14.781,0.68728
8.3907,0.85807
8.3732,0.85905
6.7025,0.91996
6.6119,0.92495
7.5007,0.88568
7.7573,0.87623
8.6766,0.84733
7.8583,0.87811
7.9642,0.87248
7.0479,0.90322
8.6629,0.84918
6.7592,0.91711
7.5883,0.88362
6.4756,0.9288
8.1669,0.8613
7.2134,0.89706
8.6433,0.84435
8.709,0.84065
6.1076,0.94175
8.9458,0.83126
6.2469,0.93283
6.5573,0.91838
7.0783,0.89971
8.9522,0.83059
7.5152,0.88196
8.9368,0.83133
8.5172,0.84851
8.4888,0.85024
8.0585,0.86276
8.0811,0.86127
7.948,0.86569
8.2803,0.85183
7.8143,0.87174
8.3217,0.84858
7.6999,0.87289
8.1619,0.85574
7.8415,0.86945
8.2253,0.85265
8.1754,0.85403
6.4635,0.9205
7.3889,0.8825
7.3244,0.88528
7.4553,0.88019
7.5061,0.87815
7.4245,0.88093
7.677,0.87014
7.6072,0.87317
7.2388,0.88818
6.5086,0.91559
7.4645,0.87861
7.4946,0.8774
6.6258,0.91062
9.2025,0.81768
8.9143,0.82795
8.606,0.83734
9.0142,0.82297
8.861,0.829
7.9949,0.85675
8.6092,0.83591
8.9342,0.82423
8.1889,0.84829
8.0185,0.85544
8.6975,0.83427
8.6212,0.83477
6.0375,0.93323
6.0985,0.93035
5.9265,0.93945
6.1096,0.92848
6.3264,0.91928
6.4718,0.91321
6.3141,0.92179
6.4244,0.91581
6.1773,0.92748
6.2908,0.92173
5.8847,0.94114
6.0111,0.93286
7.1168,0.88575
6.6464,0.90451
6.294,0.9207
6.4067,0.91657
8.1454,0.84953
6.5598,0.90968
6.6872,0.90372
8.8929,0.82276
6.6949,0.90228
6.7156,0.90121
6.5659,0.91037
6.3888,0.91661
6.9299,0.89628
7.3368,0.87748
7.4443,0.875
7.5999,0.86849
7.5565,0.87044
10.876,0.7654
14.507,0.68022
6.7327,0.90256
14.477,0.68023
7.2612,0.88156
8.1587,0.84668
8.102,0.84859
7.1978,0.88327
7.7687,0.86128
7.7757,0.86074
7.4231,0.87404
7.3249,0.87673
7.6926,0.86318
7.8492,0.85637
7.921,0.85351
8.0973,0.84565
7.9369,0.85265
8.1499,0.84246
8.0723,0.84507
6.1205,0.92354
6.2933,0.91585
6.2094,0.92137
6.4157,0.91006
7.2021,0.87924
6.3285,0.91373
6.3887,0.91281
5.9954,0.92826
7.7003,0.86003
8.2959,0.83697
6.4409,0.90724
6.376,0.91024
6.2586,0.91461
6.268,0.91612
6.3061,0.91393
5.7945,0.93828
6.1459,0.92002
6.7418,0.897
6.0409,0.92475
5.9484,0.93288
7.1553,0.88022
7.9352,0.84876
7.637,0.86074
7.1668,0.87807
7.7203,0.85795
7.0624,0.88023
14.48,0.67238
7.0231,0.88293
7.7222,0.85643
7.791,0.85418
7.8884,0.85005
7.8652,0.85003
8.3673,0.83453
7.8611,0.85162
7.5821,0.86082
7.8749,0.85072
7.1177,0.8796
7.0145,0.88473
7.3701,0.86958
7.398,0.86774
8.1182,0.84203
0.20707,1.7665
7.6764,0.85954
7.3669,0.86909
6.2213,0.91438
6.0632,0.92439
5.8419,0.93336
6.1323,0.91972
6.0487,0.92515
7.8023,0.85421
7.6931,0.85792
6.6902,0.89718
6.925,0.88647
6.9654,0.88334
7.1108,0.87619
7.134,0.87483
7.0839,0.87662
7.159,0.87317
6.9841,0.88164
7.1582,0.87312
6.4097,0.90612
8.3592,0.83404
6.4114,0.90656
6.379,0.90822
6.4985,0.90175
6.3787,0.90808
6.2627,0.91072
6.471,0.90186
7.1667,0.87422
6.684,0.89107
6.6384,0.89325
6.591,0.8953
7.167,0.87167
7.1771,0.87237
7.0252,0.87617
7.1689,0.87125
7.1494,0.8723
7.0157,0.87907
7.1394,0.87329
6.968,0.88121
7.2253,0.86971
7.2309,0.87058
7.7569,0.85109
6.6598,0.89572
7.1064,0.87605
7.0053,0.88086
6.9132,0.88514
7.4801,0.86295
7.6488,0.85531
7.62,0.85407
7.0853,0.87751
7.2534,0.87018
7.2441,0.87047
7.0241,0.88026
7.4923,0.86086
5.9069,0.92744
5.8247,0.92947
5.7636,0.93278
5.6343,0.9421
5.62,0.94061
5.6746,0.9371
6.1376,0.91506
6.6087,0.89465
6.8276,0.88662
7.9059,0.84547
6.4702,0.89748
5.8342,0.92813
7.3256,0.86415
8.6159,0.82029
8.5005,0.82295
6.1074,0.91442
13.926,0.67863
8.5667,0.822
7.2695,0.8666
7.4814,0.85782
5.8806,0.9224
5.8582,0.92811
5.8849,0.92586
5.558,0.94036
5.7358,0.93295
7.0153,0.87824
7.0772,0.87478
7.4356,0.86
7.0976,0.87309
7.2304,0.86554
7.3603,0.86259
7.1426,0.87005
7.2806,0.8625
5.9794,0.91727
7.3284,0.86269
6.7809,0.88454
7.2211,0.86566
5.6976,0.93031
6.8505,0.87997
7.0619,0.873
6.3972,0.90153
6.678,0.88767
6.0504,0.91451
7.0259,0.87162
6.8334,0.87881
6.6848,0.88707
6.7189,0.88471
7.1194,0.86585
6.704,0.8856
5.8784,0.92245
7.4018,0.85829
7.4635,0.85536
7.5368,0.85373
7.3996,0.86089
7.3895,0.85883
5.9427,0.91817
7.5605,0.85564
7.3061,0.86285
7.4338,0.85681
7.1203,0.87214
7.8926,0.84384
8.2453,0.82659
7.8281,0.84274
7.7947,0.84421
7.1745,0.86619
8.0361,0.83309
8.1323,0.82863
5.9532,0.9156
8.0245,0.83324
6.0509,0.9102
7.0577,0.86945
7.8314,0.84079
8.2573,0.82596
10.1,0.76859
6.1976,0.90477
5.7585,0.92809
6.022,0.91146
6.1379,0.90755
5.9313,0.91652
6.0879,0.90914
7.9778,0.83575
6.2091,0.90412
7.9177,0.8367
5.9065,0.91948
5.9705,0.91378
7.4224,0.85707
7.8241,0.84102
8.03,0.83264
7.8958,0.83851
7.7878,0.84318
7.8182,0.84131
8.0672,0.83135
7.9271,0.83741
7.9635,0.83528
7.7315,0.84402
7.8331,0.83975
8.0066,0.83206
7.1313,0.86699
7.2878,0.86244
7.0781,0.8694
7.182,0.86546
7.5144,0.85275
7.7311,0.84342
7.2349,0.86316
6.9927,0.87413
7.2183,0.86402
5.9981,0.9151
6.2254,0.90232
7.2986,0.85907
7.8308,0.84104
7.2874,0.8606
7.2881,0.85974
7.3632,0.85696
6.5203,0.89102
8.0095,0.83282
7.9013,0.83661
7.9153,0.83524
5.8102,0.91947
6.8198,0.87355
8.164,0.82638
6.7818,0.87546
7.9888,0.8321
7.7787,0.84077
7.9753,0.83356
7.7068,0.84299
7.5098,0.85174
6.5626,0.88918
7.3937,0.85543
7.9778,0.83365
7.9406,0.83561
7.9842,0.83329
7.8772,0.83722
7.6555,0.84404
7.052,0.86876
7.2653,0.86019
7.8643,0.83576
7.7331,0.84087
7.7227,0.8411
8.1171,0.82683
7.6122,0.84666
7.5674,0.84727
7.2511,0.85865
7.328,0.85649
7.375,0.85483
7.8277,0.83899
7.3924,0.85696
7.4801,0.85308
7.529,0.85102
7.5838,0.84867
5.948,0.91402
6.7411,0.88034
6.8208,0.87634
7.6373,0.84446
7.2823,0.85986
7.4745,0.8512
7.5579,0.84749
7.3868,0.85444
7.356,0.85584
7.9869,0.83126
7.2942,0.85775
7.5851,0.84728
5.9173,0.91686
7.2781,0.85881
7.7364,0.84255
7.5006,0.85064
8.157,0.82663
7.4974,0.85036
6.1274,0.90525
6.0742,0.90782
8.0009,0.83312
7.857,0.83863
8.1018,0.82865
7.5259,0.84908
7.4167,0.85535
7.2131,0.86068
6.0544,0.90858
7.2942,0.85694
6.1405,0.90439
5.7124,0.92584
6.9545,0.86933
6.1465,0.90384
7.5825,0.84832
7.9639,0.83251
7.9191,0.8338
8.2546,0.82219
7.6079,0.84487
7.887,0.83471
5.8668,0.91598
7.9257,0.83225
7.9314,0.83245
6.3139,0.89523
7.8649,0.83479
7.884,0.83349
7.432,0.85209
5.8203,0.91686
7.4113,0.85271
5.6383,0.92693
5.2054,0.94898
7.1663,0.86244
7.6785,0.84146
7.267,0.8591
7.3582,0.85486
7.2107,0.85996
6.9298,0.87107
5.7974,0.91792
7.2316,0.85954
5.6217,0.92942
7.7459,0.8399
7.1415,0.86341
6.2316,0.90036
6.2534,0.89944
7.1061,0.86547
7.9811,0.83237
7.596,0.84692
7.0516,0.86757
6.0387,0.91037
7.0436,0.86734
7.8098,0.83757
5.9249,0.91241
5.1461,0.95175
5.5846,0.9285
7.5339,0.84504
6.4768,0.89154
7.3982,0.8527
7.8064,0.84033
7.3725,0.85478
7.3028,0.86009
7.4037,0.85435
6.0263,0.90961
7.7403,0.83924
7.271,0.86033
7.2871,0.85842
7.5317,0.84751
7.5249,0.84728
7.3643,0.8543
7.4237,0.85096
7.1894,0.85989
7.5155,0.84686
7.5697,0.84435
7.1875,0.86032
7.4247,0.85131
7.7461,0.84065
7.913,0.83429
7.3544,0.85438
7.8819,0.83651
7.0047,0.87003
7.5658,0.84827
7.5744,0.84526
7.0714,0.86533
7.8605,0.83346
7.6009,0.84324
7.46,0.8493
7.1242,0.85964
14.542,0.65674
10.112,0.76107
7.2599,0.85632
8.2972,0.81773
8.3011,0.81962
7.4101,0.85142
7.1422,0.86149
8.3068,0.81956
7.4922,0.84809
7.6531,0.84253
7.3168,0.85498
7.2888,0.85704
8.4503,0.81737
7.6437,0.84387
7.6701,0.84373
7.4848,0.85046
5.7743,0.91985
6.7254,0.8789
6.9675,0.86692
7.8766,0.8319
7.8716,0.83233
6.1949,0.89792
6.1532,0.90063
6.1419,0.90136
7.4155,0.85052
7.3514,0.8541
7.3431,0.85528
7.392,0.85319
7.4837,0.84812
7.4115,0.85181
7.5049,0.84854
7.6908,0.84048
7.544,0.84605
7.4809,0.84981
7.807,0.83454
7.6212,0.84251
13.327,0.68135
7.5429,0.84693
7.8665,0.83532
7.5431,0.84743
6.8037,0.87622
7.0909,0.8628
7.9175,0.83213
6.031,0.90883
6.7727,0.87652
7.5817,0.84528
7.2325,0.85655
8.3761,0.81703
7.251,0.85732
7.547,0.8437
7.4818,0.84684
7.5227,0.84518
7.4099,0.85245
7.3806,0.85434
7.2357,0.85908
7.3022,0.85574
7.3845,0.85242
7.2865,0.85659
7.6534,0.84088
6.4029,0.89183
9.4536,0.7843
9.3249,0.78546
7.2065,0.85722
9.003,0.79469
7.4216,0.8491
7.5507,0.8422
9.1168,0.78936
7.2856,0.85174
8.3105,0.81638
6.1863,0.89927
6.9428,0.86845
7.171,0.85828
7.8535,0.83752
6.0125,0.91202
6.0549,0.9094
5.4941,0.93354
5.2811,0.94513
7.0865,0.86561
5.7789,0.91954
8.139,0.82689
6.5922,0.88322
6.5278,0.88578
8.1171,0.82752
7.174,0.8608
6.3358,0.89345
10.73,0.74508
5.8936,0.91298
7.1517,0.85987
6.1877,0.89678
5.7234,0.9227
7.4295,0.84894
5.9941,0.90785
6.554,0.88417
5.8067,0.91823
5.7219,0.92004
7.0796,0.86089
7.3219,0.85393
7.1549,0.8607
7.6556,0.84089
7.3225,0.85342
7.519,0.84391
7.646,0.83992
7.3755,0.84942
7.395,0.84784
7.5918,0.84052
7.6494,0.83828
5.9659,0.90684
6.1383,0.89734
10.574,0.74762
7.0944,0.86002
7.487,0.84585
6.9564,0.87013
7.8981,0.83178
6.5964,0.88221
7.9366,0.83371
8.2906,0.81886
8.1371,0.82506
6.9529,0.86692
7.9856,0.83008
7.8203,0.83697
7.8746,0.83115
9.2919,0.78555
9.8052,0.77075
8.1439,0.82149
7.5678,0.84403
5.5748,0.92673
5.8449,0.91307
5.8066,0.91563
6.0826,0.90304
6.1756,0.89851
5.7671,0.91903
5.9135,0.91051
7.5897,0.84225
7.4183,0.8502
7.3229,0.85496
7.2285,0.85818
7.0201,0.86765
7.694,0.8391
7.4992,0.84766
7.0939,0.86318
7.4949,0.84437
7.4576,0.84601
7.2089,0.85815
7.5399,0.8416
7.2421,0.85446
7.0803,0.86226
5.9799,0.90668
5.7727,0.9163
6.0669,0.90112
8.129,0.82016
5.8895,0.91034
5.7399,0.91507
7.6772,0.83684
7.3745,0.85032
7.5453,0.84461
5.9566,0.9092
6.2137,0.89657
6.9447,0.86639
6.7166,0.87565
6.7871,0.87322
7.0746,0.86169
6.6887,0.87903
6.9616,0.86842
6.8948,0.87156
9.5513,0.7804
6.8992,0.8708
7.0331,0.86379
6.6897,0.87758
7.4078,0.84666
7.308,0.85074
7.3565,0.84906
7.0295,0.86063
7.6926,0.83876
7.8381,0.83211
7.3557,0.84972
7.2734,0.8538
7.3555,0.85036
7.2715,0.85455
7.2272,0.85527
7.135,0.85785
6.8769,0.87177
7.0033,0.86646
7.0492,0.86436
7.1399,0.85958
7.1449,0.86076
7.1688,0.8594
6.9065,0.86925
7.1694,0.85884
7.2213,0.85493
7.0119,0.86292
7.2259,0.85514
7.4702,0.84631
7.5581,0.84062
7.487,0.84324
7.4496,0.84352
6.6367,0.87449
7.1924,0.85431
7.4281,0.84627
7.2174,0.85664
7.3845,0.84773
7.5218,0.84188
7.473,0.84438
6.0156,0.90597
7.3078,0.8517
6.2536,0.89537
7.308,0.85024
7.5716,0.8399
8.0773,0.82315
6.2718,0.89461
10.557,0.74878
7.2952,0.85295
7.659,0.83808
7.5834,0.84121
7.3584,0.84963
7.3154,0.8507
7.4061,0.84726
7.3315,0.85114
7.8047,0.83211
7.2656,0.85314
7.5675,0.84065
7.4381,0.84653
7.2267,0.85542
7.5793,0.84095
7.0838,0.86292
7.1546,0.86013
7.4863,0.84517
7.3507,0.85053
6.8386,0.87021
8.1241,0.82186
8.109,0.82199
7.9255,0.83101
8.0262,0.82713
7.7194,0.83865
7.173,0.85696
8.1259,0.82313
7.1915,0.85577
7.1292,0.85841
7.4806,0.84418
7.4555,0.84513
7.3355,0.85101
8.5064,0.80893
8.4297,0.81238
7.7945,0.83413
7.5535,0.84054
8.1276,0.82092
7.1912,0.85484
8.4448,0.81045
7.7003,0.8361
8.4586,0.81038
6.0596,0.90105
8.4521,0.81094
7.6532,0.83805
7.6978,0.83505
6.7592,0.87068
7.8583,0.82914
7.8507,0.83005
7.6786,0.83715
7.6458,0.8391
7.635,0.83832
7.7789,0.83224
6.876,0.86741
7.6436,0.83769
6.8474,0.86812
7.4997,0.84196
4.0123,1.0108
7.3837,0.84847
6.951,0.86451
6.9189,0.86502
7.8023,0.83175
7.7052,0.83633
5.9358,0.90708
7.3975,0.84618
7.1871,0.85732
5.8653,0.91248
7.8538,0.8303
7.1135,0.86064
7.0719,0.8625
7.1433,0.85695
7.2774,0.85104
7.4347,0.84642
7.5115,0.84203
7.3899,0.84813
6.8422,0.87085
7.3307,0.85053
6.6511,0.8778
7.1521,0.85759
7.0654,0.86215
7.2956,0.85184
6.1423,0.89565
6.64,0.87881
8.2212,0.81732
8.2878,0.81398
6.1187,0.89641
6.115,0.89682
8.3265,0.81329
6.8352,0.86887
6.9432,0.86284
6.7777,0.87094
6.9391,0.86431
6.0975,0.89857
7.9177,0.83061
7.3147,0.84982
7.4255,0.84663
7.4465,0.84603
6.3752,0.88965
8.0363,0.82575
7.9515,0.82873
7.2089,0.85386
7.6101,0.83879
7.5655,0.84126
5.8142,0.91096
6.5705,0.87857
8.0586,0.82009
8.2326,0.81761
8.6064,0.80276
8.5129,0.80708
7.552,0.83924
8.3971,0.81181
7.0145,0.86306
8.1223,0.82178
8.3834,0.81073
8.2989,0.81445
7.4478,0.84249
8.3083,0.81489
7.7391,0.83163
7.493,0.84421
7.4765,0.84283
7.5647,0.84098
7.482,0.84421
7.7786,0.83177
8.1295,0.81733
7.798,0.82939
7.9534,0.82305
6.8791,0.86406
7.9011,0.82756
7.8828,0.82877
7.8528,0.83074
7.4591,0.8422
7.952,0.82701
7.6997,0.8379
6.6102,0.87824
7.9819,0.82644
7.9299,0.82818
8.105,0.82144
8.1797,0.8184
8.1287,0.82006
7.2412,0.85101
7.0093,0.8588
13.735,0.66868
8.2747,0.81464
8.0111,0.82603
7.971,0.82701
7.9188,0.82922
8.2094,0.81782
7.9362,0.82624
8.211,0.81758
10.729,0.7412
7.6723,0.83466
7.5192,0.84132
10.338,0.75207
6.8375,0.86602
6.6202,0.87618
7.0055,0.85999
7.6113,0.8367
6.5393,0.88098
6.7645,0.86805
7.5344,0.8402
6.6152,0.87492
6.6114,0.87436
6.7163,0.86945
8.6781,0.80002
6.7116,0.87004
7.8295,0.82722
7.4199,0.84531
7.3255,0.84923
7.5775,0.83793
7.7631,0.83196
6.1506,0.89546
7.5724,0.83832
7.5701,0.84095
7.4984,0.84209
7.5929,0.83789
5.2302,0.93917
7.476,0.84214
6.6259,0.87297
6.6207,0.87477
6.5873,0.87637
6.6483,0.87364
6.3123,0.89066
7.1525,0.85513
6.4606,0.88298
6.3886,0.88701
8.1183,0.81866
6.5355,0.87846
8,0.82444
6.2111,0.89594
6.3594,0.88837
7.7845,0.83251
7.7778,0.82943
9.78,0.76541
8.0614,0.81785
8.0159,0.82136
6.9785,0.85872
6.9807,0.85871
6.8186,0.86701
7.4809,0.84213
7.7639,0.82989
6.7779,0.8658
7.7216,0.83129
8.1319,0.8163
7.6362,0.83494
8.471,0.80582
7.6555,0.83396
8.4051,0.809
7.4651,0.84023
6.8576,0.86198
6.9211,0.85822
6.6589,0.86893
7.9908,0.81844
7.8546,0.82379
7.2637,0.8453
6.655,0.86988
7.2613,0.8443
7.1573,0.84843
6.4979,0.87413
7.8974,0.81926
7.8034,0.82293
8.1142,0.8111
6.8933,0.85346
7.9481,0.8156
8.2187,0.80659
6.1849,0.88401
7.6692,0.82714
7.1658,0.84549
7.5377,0.83092
6.9361,0.85238
8.0039,0.81222
7.5684,0.82785
7.9889,0.81163
7.2997,0.83553
7.899,0.81458
7.4622,0.83097
7.8152,0.81552
7.62,0.82307
6.8553,0.85278
9.0407,0.77659
6.9803,0.84787
6.9725,0.8477
6.9256,0.84722
7.4469,0.82696
7.9303,0.80944
7.1177,0.83789
7.3411,0.82924
6.9072,0.84265
5.9996,0.88085
7.32,0.82788
7.2561,0.83212
7.1798,0.83463
7.1457,0.83626
7.2019,0.83336
7.5218,0.82067
7.3747,0.82617
7.1529,0.83313
7.2146,0.82892
7.2155,0.82775
7.1863,0.82824
7.2178,0.82574
7.2127,0.82458
6.9252,0.83413
7.7447,0.80227
7.0146,0.82986
7.4219,0.8136
7.2777,0.81618
7.3301,0.81348
7.5673,0.8054
6.994,0.82443
7.5856,0.80266
7.4023,0.80759
7.5733,0.80237
7.495,0.80475
7.6509,0.7994
7.6839,0.7976
7.6065,0.79844
7.934,0.78546
6.8635,0.82254
7.6377,0.79447
7.655,0.79366
7.7024,0.79037
7.4323,0.79965
7.084,0.81255
7.4827,0.79656
7.128,0.80823
6.5395,0.8288
6.2988,0.83922
6.6318,0.8222
6.7347,0.81808
6.4373,0.8306
6.678,0.81813
6.6917,0.81861
6.3031,0.83187
6.7465,0.81423
6.9287,0.80669
6.8238,0.80916
6.8472,0.80756
6.861,0.80672
6.6917,0.81048
7.0324,0.7989
6.7987,0.80444
6.7383,0.80804
7.0238,0.7959
6.8064,0.80412
6.757,0.80298
6.7527,0.80282
6.5595,0.80843
6.6605,0.80349
6.2776,0.81815
6.3096,0.81697
6.3385,0.81311
8.1077,0.74924
8.1937,0.74503
5.8848,0.82872
6.5287,0.80136
6.4017,0.80598
6.4225,0.80536
6.5025,0.80027
8.0374,0.74527
6.4237,0.80242
6.5596,0.79585
6.0433,0.81585
6.4312,0.79929
6.3132,0.80237
6.5099,0.79277
6.5261,0.79084
6.7787,0.78017
6.524,0.7878
6.5627,0.78533
5.9354,0.81031
6.8264,0.77327
6.5909,0.78088
6.0691,0.8021
6.7467,0.77426
6.9774,0.76452
6.6309,0.77622
5.8583,0.80799
6.3623,0.78704
6.2504,0.78984
6.411,0.78206
6.5645,0.7759
6.1143,0.79
5.8248,0.80254
6.4204,0.77614
6.1559,0.78477
6.5829,0.76914
6.5733,0.76798
6.4315,0.77241
6.2497,0.77742
6.2411,0.77619
6.5897,0.76265
6.4457,0.76656
6.8072,0.75308
6.6324,0.7588
6.7511,0.7532
6.3144,0.76929
6.593,0.75716
6.4955,0.76201
5.7088,0.79227
5.5042,0.80114
5.4478,0.8013
6.2068,0.76796
5.7103,0.78755
6.0361,0.77362
5.638,0.78896
5.9385,0.7759
7.261,0.72457
7.3995,0.71999
5.8532,0.77606
6.9878,0.73324
6.818,0.73856
6.9253,0.73458
7.2114,0.72325
6.3723,0.75258
6.4462,0.74893
6.328,0.75177
6.3018,0.75148
6.4754,0.74303
6.1707,0.75405
6.9328,0.72409
6.6981,0.73102
5.9829,0.757
5.7375,0.76613
5.8245,0.76187
6.8292,0.72438
6.873,0.72152
7.0348,0.71562
6.7989,0.72232
6.9579,0.71562
6.5564,0.72787
6.6913,0.72425
6.6125,0.72683
6.586,0.72586
8.5192,0.66393
8.1798,0.6722
9.2245,0.64226
9.08,0.64563
9.1259,0.64412
9.3113,0.63797
8.9497,0.6476
9.233,0.63925
9.0079,0.64415
8.9842,0.64378
8.5154,0.65622
8.4863,0.65633
8.3272,0.66115
9.0576,0.63999
8.5589,0.65278
8.2306,0.66197
8.3366,0.65851
8.5233,0.65133
8.8478,0.64186
8.0343,0.66462
8.4618,0.65107
8.5699,0.64732
9.1133,0.63162
8.4668,0.64856
8.6449,0.64386
9.2174,0.62697
9.1929,0.62717
9.7018,0.61348
11.02,0.58175
11.096,0.57912
10.512,0.59261
10.994,0.58014
10.899,0.58154
10.824,0.58286
10.76,0.58362
10.821,0.58139
11.241,0.5692
11.429,0.56509
11.121,0.57162
10.921,0.57538
11.388,0.56464
11.284,0.56607
11.154,0.56802
11.324,0.56364
11.538,0.55851
10.993,0.57042
0.91222,1.1223
11.134,0.56605
10.512,0.57959
10.595,0.57753
10.52,0.57848
10.516,0.5786
10.246,0.58434
10.361,0.58158
10.386,0.57974
10.13,0.58636
10.032,0.58749
9.9698,0.58836
9.8735,0.59027
9.7765,0.59288
10.511,0.57244
10.686,0.56648
10.18,0.57926
10.372,0.57241
10.179,0.57764
10.271,0.57397
9.9889,0.58045
10.002,0.57986
9.4111,0.59457
9.9219,0.57917
10.056,0.57397
10.018,0.57501
10.127,0.57381
9.9751,0.57487
10.157,0.57042
10.187,0.56882
10.036,0.57412
9.8919,0.57488
9.888,0.57459
10.115,0.57083
9.9195,0.57423
10.029,0.57109
10.08,0.57048
9.9474,0.57114
9.6816,0.57808
9.8582,0.5735
9.8749,0.57262
9.6506,0.5779
9.9146,0.56961
10.286,0.56038
10.24,0.56044
9.9642,0.56643
10.359,0.55621
9.9516,0.56579
10.003,0.56328
9.8731,0.56624
9.8549,0.56734
9.4594,0.5766
9.4481,0.57658
9.5129,0.57378
9.6702,0.56829
9.4951,0.57204
9.535,0.57026
9.6213,0.5675
9.4519,0.57155
9.2785,0.57592
9.6039,0.56634
9.4871,0.56871
9.2559,0.57529
9.5829,0.56616
9.5362,0.56658
9.3861,0.57011
9.2633,0.57238
9.4308,0.56718
9.8425,0.55511
9.6212,0.55987
10.008,0.54898
9.4372,0.5633
9.1578,0.57026
9.5753,0.55869
9.4794,0.55917
9.5189,0.55775
9.1096,0.56832
9.3279,0.56077
9.1119,0.56649
9.2271,0.56353
9.0757,0.56655
9.0979,0.56529
9.4265,0.55729
9.6484,0.55136
9.3958,0.55773
9.2366,0.56083
8.7127,0.57664
8.8469,0.57123
8.6053,0.577
9.5788,0.5502
9.4003,0.55467
9.3804,0.5546
9.4763,0.55144
8.8105,0.56928
9.0269,0.56294
9.0878,0.55964
9.09,0.55866
9.343,0.55046
9.2791,0.54802
9.6807,0.53994
9.5386,0.54372
8.9452,0.55578
10.023,0.5299
9.5917,0.53957
9.3638,0.54364
10.004,0.52745
9.5137,0.53803
9.5073,0.53956
9.579,0.53692
9.6841,0.53245
9.458,0.5391
9.7769,0.52962
9.2559,0.54333
9.0761,0.54844
9.178,0.54529
9.5469,0.53482
9.2845,0.54085
9.211,0.54151
4.4694,0.71356
9.406,0.53649
9.076,0.54529
9.2325,0.5406
9.267,0.53848
9.45,0.53395
9.0834,0.54308
8.7118,0.55027
9.4642,0.5327
9.227,0.53674
8.9938,0.54501
9.4103,0.53257
9.3666,0.53262
8.6948,0.55344
8.8278,0.54873
8.7388,0.55044
9.3803,0.53065
8.9537,0.543
9.4183,0.52936
9.0811,0.53938
9.1666,0.53729
9.2076,0.53593
9.0707,0.5392
9.1415,0.53685
8.4822,0.55698
9.2585,0.53298
9.3985,0.52833
9.2257,0.53266
10.038,0.5092
9.2825,0.52934
9.5661,0.52151
9.2683,0.52931
9.3054,0.528
9.4232,0.52605
9.1865,0.53305
9.551,0.52317
9.4256,0.52599
9.0335,0.53803
8.8198,0.54396
8.7608,0.54534
9.2332,0.53191
9.2254,0.53173
8.9995,0.53785
9.1825,0.53298
8.3267,0.55928
8.3047,0.56025
8.7836,0.54499
8.4154,0.55598
8.817,0.54357
8.5134,0.55275
8.771,0.54453
8.7125,0.5461
8.5484,0.5454
8.1899,0.56104
8.7331,0.539
9.3005,0.5276
8.4292,0.54881
9.5206,0.52117
8.539,0.55037
8.6918,0.54551
8.4591,0.55341
8.2963,0.55841
8.5428,0.55001
9.5353,0.52074
9.1672,0.52644
9.005,0.53062
9.5903,0.51907
9.5421,0.52025
10.095,0.50621
9.6879,0.51644
9.0182,0.53539
9.8378,0.51282
9.8717,0.512
9.9675,0.50942
9.8844,0.51149
10.132,0.50435
9.9786,0.51078
9.7374,0.51477
10.092,0.50659
9.0457,0.53481
9.4091,0.52493
9.8852,0.50899
9.6573,0.51486
9.6108,0.51785
10.009,0.51014
9.5759,0.51767
10.31,0.50201
9.9726,0.51061
10.157,0.50608
9.952,0.5108
10.632,0.49351
10.449,0.49659
9.9204,0.50971
9.6494,0.51703
9.549,0.51953
9.8278,0.51235
9.4974,0.52049
9.4804,0.52113
9.4399,0.52248
9.1569,0.5304
9.9188,0.50873
10.164,0.50308
10.69,0.49171
10.423,0.49792
10.429,0.49623
9.7105,0.51419
9.596,0.51716
10.146,0.50203
10.292,0.50004
10.26,0.50061
10.244,0.50008
9.9808,0.50807
9.778,0.51304
9.7045,0.51486
9.8027,0.50856
9.6225,0.51712
9.6829,0.51577
9.4299,0.52179
9.5068,0.51962
9.563,0.51817
9.517,0.51953
9.6401,0.51654
9.3537,0.52411
9.3799,0.5233
9.3484,0.52133
9.6375,0.51452
9.6318,0.51455
9.4856,0.51857
10.021,0.5058
9.6605,0.51336
10.022,0.50612
9.3999,0.52103
9.8888,0.50973
9.7241,0.51349
9.9359,0.50755
10.054,0.50523
10.548,0.49299
9.6585,0.51097
10.258,0.49893
10.216,0.49913
9.8743,0.50755
10.129,0.50169
10.188,0.49998
10.065,0.50327
10.194,0.49952
10.002,0.50525
9.6542,0.51276
9.5818,0.51543
9.6252,0.51276
9.5775,0.51167
9.6051,0.51237
10.335,0.49715
9.9472,0.5046
9.9555,0.50727
9.8453,0.50944
10.19,0.50116
9.8824,0.50898
10.248,0.49968
10.46,0.49438
10.542,0.49278
9.4113,0.52175
9.8415,0.51067
9.6005,0.51667
10.008,0.50568
9.7171,0.51277
9.9591,0.50567
9.7449,0.51154
9.6049,0.51566
10.092,0.50297
10.549,0.4917
10.09,0.50361
10.221,0.49991
9.0639,0.52618
9.8745,0.50774
9.4626,0.519
9.4359,0.51947
9.6396,0.5135
9.3345,0.52205
9.4529,0.5192
9.2612,0.5249
9.4377,0.51702
10.332,0.49669
10.26,0.4981
10.572,0.49023
9.5623,0.51558
8.9651,0.53192
9.4467,0.5181
9.3218,0.52149
10.163,0.50007
9.6552,0.5133
9.269,0.52373
9.5475,0.51652
9.5278,0.5167
9.8492,0.50725
10.002,0.50504
10.004,0.50496
9.4367,0.51591
10.022,0.50308
9.4216,0.5144
9.7907,0.50641
10.001,0.50466
9.7294,0.51129
9.6,0.51403
10.004,0.50335
9.6885,0.51143
9.4992,0.51661
9.6659,0.51187
9.9379,0.50521
9.3755,0.5149
9.6726,0.5087
10.267,0.49693
10.167,0.49959
9.8457,0.50799
9.9992,0.5034
9.8505,0.50655
9.8745,0.5058
10.043,0.50205
10.047,0.5017
9.9604,0.50177
9.8996,0.50624
10.095,0.49897
10.151,0.49725
10.019,0.50056
10.074,0.49889
10.184,0.49842
10.144,0.50013
10.205,0.49843
10.014,0.50227
10.187,0.49675
10.531,0.4902
9.8717,0.50674
10.291,0.49628
9.3586,0.51636
9.9309,0.50323
10.25,0.49614
10.021,0.502
9.6703,0.5094
9.9666,0.50458
10.029,0.50246
10.286,0.49511
10.039,0.50254
9.7669,0.51048
9.6196,0.51096
10.157,0.49867
10.893,0.48073
10.716,0.48491
9.4203,0.51197
10.717,0.48515
10.588,0.48798
10.667,0.48606
10.866,0.48127
10.401,0.49357
10.767,0.48477
10.597,0.48852
10.752,0.48434
10.486,0.49015
10.1,0.49986
9.8843,0.50528
10.012,0.50194
10.534,0.48928
10.554,0.48965
10.289,0.49714
9.9999,0.50263
9.5008,0.5135
10.297,0.49702
9.9845,0.50406
9.6884,0.51225
9.9389,0.50579
9.6225,0.51349
9.3325,0.52077
10.191,0.49864
8.8721,0.52881
9.2199,0.52441
9.3122,0.51742
9.5689,0.51288
9.1079,0.52739
9.1013,0.52726
9.0473,0.52906
9.217,0.52465
9.3219,0.52187
10.108,0.50177
10.17,0.49965
10.124,0.50083
10.15,0.5002
10.251,0.49774
10.071,0.50169
10.305,0.49625
9.799,0.5085
10.599,0.48928
9.989,0.50425
10.593,0.48907
10.069,0.50193
10.173,0.49973
9.8482,0.50764
10.12,0.50077
9.1791,0.525
9.8144,0.5078
9.2037,0.52361
9.4269,0.51753
9.8304,0.50786
10.116,0.50048
10.05,0.50184
9.783,0.50865
9.486,0.51687
10.195,0.49744
9.8089,0.50705
9.493,0.51553
9.9355,0.50349
9.456,0.5171
10.4,0.49323
10.377,0.49401
10.062,0.50001
10.2,0.4971
10.27,0.49636
10.366,0.49355
10.139,0.49931
9.8558,0.50372
9.8551,0.50389
10.129,0.50037
10.311,0.49581
10.333,0.4953
9.7012,0.51107
9.7416,0.5094
9.4345,0.51736
10.304,0.49566
9.7603,0.50877
9.8647,0.50694
10.034,0.50255
9.6452,0.51167
9.9455,0.50495
10.185,0.49921
9.9015,0.50619
10.101,0.50025
10.043,0.50218
9.429,0.5159
9.5023,0.51688
9.6468,0.51286
9.84,0.50739
9.5983,0.51373
9.4213,0.51822
10.143,0.4991
9.36,0.51545
9.8726,0.50592
9.581,0.50895
9.5962,0.51318
10.229,0.49756
9.5126,0.51244
9.3684,0.5169
10.302,0.49535
9.7694,0.5088
10.248,0.4971
10.457,0.49191
9.0688,0.51993
10.878,0.48142
9.5964,0.50895
10.703,0.48585
10.099,0.50017
10.564,0.48868
10.429,0.4916
9.8629,0.50496
10.216,0.49729
10.666,0.48591
9.7219,0.50659
10.384,0.49277
9.4592,0.51214
10.241,0.49678
10.181,0.49904
10.101,0.4992
10.227,0.49701
9.85,0.50618
9.7512,0.50865
9.3924,0.51829
9.5688,0.51352
9.8956,0.50461
10.24,0.49557
9.4102,0.51697
9.5726,0.51338
9.5498,0.51425
9.5302,0.51451
9.9335,0.5037
9.9536,0.50313
9.91,0.5044
9.7807,0.50843
9.5525,0.51406
9.6291,0.51147
9.8498,0.50632
9.7211,0.50959
9.3163,0.52025
9.7652,0.50381
9.8376,0.5025
9.7186,0.50562
9.6604,0.50731
9.64,0.50812
9.247,0.51903
9.9325,0.50337
10.262,0.49466
10.125,0.4981
10.511,0.489
10.482,0.48954
10.023,0.50067
9.5809,0.50859
9.3246,0.51559
10.133,0.49906
9.8232,0.50478
10.215,0.49444
9.8567,0.50559
9.6928,0.51013
10.178,0.49792
10.478,0.48999
10.568,0.48783
10.282,0.49443
10.361,0.49293
10.059,0.50042
10.456,0.49037
10.177,0.49756
10.118,0.49841
10.274,0.49407
9.952,0.50268
9.7369,0.50843
10.197,0.49632
10.313,0.49247
9.9423,0.49991
10.505,0.48894
10.396,0.49083
9.5895,0.51283
9.6015,0.50799
9.5126,0.50926
9.4841,0.51046
9.4338,0.51661
9.3545,0.51878
9.9492,0.50276
9.5163,0.51367
9.2228,0.52162
9.7095,0.50908
9.7158,0.50845
9.2056,0.5224
9.7046,0.50591
9.543,0.51011
9.459,0.51313
9.7837,0.50769
10.268,0.49503
9.5799,0.51234
9.8146,0.50584
10.17,0.4972
10.061,0.50039
10.161,0.49769
10.122,0.49848
9.0151,0.52492
10.054,0.4969
10.123,0.49544
10.598,0.48594
9.1018,0.51793
10.262,0.49243
10.266,0.49271
9.7655,0.50439
9.8007,0.50414
9.9962,0.49982
10.513,0.4862
8.8996,0.52978
9.7608,0.50507
9.9729,0.49704
10.253,0.49531
10.188,0.4957
10.205,0.49327
10.267,0.49234
10.62,0.48628
9.6911,0.50892
10.282,0.49084
10.664,0.48398
10.007,0.50056
9.6901,0.50857
10.324,0.49265
9.5483,0.50829
10.2,0.49584
9.9471,0.50173
9.5337,0.51245
10.155,0.49756
10.324,0.49226
9.8237,0.50562
9.6841,0.50989
9.7654,0.50773
9.8268,0.50587
10.234,0.49497
10.004,0.50047
10.15,0.49543
10.309,0.49244
10.124,0.49739
9.9548,0.50012
9.9806,0.49952
10.083,0.49738
9.4042,0.51272
9.6352,0.50671
9.8013,0.50264
10.102,0.49687
9.6051,0.50735
10.015,0.49871
9.8105,0.5021
9.9336,0.49825
10.013,0.49627
9.8976,0.49852
10.063,0.49509
10.489,0.48664
10.381,0.49008
9.5625,0.51103
9.7686,0.50548
9.2514,0.51966
9.5074,0.51359
9.2007,0.52161
9.5076,0.51058
10.573,0.48644
10.64,0.48459
10.274,0.49103
10.818,0.4806
10.619,0.48562
10.228,0.492
9.6734,0.50478
9.8027,0.50397
10.107,0.49484
10.482,0.48775
10.231,0.49386
9.1012,0.52348
9.1181,0.5234
8.9951,0.51977
9.8422,0.50519
8.8949,0.52961
9.2707,0.51878
9.1224,0.52273
9.1161,0.52318
9.4411,0.51488
9.2833,0.51873
9.1379,0.52239
9.1349,0.52214
10.71,0.48212
10.099,0.49787
10.485,0.488
9.8391,0.50393
9.7981,0.50446
9.626,0.50514
9.518,0.5127
9.9571,0.50176
9.6307,0.50898
9.8584,0.50258
9.7689,0.50541
10.177,0.49379
10.134,0.49662
9.7414,0.50662
10.038,0.49907
9.7907,0.50313
9.9661,0.50124
9.6662,0.50649
10.023,0.49913
10.267,0.49283
9.3919,0.5129
10.236,0.49401
10.067,0.49838
9.3722,0.51418
10.531,0.4859
10.304,0.49179
10.397,0.48925
10.617,0.48447
10.337,0.49145
10.417,0.48935
10.338,0.4917
10.614,0.4849
9.8345,0.50415
9.9485,0.50153
10.513,0.48721
10.532,0.48641
10.458,0.48836
9.3589,0.51576
9.721,0.50775
9.9073,0.50174
9.7538,0.50592
9.3361,0.51731
10.018,0.49937
10.055,0.49837
9.6945,0.50733
9.8945,0.50225
9.9713,0.50042
9.328,0.51699
10.409,0.48987
10.471,0.4876
10.233,0.49294
10.099,0.49648
10.626,0.48386
10.373,0.4904
10.35,0.49079
10.624,0.48372
10.409,0.4893
10.533,0.48607
10.452,0.48833
10.357,0.49032
9.863,0.50238
9.6977,0.50368
9.6477,0.50518
9.75,0.50622
9.4383,0.51018
9.4834,0.50936
9.5105,0.50824
9.5612,0.50834
9.6516,0.50629
9.4779,0.5129
9.9105,0.50202
9.4444,0.51404
10.533,0.48591
9.6148,0.50899
10.822,0.47879
10.135,0.4959
9.9689,0.50086
9.8485,0.50345
10.064,0.49805
10.073,0.49712
10.232,0.49246
10.282,0.49109
9.9132,0.50078
10.42,0.48877
10.351,0.49043
9.9053,0.50126
10.181,0.49445
9.7934,0.50381
9.3475,0.51607
9.78,0.50449
9.5957,0.50918
9.5292,0.51096
10.286,0.4915
9.7118,0.50594
9.5544,0.50982
9.9707,0.49883
10.105,0.49624
9.9824,0.49969
9.8106,0.50431
10.152,0.49554
9.94,0.50049
9.9725,0.49963
9.89,0.50141
10.109,0.49651
10.01,0.49878
9.9306,0.50039
10.161,0.49457
10.021,0.49873
9.4637,0.50974
9.9529,0.49998
9.3526,0.5149
9.9433,0.49934
9.7005,0.50573
9.6148,0.50809
9.8768,0.5014
9.7069,0.50589
9.8418,0.50252
9.6608,0.50755
9.9226,0.5007
10.007,0.49812
10.278,0.49167
9.9499,0.50044
9.7249,0.50635
9.6771,0.50751
9.7952,0.50448
9.8257,0.50314
10.048,0.4973
10.142,0.4949
9.7645,0.50484
10.031,0.49733
10.038,0.49676
9.829,0.50204
10.242,0.4919
10.08,0.49689
9.9448,0.49967
9.7721,0.50418
9.9294,0.5001
10.007,0.49796
9.9596,0.49989
10.184,0.49384
10.19,0.49364
10.092,0.49615
9.9861,0.49881
10.024,0.49813
10.249,0.49028
10.03,0.49598
9.9022,0.50109
9.6573,0.50631
10.054,0.49741
10.345,0.48985
9.9044,0.50049
9.9372,0.49976
9.8037,0.50314
9.6846,0.5067
10.005,0.49819
9.8673,0.5014
9.2847,0.51631
10.155,0.49393
10.022,0.49748
9.4487,0.51217
9.4334,0.51292
9.9339,0.5002
9.8649,0.50207
9.9025,0.5013
9.6366,0.50749
9.175,0.51955
9.7345,0.5045
9.5272,0.50678
10.037,0.49737
10.158,0.49427
9.7535,0.50453
9.8857,0.50124
9.9364,0.50026
9.9765,0.49914
10.079,0.49619
9.9917,0.49832
9.985,0.49865
9.9846,0.49852
9.6842,0.50612
9.3455,0.51492
9.62,0.5063
9.5839,0.50565
9.7027,0.50608
9.8883,0.50058
9.7082,0.50477
9.2751,0.51616
9.7183,0.50483
9.5853,0.5092
9.762,0.50372
9.8037,0.5007
9.6027,0.50747
9.8719,0.49956
10.331,0.49012
10.131,0.49354
10.159,0.49255
10.324,0.48892
10.194,0.49257
10.183,0.49314
10.058,0.49669
9.9975,0.49716
10.233,0.49165
9.8871,0.50016
10.274,0.49077
10.063,0.49594
10.136,0.4929
10.377,0.48842
10.025,0.49727
10.019,0.49733
10.114,0.495
10.147,0.49386
10.099,0.49445
10.145,0.49369
9.834,0.50224
10.135,0.49466
10.14,0.49404
10.161,0.49351
9.0592,0.52136
9.7733,0.50163
10.061,0.49458
9.687,0.50593
10.49,0.48475
9.8724,0.50058
10.495,0.48427
9.7241,0.50549
9.4782,0.51152
9.9329,0.49886
9.1968,0.5184
9.4866,0.51085
9.0386,0.51967
9.7122,0.50513
9.1462,0.51917
8.9716,0.52424
8.9414,0.52503
9.1259,0.51994
9.3752,0.51087
9.34,0.51465
9.76,0.50357
9.3232,0.51481
8.767,0.53072
9.2414,0.51759
10.11,0.49537
9.3358,0.51095
10.074,0.49607
10.402,0.48743
9.6293,0.50434
9.6964,0.50452
10.024,0.49603
9.8011,0.50098
9.999,0.49601
10.081,0.49392
9.9117,0.49799
10.336,0.48806
9.7114,0.50246
9.52,0.508
9.5171,0.50788
9.4953,0.50898
9.9673,0.49753
9.7335,0.50218
9.4972,0.50657
9.8525,0.49992
9.9959,0.49718
9.8797,0.49977
9.7807,0.50223
9.7918,0.50173
9.8072,0.50199
9.3177,0.51479
10.001,0.49677
9.5865,0.5073
9.518,0.50973
9.8688,0.50074
9.9389,0.49925
10.182,0.49295
10.081,0.49506
9.9844,0.49743
9.6421,0.50634
9.1989,0.51784
9.7918,0.50196
9.4779,0.51083
9.959,0.4977
10.219,0.49138
9.7199,0.50443
9.6581,0.50595
10.137,0.49357
9.7339,0.5034
9.1192,0.52033
9.6325,0.50673
9.2737,0.5157
9.6629,0.50515
10.11,0.4938
10.044,0.49582
9.6521,0.50652
9.7393,0.50325
10.024,0.4959
10.121,0.49334
9.9787,0.49697
10.211,0.49184
9.2413,0.51626
9.2791,0.51483
10.049,0.49506
10.251,0.49003
10.324,0.48688
10.12,0.49209
10.137,0.49162
10.304,0.48877
10.051,0.49342
9.6098,0.50559
10.319,0.48745
10.252,0.48899
10.442,0.48413
9.5102,0.50498
10.35,0.48664
9.6145,0.50214
9.1727,0.51348
9.3855,0.50767
9.5451,0.50489
9.238,0.51094
9.4665,0.50638
9.4448,0.50856
9.6451,0.50247
9.7806,0.49881
9.7696,0.49938
9.7889,0.49847
9.7139,0.50151
9.7637,0.49863
9.5187,0.50712
9.3164,0.50842
10.134,0.49125
10.05,0.49347
10.055,0.49341
9.5164,0.50704
10.235,0.48844
9.8885,0.49692
10.011,0.49299
9.8682,0.49673
9.8777,0.49741
9.8927,0.49671
9.6488,0.5031
10.177,0.48915
9.9702,0.49424
9.7167,0.50115
10.004,0.49273
9.843,0.49728
10.11,0.49056
10.37,0.48437
10.006,0.49278
10.192,0.48781
9.2932,0.51081
9.639,0.50178
9.6309,0.50221
9.3035,0.51092
9.011,0.51856
8.874,0.52261
9.0313,0.5176
9.3948,0.50759
9.3226,0.50912
9.1885,0.51241
9.1103,0.51444
9.1037,0.51435
9.409,0.50617
9.2974,0.50931
9.6306,0.49897
9.6635,0.49818
9.3267,0.50617
9.9025,0.49313
9.2206,0.50937
9.2869,0.50661
9.3503,0.50485
9.798,0.49505
9.8917,0.49252
9.4953,0.5023
9.791,0.49407
9.7037,0.49697
9.7917,0.49508
9.1259,0.51288
9.4203,0.50467
9.6043,0.4989
8.9636,0.51195
9.2738,0.50619
9.3193,0.50485
8.8088,0.51879
9.2383,0.50689
9.2044,0.50625
9.4056,0.50268
9.536,0.49917
9.2155,0.50834
9.4767,0.50149
9.3082,0.50546
9.2859,0.50602
9.6915,0.49466
9.4412,0.50085
9.4269,0.50021
9.1771,0.50765
9.6983,0.49238
9.2341,0.50511
9.802,0.48966
9.8762,0.48755
8.8218,0.51092
9.1316,0.505
9.3695,0.49877
9.0387,0.5072
9.0558,0.50693
8.6674,0.51503
8.9833,0.50813
8.7851,0.51117
8.5681,0.51775
8.8899,0.50827
9.0452,0.50247
9.1567,0.50115
9.149,0.50003
9.1472,0.5005
9.3723,0.4952
8.6842,0.51287
9.6322,0.48979
9.6925,0.48754
9.0446,0.50402
9.2811,0.49824
8.7433,0.5137
9.4142,0.49395
9.1145,0.49862
9.1296,0.50153
9.6815,0.48658
9.9126,0.48151
9.5414,0.4898
9.3265,0.49535
9.335,0.49446
9.4227,0.49211
9.2862,0.49557
9.2324,0.49674
9.3703,0.49249
9.0756,0.49852
9.6418,0.48538
9.5412,0.48889
8.8894,0.50656
9.0331,0.50178
9.8071,0.48078
9.7012,0.48155
9.3845,0.48859
9.7626,0.48092
9.0802,0.49832
9.2389,0.49195
9.8551,0.47779
9.2819,0.49057
9.3315,0.48896
9.5377,0.48339
9.0126,0.49849
9.0644,0.49769
9.2864,0.4913
8.8882,0.50128
8.9462,0.49789
9.0462,0.49662
9.1482,0.49177
8.9795,0.4942
9.4718,0.48347
9.2882,0.48885
9.276,0.48928
8.942,0.49653
9.0789,0.49068
8.7683,0.49951
8.7589,0.50052
8.6646,0.50256
8.7294,0.50003
9.0116,0.49196
8.4759,0.50633
8.8611,0.49412
8.6721,0.5016
8.9277,0.4943
8.6669,0.49897
8.7871,0.49549
9.1883,0.48452
9.037,0.48791
9.4522,0.48167
8.7481,0.49786
9.699,0.47436
9.4537,0.48017
9.4453,0.47808
9.1191,0.48722
9.1516,0.485
9.386,0.47963
9.2693,0.48226
9.2913,0.48015
8.8616,0.49412
8.9794,0.49136
8.8855,0.4928
9.1893,0.48396
8.915,0.49192
9.2525,0.48116
9.1201,0.48524
9.064,0.48702
8.583,0.50117
9.1853,0.4837
9.0483,0.48656
9.1925,0.48241
9.1615,0.47899
8.8789,0.48652
9.2267,0.47982
9.5813,0.47013
9.2161,0.47857
9.1075,0.48083
9.2337,0.47822
9.1215,0.48047
9.4302,0.47166
8.814,0.48792
8.8917,0.4853
8.9214,0.48488
9.3865,0.4729
9.2409,0.47608
8.8291,0.48382
9.5787,0.46763
9.3877,0.47306
9.4767,0.46901
9.623,0.46577
9.2918,0.47516
9.3919,0.47248
9.5937,0.46683
9.0237,0.48129
9.3854,0.47202
9.4442,0.46817
9.6258,0.46359
9.0771,0.47754
9.1948,0.47329
8.9415,0.47691
9.4135,0.46885
9.1365,0.47678
9.2285,0.47354
9.0859,0.47776
9.4211,0.46725
9.3204,0.46973
9.1284,0.47423
8.6723,0.48602
8.858,0.48069
9.3114,0.46769
8.6761,0.4848
8.5606,0.48821
8.8772,0.48091
8.2448,0.4918
9.0473,0.47385
9.1901,0.47077
9.4634,0.46334
8.4953,0.48675
8.9,0.4751
8.9109,0.47624
8.9411,0.47453
8.7858,0.48013
9.0198,0.47226
9.0175,0.47236
8.466,0.4879
8.9155,0.47422
8.7165,0.48001
8.9676,0.47229
8.658,0.48139
8.5681,0.4834
8.6496,0.48049
8.5205,0.47951
8.3237,0.4895
8.6151,0.48091
8.527,0.48218
8.2641,0.49092
8.5199,0.48263
8.3603,0.48707
8.6609,0.47847
8.4257,0.48522
8.2915,0.48883
8.5189,0.48191
8.3657,0.48582
8.4796,0.48122
8.6398,0.47623
8.4735,0.48177
8.7581,0.47316
8.2193,0.48899
8.774,0.47336
8.3619,0.48609
8.4372,0.4835
8.4592,0.48218
8.3869,0.485
8.5464,0.47845
8.3822,0.48132
8.4178,0.47772
8.407,0.47708
8.2244,0.48565
8.0074,0.49016
8.3485,0.48221
8.2747,0.4808
8.5861,0.4721
8.4473,0.47686
8.3788,0.48149
8.222,0.48182
8.2243,0.48101
8.1808,0.48031
8.425,0.47313
8.4773,0.47646
8.6186,0.47177
8.821,0.46476
8.631,0.46971
8.4941,0.47302
8.9889,0.45923
8.5894,0.46706
8.461,0.47414
8.4267,0.47537
8.474,0.47303
8.4914,0.47264
7.8728,0.48592
8.1415,0.47836
8.5012,0.47131
8.178,0.47731
8.3099,0.47331
8.2582,0.475
8.384,0.47198
8.6769,0.46611
8.0669,0.4833
8.1198,0.48108
8.3251,0.47409
8.4575,0.4689
8.673,0.46126
8.5179,0.46562
8.7654,0.45855
8.1349,0.4787
8.3733,0.47215
8.1869,0.47834
8.6627,0.46476
8.6791,0.46362
8.1827,0.47697
8.2315,0.47493
8.6116,0.46348
8.3397,0.46736
9.0172,0.4515
7.7494,0.48967
8.1981,0.46907
8.8522,0.45204
8.8701,0.45291
8.1597,0.46992
8.5891,0.46229
8.618,0.46197
0.54973,1.0676
8.455,0.46585
8.5816,0.46044
8.8531,0.45152
8.283,0.46784
8.1424,0.4743
7.8204,0.48182
8.0284,0.48149
8.0657,0.4801
8.4772,0.46512
8.4532,0.46312
7.8945,0.47256
8.9355,0.44805
8.3039,0.46439
7.9129,0.47369
8.0401,0.46917
7.5292,0.49065
8.1078,0.47409
7.4933,0.49342
7.8049,0.48421
7.7998,0.48397
7.9568,0.47816
7.9228,0.47804
8.1757,0.46922
8.5764,0.45579
7.3974,0.49047
7.9733,0.47095
7.9355,0.47488
8.1774,0.46914
8.3673,0.4638
8.5273,0.45978
8.1522,0.47175
8.3442,0.46496
8.1393,0.47138
8.2663,0.4674
8.4331,0.46079
8.242,0.46543
8.9245,0.44435
9.0358,0.4395
8.4364,0.45726
7.9317,0.47118
8.1446,0.4643
8.0862,0.46743
8.8014,0.43156
7.6911,0.47534
7.9693,0.47132
8.2419,0.46324
8.0223,0.46878
8.0206,0.46983
8.4382,0.45632
7.9998,0.46944
8.1489,0.46494
6.8106,0.49913
6.8687,0.49616
7.9559,0.47153
7.6086,0.47634
8.2454,0.45895
8.0173,0.46733
7.9089,0.47184
7.7937,0.47553
7.9701,0.47025
8.0897,0.46484
8.6974,0.446
7.7012,0.47519
8.1559,0.46046
8.3542,0.45723
7.7486,0.47559
7.8069,0.47476
8.3799,0.45476
7.8356,0.47304
7.9275,0.47172
7.9476,0.47141
7.8565,0.47334
7.6224,0.4794
7.4474,0.4856
7.3552,0.48923
6.5072,0.51066
7.4123,0.48534
7.8406,0.47315
7.603,0.47884
7.356,0.48414
7.4549,0.47942
8.2469,0.45926
6.6696,0.50461
0.55521,1.0542
8.1965,0.46315
7.8374,0.47339
7.7855,0.47437
8.3208,0.45495
8.04,0.46485
7.9814,0.46401
8.3444,0.45337
8.0503,0.46368
7.7932,0.4703
8.1901,0.46133
7.8684,0.46908
8.191,0.4609
8.0384,0.46683
7.802,0.47305
7.7161,0.47277
7.4016,0.48096
7.3693,0.47906
7.626,0.47182
7.5061,0.47458
7.9092,0.46425
7.6622,0.47192
8.5538,0.44655
7.7386,0.47373
7.4549,0.47902
8.0034,0.46562
8.0135,0.46359
7.7132,0.47143
8.0871,0.4606
8.4399,0.44748
8.3014,0.4541
8.3284,0.45419
8.3997,0.45156
8.5928,0.44705
8.2374,0.45658
8.1091,0.46132
7.9558,0.46403
8.1219,0.46147
7.9084,0.46985
7.6472,0.47666
8.7508,0.44283
8.1693,0.45715
8.144,0.45658
8.3925,0.44938
8.395,0.44926
8.3664,0.45063
8.254,0.45586
8.6855,0.44349
8.1825,0.45837
8.2568,0.45579
8.322,0.45255
8.2837,0.4513
7.6842,0.46673
7.8412,0.46624
7.175,0.48488
7.7576,0.46942
7.7967,0.46821
7.4546,0.47658
7.1021,0.48985
7.6139,0.47538
7.3188,0.48004
7.9159,0.46228
7.9671,0.46038
7.6944,0.46779
7.8301,0.46538
7.3161,0.48396
8.0498,0.458
7.3438,0.48155
7.8088,0.46673
6.6203,0.50102
8.0312,0.46186
7.7795,0.46893
8.0392,0.45637
7.6709,0.46441
8.1705,0.44487
7.5704,0.46795
7.7515,0.46539
7.4691,0.47398
7.2951,0.4796
7.7832,0.46765
7.8876,0.4635
8.1876,0.45415
8.1787,0.45242
7.7857,0.46537
8.0832,0.45528
7.9034,0.46183
7.6136,0.46937
8.0187,0.45797
7.5762,0.46893
7.5926,0.46878
7.7419,0.46443
7.6517,0.46779
7.1664,0.48312
7.3262,0.4768
7.8616,0.46231
7.5726,0.46838
7.6831,0.46551
7.9507,0.4554
7.5904,0.46998
7.74,0.46635
7.5534,0.47449
7.1357,0.49036
7.9657,0.46118
7.5418,0.47394
7.5923,0.47006
7.6408,0.46647
7.7961,0.45681
7.5237,0.4702
7.8526,0.45686
7.4368,0.47441
8.1902,0.45176
7.3662,0.47801
7.2739,0.4798
7.1044,0.48379
7.4412,0.47314
7.2659,0.47988
7.3833,0.47727
7.367,0.47558
7.6454,0.46458
7.779,0.45929
7.5869,0.46676
7.9581,0.45572
8.0256,0.45582
7.92,0.46112
7.2325,0.482
7.5096,0.47361
7.6936,0.46686
7.6501,0.46778
8.0565,0.45355
7.6347,0.46596
7.8689,0.46021
7.9944,0.45606
7.9227,0.45705
8.2617,0.4482
8.0347,0.45435
7.9907,0.45672
7.4443,0.47228
7.0649,0.47871
7.3736,0.46976
7.0407,0.47743
6.8406,0.48552
7.22,0.47523
7.103,0.47782
7.2719,0.47418
7.2762,0.47463
7.239,0.4769
7.271,0.47703
7.5794,0.46665
7.3476,0.47283
7.6923,0.46391
7.5419,0.46563
7.4084,0.46897
7.5175,0.46981
7.3622,0.4749
7.6797,0.46433
7.7522,0.46146
7.8648,0.45763
7.6646,0.46466
7.633,0.46659
7.819,0.46236
7.4828,0.47245
6.9798,0.48915
7.4302,0.47284
7.4567,0.47171
7.1969,0.4799
7.2448,0.47934
7.4073,0.47255
7.7138,0.46122
7.3322,0.47609
7.4223,0.47255
7.2678,0.47842
7.2106,0.47909
8.405,0.4406
8.5826,0.43434
8.2842,0.44402
8.2947,0.44461
7.8863,0.45613
8.0697,0.45093
8.358,0.44354
8.536,0.43508
7.9596,0.45645
8.048,0.45422
8.0029,0.45257
8.0999,0.45289
7.5074,0.46867
7.6221,0.46589
7.3285,0.47648
7.116,0.48396
7.1231,0.48227
7.7697,0.46114
7.0104,0.48656
7.4481,0.47231
7.155,0.47838
7.3075,0.47847
7.435,0.47303
7.3936,0.47465
6.9804,0.48637
7.2228,0.48099
7.4503,0.47259
7.4327,0.47331
7.2857,0.48077
7.3485,0.47937
7.3334,0.47822
7.171,0.48114
7.274,0.48012
7.8875,0.45848
7.3992,0.47828
7.2492,0.48166
7.9624,0.4554
8.219,0.44825
8.4754,0.44217
8.1943,0.44701
8.507,0.43782
8.3217,0.44139
8.5364,0.43556
8.0881,0.45279
7.6157,0.46883
7.8033,0.46152
7.3635,0.47571
7.5234,0.47143
6.5394,0.49915
6.8441,0.49573
7.1687,0.48306
6.9382,0.49057
7.6928,0.46519
7.3401,0.47433
7.4685,0.47055
7.4825,0.47367
7.719,0.46623
7.8648,0.46432
6.8946,0.49536
7.2136,0.48575
7.8031,0.46539
7.414,0.47696
8.0588,0.45336
7.8164,0.46083
7.6533,0.46762
7.5149,0.47168
7.6197,0.47019
7.8545,0.46345
7.7503,0.46724
7.685,0.4687
7.786,0.46229
7.5485,0.4707
7.8061,0.46032
7.3344,0.47766
7.3248,0.47865
7.3444,0.4768
7.5524,0.47159
7.4595,0.47535
7.591,0.47157
7.4681,0.47537
7.3197,0.47767
7.6161,0.46736
7.2485,0.48138
7.3442,0.47665
7.8757,0.45893
7.9555,0.45578
7.751,0.45973
7.8022,0.45921
7.8765,0.45651
7.9716,0.4567
7.7536,0.46133
8.1917,0.44913
7.8078,0.46124
6.3928,0.50904
7.6604,0.46867
7.9066,0.46074
7.7946,0.4626
7.5925,0.46955
7.6073,0.46901
7.7826,0.46216
8.0461,0.45404
7.7492,0.46289
7.793,0.46402
7.9731,0.45978
7.864,0.46134
7.696,0.47022
7.4349,0.47775
7.2819,0.48117
6.7544,0.49795
8.3053,0.44602
8.2299,0.44552
8.2669,0.44539
8.2617,0.44671
8.1245,0.44982
8.9054,0.42978
7.8349,0.45948
7.4484,0.46216
6.9692,0.48647
7.2992,0.47988
8.4646,0.44359
6.5601,0.5045
6.7858,0.49643
6.708,0.49679
7.0542,0.48502
7.0775,0.47998
7.2378,0.47779
7.1655,0.48043
7.353,0.47483
7.2891,0.47593
7.3025,0.47948
7.3825,0.47547
7.3463,0.47686
7.8387,0.46186
7.2072,0.48043
7.5937,0.46866
7.5575,0.47123
7.3351,0.47644
7.9771,0.45693
7.4452,0.4743
7.7587,0.46451
7.4488,0.47551
7.3825,0.47789
7.716,0.4659
7.5051,0.4712
7.726,0.46194
7.0773,0.48382
7.1234,0.48335
6.8321,0.49328
8.0385,0.45049
6.9926,0.48734
7.843,0.45739
8.2037,0.44972
8.233,0.44908
6.8945,0.49315
6.6098,0.50096
7.0924,0.48524
7.0724,0.48738
7.9823,0.45859
7.4317,0.4729
8.1596,0.45028
7.6691,0.46664
7.4164,0.47365
8.6662,0.4346
7.8134,0.46197
7.2008,0.4807
8.0301,0.45362
7.2814,0.47718
7.1823,0.48105
7.7822,0.45889
7.6405,0.46472
7.1612,0.4817
7.7373,0.46094
7.025,0.48818
7.1924,0.47126
7.2173,0.4823
7.1757,0.48062
7.4606,0.47378
7.5359,0.46748
8.1943,0.44918
6.7768,0.49493
7.4388,0.47241
7.3716,0.47072
7.1766,0.47971
6.0453,0.50853
6.4874,0.504
7.1336,0.48448
6.8931,0.48826
7.258,0.47275
6.8239,0.48914
6.6726,0.49506
7.5993,0.46507
6.6147,0.49952
6.2715,0.5095
6.4772,0.50425
6.1369,0.51834
6.5095,0.50121
6.21,0.51423
6.5739,0.4995
6.3019,0.50575
6.1877,0.51268
6.2065,0.51106
6.1229,0.51908
6.305,0.51083
6.1291,0.51715
7.0062,0.48318
6.245,0.51065
6.9345,0.48439
6.2436,0.51089
6.1295,0.51689
6.3539,0.50832
6.2336,0.51288
6.1491,0.51631
6.1432,0.51439
6.2432,0.51028
7.0056,0.48108
7.0386,0.46838
9.6518,0.38254
9.1104,0.4143
6.1015,0.49422
8.8819,0.42522
7.4009,0.46234
8.766,0.42628
7.2985,0.4677
7.5602,0.45661
6.2402,0.49254
7.5744,0.45623
7.6804,0.45355
8.164,0.44431
6.1666,0.50536
6.078,0.51062
6.4395,0.496
6.5029,0.49466
6.3962,0.49643
6.7696,0.48279
6.2553,0.49876
6.6761,0.4854
6.903,0.4783
5.587,0.52389
5.8656,0.50952
7.1759,0.45077
5.8562,0.51142
6.0486,0.50545
6.6263,0.48131
6.1615,0.50058
6.9173,0.47486
6.4139,0.48987
7.0099,0.47515
7.733,0.45414
5.8805,0.51216
6.246,0.49861
6.1272,0.50395
5.9283,0.51118
7.7133,0.45319
6.6203,0.48562
6.8125,0.48412
5.7361,0.51298
6.9976,0.47438
5.6381,0.5185
6.1663,0.49672
7.8546,0.44667
7.9695,0.44256
6.6314,0.48592
6.8304,0.47796
6.6925,0.4849
6.1259,0.50154
6.7093,0.48054
6.6435,0.48481
6.1501,0.50205
6.1988,0.50016
6.6024,0.48788
6.2801,0.49941
6.0764,0.50347
6.7774,0.47061
7.2494,0.46025
6.608,0.48256
6.1188,0.49952
7.4224,0.46248
6.7711,0.4864
7.7664,0.45201
6.3839,0.49349
7.0518,0.47373
6.662,0.48324
7.2841,0.46381
6.4767,0.47788
7.8265,0.44736
7.0322,0.47303
6.327,0.49258
8.0589,0.44288
6.9756,0.47434
7.9197,0.44287
7.3358,0.45998
6.8095,0.46965
7.0921,0.46672
6.8795,0.47745
7.1056,0.4707
6.8024,0.47836
6.8767,0.4754
6.3986,0.48919
6.6468,0.47982
7.5027,0.4562
6.3185,0.49279
6.129,0.49941
6.7338,0.48367
7.1922,0.46947
5.7064,0.51716
7.1655,0.46878
6.2709,0.49711
7.1134,0.47043
7.9001,0.44993
6.8416,0.4767
7.5004,0.43606
6.2589,0.49609
5.8173,0.50751
5.8418,0.50857
6.8667,0.47046
6.1435,0.50108
8.0897,0.43312
7.7836,0.45349
6.7779,0.47644
6.2414,0.49055
6.6779,0.47955
6.4971,0.48703
7.3914,0.45811
7.5009,0.45385
7.1016,0.46849
6.4796,0.4871
6.1625,0.50116
6.9001,0.4762
5.7654,0.51302
6.454,0.49075
6.2429,0.49607
8.6464,0.40886
6.095,0.50069
6.9859,0.46596
6.3682,0.49015
6.4726,0.4866
6.9721,0.47344
6.4487,0.48591
6.463,0.48622
6.0184,0.50314
7.9295,0.44801
7.6067,0.4568
7.2069,0.46869
7.5592,0.45454
7.2925,0.45898
6.5376,0.48805
5.9606,0.50333
7.2658,0.45991
7.3167,0.4568
7.7926,0.4436
7.1535,0.45677
7.9131,0.44422
8.6297,0.4275
6.1984,0.4953
6.7177,0.47878
7.0332,0.46736
7.071,0.46512
5.9953,0.50054
7.4531,0.44638
8.8082,0.42337
5.9535,0.5031
5.7613,0.5157
6.1781,0.49704
6.4181,0.49061
6.9129,0.47394
5.9959,0.50367
6.5002,0.48868
7.5233,0.45994
5.497,0.52813
5.8045,0.51694
6.2649,0.49885
6.157,0.50241
6.2252,0.49712
6.3954,0.49179
5.6988,0.51091
6.5592,0.48104
7.4975,0.45614
6.2849,0.49386
6.2649,0.4942
5.7401,0.5097
6.4022,0.48667
6.4635,0.48446
6.9759,0.47053
6.4871,0.48948
6.6172,0.48814
6.4394,0.49106
6.5496,0.48959
7.8736,0.44537
7.7486,0.4458
6.6027,0.47844
5.9123,0.50313
7.1051,0.46112
7.608,0.45119
6.1957,0.49371
6.5942,0.47805
6.8915,0.47035
6.1197,0.49842
5.8106,0.50753
6.1757,0.49588
7.1756,0.45874
6.0759,0.50234
5.8271,0.5093
7.4263,0.46036
6.6181,0.48695
7.5843,0.45689
6.7801,0.47512
8.4957,0.40273
7.7632,0.43807
7.618,0.45684
7.7738,0.45079
6.1423,0.49813
7.3323,0.46384
7.9026,0.44595
7.1828,0.46746
6.724,0.48026
7.3564,0.46235
8.1688,0.44301
5.8068,0.50589
7.0923,0.46852
6.2087,0.49489
6.5531,0.48308
6.8244,0.47692
7.3454,0.45762
7.9547,0.44273
6.3817,0.49197
7.932,0.44237
7.1769,0.46197
7.1679,0.46196
7.561,0.45228
7.2287,0.45823
9.1549,0.38848
6.2233,0.49766
6.4346,0.48397
6.0562,0.50049
6.8681,0.47756
6.7908,0.47854
6.959,0.46949
6.5708,0.48497
6.4372,0.48675
6.3426,0.49017
5.9666,0.50177
7.239,0.46361
6.3432,0.49073
6.5125,0.48431
5.0938,0.54475
5.9156,0.50724
6.8604,0.47455
5.8808,0.49988
5.7707,0.51612
5.9752,0.50523
6.6277,0.47887
7.2004,0.45865
6.4147,0.48579
6.8185,0.47644
6.8536,0.4734
5.0311,0.54044
6.2271,0.49638
6.0481,0.50448
6.4006,0.48862
6.6046,0.4824
6.4405,0.48803
5.9123,0.50136
6.8419,0.47487
6.6015,0.48064
6.6149,0.48079
6.3807,0.48875
7.4325,0.45412
7.4281,0.45746
5.9524,0.50397
6.1006,0.4981
6.7657,0.47613
6.3506,0.49127
6.1981,0.49606
5.6092,0.51864
6.0239,0.50371
6.2448,0.49423
7.4117,0.4555
6.1476,0.4955
6.8748,0.47162
5.9013,0.50726
6.6603,0.48367
7.253,0.4632
6.2141,0.49186
7.9449,0.44114
9.2514,0.39711
7.6762,0.44607
7.8941,0.44831
6.6907,0.48386
7.0048,0.47195
6.861,0.47244
6.7372,0.4758
6.8604,0.47179
5.8994,0.50841
6.2213,0.49699
6.0215,0.50388
5.266,0.53068
5.3836,0.52829
5.4536,0.5227
6.1504,0.50058
5.4676,0.51733
7.0782,0.46563
7.626,0.44745
6.0757,0.49636
7.412,0.45566
7.493,0.44308
6.7736,0.48245
5.3729,0.527
6.4894,0.4854
6.7721,0.478
6.8601,0.47245
6.6562,0.45822
5.9455,0.50216
6.3051,0.48883
6.1289,0.49566
6.5947,0.48474
6.5348,0.48414
6.1043,0.49448
6.8525,0.47043
6.9604,0.466
6.2811,0.49035
6.4185,0.48431
6.4349,0.48707
6.2039,0.49534
6.4389,0.48827
6.6057,0.48118
7.1843,0.46591
6.8613,0.4738
6.437,0.48491
7.9828,0.441
7.4788,0.45323
7.1159,0.46267
8.02,0.4394
5.5414,0.52201
7.2593,0.46466
6.0934,0.49879
7.1707,0.46258
6.4145,0.48837
6.6294,0.4826
6.7828,0.4761
6.5815,0.48282
6.6656,0.48269
6.5371,0.48499
7.0896,0.46825
7.8465,0.4478
6.923,0.4725
7.9101,0.44407
7.4668,0.45644
8.0532,0.43757
6.5491,0.48095
6.6189,0.48052
6.5789,0.47869
7.158,0.46049
6.465,0.48235
5.9187,0.49958
7.6211,0.45374
6.995,0.46878
6.678,0.4824
6.6192,0.48088
6.8451,0.47356
7.5827,0.4512
6.4711,0.48719
7.7085,0.45365
7.812,0.44688
7.4433,0.45819
6.2393,0.49693
6.8201,0.47479
6.5436,0.48001
6.4211,0.48454
6.8148,0.47663
7.2949,0.46311
5.7456,0.50921
5.3816,0.52355
6.6661,0.47854
5.3193,0.52408
7.386,0.45998
6.7746,0.47548
6.7952,0.47657
6.8373,0.47433
5.3365,0.52022
6.5168,0.4795
6.2794,0.49035
6.3898,0.48774
7.1033,0.46012
6.5858,0.48094
5.8689,0.50621
6.4134,0.48593
5.4967,0.5182
6.5453,0.47905
7.324,0.46253
6.8046,0.4764
6.9069,0.4739
6.7118,0.48163
6.4667,0.48692
6.386,0.49137
6.5577,0.48583
7.2224,0.46467
7.1082,0.46775
6.6604,0.48208
6.8888,0.47174
7.2325,0.46306
6.609,0.48243
7.2653,0.46175
7.26,0.46175
6.8612,0.47112
6.5465,0.48152
6.148,0.49478
6.4766,0.48363
6.6701,0.48359
6.9592,0.47495
7.1855,0.46476
6.8549,0.46931
6.7456,0.47498
7.5684,0.45417
6.818,0.47906
6.7805,0.47735
6.4681,0.48722
7.2948,0.45675
7.2593,0.45794
8.3034,0.43126
7.5256,0.4502
7.4966,0.45542
0.54273,1.0295
7.2707,0.46116
7.793,0.44102
6.782,0.47044
7.8193,0.42903
6.63,0.45949
7.7008,0.45238
5.0526,0.53885
5.3782,0.52245
6.0097,0.50003
5.2086,0.52565
6.6674,0.47419
5.9728,0.50131
5.5786,0.51626
6.288,0.49289
6.9564,0.47351
7.1753,0.45963
6.2142,0.49477
7.3405,0.46192
7.7199,0.45031
7.3741,0.44657
7.8326,0.4466
7.1904,0.46604
7.4268,0.45702
7.7677,0.4501
7.2346,0.46469
7.6271,0.45746
6.1036,0.49809
0.36666,1.112
6.3121,0.48933
6.0332,0.49841
6.2386,0.4921
6.2302,0.47742
6.6317,0.48275
6.5213,0.48203
6.1801,0.49425
6.2568,0.48944
6.4165,0.48553
6.3672,0.48815
7.1522,0.46933
7.6548,0.45231
5.5885,0.51822
6.5089,0.48777
6.6074,0.48565
6.4083,0.48965
5.8428,0.50968
6.1968,0.49565
6.2429,0.48766
6.1438,0.501
6.4175,0.49061
6.8669,0.47769
5.8866,0.50987
6.832,0.47652
6.8679,0.47466
6.6076,0.48402
6.0552,0.504
6.2544,0.49502
6.5939,0.48639
6.2684,0.49424
6.6479,0.47904
6.8026,0.47337
6.571,0.48454
6.1704,0.50216
6.023,0.50931
6.0002,0.51081
6.0393,0.51113
5.8501,0.51553
6.0621,0.50768
6.7326,0.48083
6.978,0.47612
7.4846,0.45698
6.531,0.48591
6.3972,0.48908
6.2384,0.49593
6.7302,0.48377
5.6032,0.52702
6.1195,0.50443
6.6809,0.4903
6.5048,0.49427
6.7191,0.48632
6.7488,0.48294
6.9354,0.4728
6.3596,0.49097
6.7955,0.48019
6.0781,0.50835
6.0484,0.5088
7.0525,0.48081
7.0069,0.48584
7.1041,0.48257
6.1079,0.51047
6.1112,0.50867
6.3572,0.50101
6.6099,0.49061
5.8906,0.51747
5.8006,0.52079
6.396,0.4988
6.0914,0.51065
6.8255,0.48426
6.7193,0.48695
6.7084,0.48929
7.2661,0.46491
7.166,0.47314
6.4412,0.49552
6.2116,0.50451
6.459,0.49901
7.1676,0.47867
7.3339,0.47158
6.4146,0.49701
7.0204,0.47917
6.3566,0.49617
7.1273,0.47404
5.7921,0.51766
6.3267,0.4964
6.0307,0.50766
6.6041,0.48709
5.4916,0.53173
6.3469,0.50258
5.5564,0.53189
6.0422,0.51315
5.5794,0.53108
5.7814,0.51781
6.0056,0.51446
6.3848,0.4997
5.9711,0.51741
5.6389,0.53417
6.6034,0.49789
6.1457,0.51185
6.413,0.50556
5.6944,0.52396
5.9577,0.51196
6.3269,0.50285
6.2388,0.50648
6.7645,0.48524
6.1853,0.50806
6.5846,0.49547
5.2275,0.54556
5.8891,0.5213
6.1622,0.51281
6.117,0.5136
6.5596,0.49616
6.1599,0.5098
6.972,0.48249
6.7972,0.48872
7.1315,0.47568
7.2139,0.47408
6.9859,0.48248
7.2049,0.47772
5.6355,0.52618
7.0051,0.48548
6.2656,0.50622
7.0057,0.48306
6.4843,0.49403
6.4281,0.50534
7.0366,0.48408
6.7518,0.49222
7.046,0.48412
7.1271,0.48261
6.3191,0.51034
6.4268,0.50616
6.4016,0.50407
6.636,0.4953
7.0444,0.4852
6.963,0.48504
7.1659,0.4786
7.0302,0.4837
7.6033,0.46511
7.6458,0.46488
6.8891,0.48896
7.0272,0.48329
7.0892,0.48344
6.9229,0.49033
5.9405,0.52605
6.4096,0.50948
6.739,0.49937
6.0478,0.51998
6.6032,0.49714
6.8802,0.48977
6.0648,0.52029
6.9444,0.48964
6.4122,0.50512
6.7837,0.49227
6.868,0.49107
6.8766,0.49116
6.9325,0.49107
6.8088,0.49109
6.2655,0.50896
6.3399,0.51412
6.1624,0.51745
6.7453,0.49894
6.4331,0.50623
6.6211,0.50282
6.8357,0.49308
6.2429,0.51227
6.5586,0.50127
7.0053,0.48393
6.762,0.49736
6.0594,0.52358
6.3573,0.51296
6.5621,0.50635
6.4854,0.5083
6.7253,0.49994
5.976,0.52471
6.5389,0.5051
5.8307,0.52984
7.0302,0.49097
6.4761,0.50815
5.8481,0.52663
6.5766,0.50175
6.45,0.50746
7.4487,0.47868
6.1276,0.52259
5.6728,0.54099
7.542,0.47965
5.578,0.54388
6.5212,0.5068
6.1674,0.52295
6.663,0.49959
7.076,0.48523
5.8017,0.53183
6.5211,0.50967
5.9099,0.53358
5.6012,0.54101
5.5416,0.54425
5.5659,0.54171
6.5633,0.50603
6.0686,0.52453
6.5179,0.51001
6.119,0.52843
5.9682,0.53544
6.3231,0.51755
6.2785,0.51747
6.3697,0.51615
6.1769,0.52068
6.114,0.52385
6.366,0.51514
5.8526,0.53687
5.8333,0.5394
5.8541,0.53887
5.6747,0.54729
6.3395,0.52143
6.2354,0.52563
6.4337,0.51623
6.3313,0.52092
6.7716,0.50821
6.3576,0.52257
6.6182,0.51247
6.2967,0.5222
7.3318,0.4841
6.2295,0.52137
7.2129,0.48149
6.7565,0.50772
7.5057,0.48225
6.9987,0.49956
6.8551,0.50514
6.8327,0.50383
6.257,0.52628
6.0089,0.53116
6.1313,0.52549
6.935,0.49774
6.307,0.52229
6.5525,0.51465
5.9084,0.53611
6.178,0.52581
5.7896,0.54765
6.1164,0.53507
6.1853,0.52819
5.9389,0.53636
6.1291,0.53062
6.77,0.50831
5.6646,0.54916
6.5746,0.51822
6.988,0.50361
5.809,0.54349
5.8665,0.53898
5.9593,0.5355
6.3008,0.52229
5.9277,0.53703
6.086,0.53119
6.9475,0.50173
6.4501,0.52295
6.2167,0.52934
5.8815,0.54469
6.2513,0.53022
5.7126,0.55102
6.4843,0.51853
6.0423,0.53637
6.4435,0.52321
6.7889,0.51186
5.9412,0.54049
6.1032,0.53502
7.007,0.50314
5.4686,0.56491
5.768,0.55067
6.1058,0.5362
6.4035,0.52597
6.6399,0.5185
6.517,0.52346
6.3876,0.52909
5.8102,0.55233
6.577,0.52304
6.2025,0.53688
5.8663,0.54638
6.3344,0.52586
6.2783,0.53039
6.524,0.52094
6.1024,0.5383
5.9506,0.54643
6.2888,0.53541
5.9029,0.54888
5.8274,0.55351
5.9384,0.55052
6.3205,0.53384
6.4284,0.5286
6.1484,0.53871
6.4622,0.52703
6.3706,0.53256
5.9665,0.54728
5.909,0.54843
5.6403,0.56055
5.9676,0.54693
5.923,0.54853
6.1805,0.5385
6.2698,0.53616
6.1934,0.53885
6.4479,0.52783
5.8155,0.55293
6.428,0.53152
6.3394,0.53604
6.8544,0.51864
6.518,0.52989
6.0328,0.54813
5.8228,0.55584
6.3367,0.53605
6.39,0.53208
6.0961,0.54107
6.3089,0.53511
6.2974,0.53735
6.2752,0.53863
6.2704,0.54006
6.7499,0.52356
5.9434,0.55458
6.0815,0.5484
7.4055,0.49905
7.3184,0.50001
6.9117,0.51536
6.4199,0.5341
6.4956,0.5321
6.5926,0.53187
6.8054,0.52544
6.6304,0.53131
5.9663,0.55357
6.7579,0.52214
6.5189,0.53011
6.4158,0.53426
5.6969,0.56263
5.9983,0.54997
6.5205,0.53178
5.961,0.55476
5.9843,0.55318
5.601,0.57057
6.1446,0.5501
6.5132,0.53629
6.1831,0.54632
5.3228,0.57288
7.3127,0.50515
6.0953,0.54612
6.0815,0.55363
5.7503,0.56775
5.8033,0.56425
5.9967,0.5576
6.2442,0.54848
5.5782,0.57346
5.9965,0.55444
6.3513,0.54276
6.1189,0.5513
5.9139,0.55789
6.4371,0.53831
6.6221,0.53296
6.7269,0.53176
5.9931,0.55732
6.5993,0.5367
6.031,0.55723
6.2296,0.54871
6.0782,0.55165
5.7966,0.56382
6.5219,0.53921
5.8821,0.56406
6.2247,0.55172
6.018,0.56016
5.9558,0.56277
6.3747,0.54575
6.41,0.54453
6.6905,0.5337
6.2963,0.54888
5.9334,0.56258
5.8181,0.56707
6.1632,0.55348
5.9759,0.56087
5.8354,0.56657
6.8186,0.5318
7.3541,0.51212
6.5454,0.54212
6.4841,0.54381
6.0356,0.55802
5.7825,0.56801
6.0108,0.55942
6.2466,0.55285
5.9162,0.56637
6.3724,0.54802
6.0278,0.5598
6.5058,0.54179
6.1202,0.55997
6.0023,0.56397
6.8433,0.53157
6.7565,0.5355
6.6575,0.54021
7.3523,0.51702
6.5398,0.54477
6.6804,0.53905
6.9234,0.53089
6.8979,0.53165
7.2418,0.52069
6.5995,0.54012
6.735,0.53768
6.6261,0.5421
6.9336,0.5299
6.8737,0.53184
6.5826,0.543
6.86,0.53196
6.8278,0.53429
6.2905,0.55628
6.513,0.54749
6.7325,0.54121
6.6371,0.54416
6.6196,0.5431
5.5837,0.58758
5.8116,0.5771
6.0728,0.56549
5.7782,0.57811
6.1157,0.56328
5.9947,0.56833
6.151,0.56209
6.1466,0.5623
6.126,0.56404
6.2271,0.55999
6.4749,0.5512
5.934,0.57265
6.1381,0.56275
6.1492,0.56449
6.9532,0.53459
6.9074,0.5365
5.8638,0.57537
6.2334,0.56125
6.1153,0.56524
6.6857,0.54533
6.1162,0.56667
5.905,0.57419
6.5537,0.54997
6.3891,0.55405
5.9771,0.57148
6.3991,0.55471
5.9797,0.57002
6.5151,0.54937
5.7265,0.58233
6.2753,0.56211
6.0792,0.56966
6.0975,0.56829
5.9268,0.57526
6.2711,0.56172
5.9719,0.57194
5.9266,0.5739
6.8147,0.54115
6.7283,0.54425
6.2737,0.561
7.2669,0.52683
6.6508,0.5484
6.8437,0.54361
6.8365,0.54379
6.4044,0.55896
6.3616,0.56139
7.0036,0.53613
7.6524,0.51544
6.8378,0.54239
5.837,0.58049
5.8932,0.57848
5.7376,0.58323
6.2792,0.56325
6.2596,0.56367
5.8914,0.57721
6.0045,0.57468
6.0906,0.57316
5.7766,0.58439
6.3123,0.56293
5.9352,0.57633
6.6058,0.55157
6.3591,0.56066
6.9616,0.53878
7.2154,0.53042
6.943,0.54016
6.4636,0.55573
7.4399,0.52133
6.942,0.53904
6.8979,0.54301
6.8159,0.54606
6.4108,0.56108
6.5105,0.55737
6.5895,0.55282
6.3668,0.56362
5.829,0.58171
6.0727,0.57088
5.8733,0.57982
6.2512,0.56482
6.1018,0.57111
6.0159,0.57557
6.0866,0.57373
6.3153,0.56456
5.7753,0.5866
5.9588,0.5817
6.1585,0.57194
6.0641,0.57663
6.0205,0.57866
6.036,0.57779
6.5126,0.5574
6.6768,0.5522
6.8903,0.54653
6.3283,0.56614
5.9812,0.58175
6.3199,0.5673
5.9734,0.58082
5.9748,0.58062
6.339,0.56645
5.7022,0.59276
6.1444,0.57508
5.6512,0.59664
5.7149,0.59481
6.1131,0.57486
5.8434,0.58761
6.072,0.57374
6.1476,0.57422
5.9086,0.58379
6.1713,0.57459
6.1152,0.57641
6.1575,0.57543
6.6462,0.55799
6.0329,0.5821
6.5335,0.5618
6.581,0.55922
5.8487,0.58838
6.2371,0.57276
6.317,0.56895
6.0983,0.57835
5.9781,0.58381
5.915,0.58643
5.9641,0.58361
6.2152,0.57123
6.2096,0.57366
5.5523,0.60191
5.8797,0.5878
5.8353,0.59046
5.5451,0.60439
5.8648,0.5896
5.6647,0.59807
5.7436,0.59452
5.9355,0.58525
5.8547,0.58917
5.5725,0.60247
5.8967,0.5882
5.9062,0.58804
6.1731,0.57732
6.1273,0.57897
7.1741,0.53995
5.9807,0.5838
6.6163,0.55952
6.9855,0.54646
6.8576,0.55095
6.1342,0.57908
6.3283,0.57057
5.64,0.59976
5.8718,0.58929
6.6236,0.55967
6.9585,0.54728
6.5969,0.56035
6.3997,0.56854
6.7817,0.55501
6.8515,0.55276
6.8626,0.55191
6.3176,0.57194
6.4808,0.56585
6.5021,0.56517
6.1209,0.5804
7.1587,0.54192
5.7236,0.59704
6.5621,0.56337
6.3471,0.5713
6.5964,0.56219
6.0638,0.58351
6.0693,0.58315
6.0739,0.58287
5.8817,0.59122
5.6805,0.59929
6.062,0.58266
6.0587,0.58301
6.2746,0.57398
5.9139,0.58923
6.8233,0.55423
6.6913,0.55985
6.5817,0.5646
6.6563,0.56202
6.4046,0.57132
6.8213,0.55573
6.8101,0.55657
6.329,0.5736
6.9215,0.55243
5.954,0.58774
6.2805,0.57432
6.1942,0.57798
6.4513,0.56711
6.1948,0.57754
5.6914,0.5991
5.8655,0.59274
6.2797,0.57682
6.1872,0.58054
5.9771,0.58803
5.5333,0.60757
6.2869,0.5759
6.2349,0.57766
6.5829,0.56483
5.7377,0.59885
6.1881,0.58074
6.1905,0.57956
6.8116,0.55634
6.7199,0.55896
6.2763,0.57637
5.9715,0.58966
6.4064,0.57264
6.0978,0.58537
6.4023,0.57266
5.7715,0.5986
6.6722,0.56126
6.9729,0.5528
5.4186,0.61437
6.1924,0.58195
5.9169,0.59405
6.0587,0.58815
6.306,0.57848
6.2156,0.58004
6.178,0.58309
5.9594,0.59265
6.0699,0.58812
5.9532,0.59255
5.979,0.59106
6.1233,0.58549
5.7619,0.60055
6.4885,0.57137
6.6937,0.56338
6.897,0.55707
6.656,0.56561
7.1618,0.54746
6.5474,0.56912
6.1909,0.58259
6.3129,0.57772
5.8198,0.59789
6.0164,0.5901
6.5589,0.56938
6.1207,0.58623
6.0879,0.5874
6.0351,0.58983
6.0966,0.58735
6.4606,0.5736
5.9132,0.59462
6.4639,0.57275
6.3933,0.57632
6.2038,0.58392
6.6837,0.56526
6.0419,0.59014
6.5426,0.56987
6.44,0.57418
6.6639,0.56553
6.6694,0.56585
6.3684,0.57738
6.3711,0.5767
6.196,0.58315
6.12,0.58664
6.5361,0.57067
5.9621,0.59306
5.8494,0.5974
6.1694,0.58427
5.9944,0.59234
5.6365,0.60674
6.0689,0.58907
6.0987,0.58901
6.3075,0.58091
6.2248,0.58476
6.155,0.58528
6.5206,0.57274
6.6075,0.56811
6.472,0.5733
6.7922,0.56164
6.3314,0.57906
6.4826,0.57294
5.9716,0.59346
6.1217,0.58798
5.7484,0.60408
5.8508,0.59949
5.9796,0.59393
6.0128,0.59161
6.7837,0.56241
6.4791,0.57386
5.9627,0.59462
5.8228,0.60012
6.4943,0.57358
6.1134,0.58884
6.1313,0.58823
7.0855,0.5528
6.7237,0.56651
5.9765,0.59496
6.0553,0.59305
6.0053,0.59428
6.4766,0.57478
5.9718,0.59486
6.402,0.57769
6.6042,0.56992
6.3847,0.57913
6.2804,0.58229
6.5729,0.57106
5.8461,0.59924
6.5855,0.57066
6.8279,0.56142
6.2554,0.58322
5.9436,0.59607
6.1916,0.58664
5.908,0.59825
5.8973,0.59964
6.0457,0.59309
6.3721,0.57977
6.6866,0.56824
6.7167,0.56654
6.773,0.56435
6.918,0.55941
6.4674,0.57532
7.0972,0.55329
6.5888,0.57135
6.7347,0.56644
6.4488,0.57725
5.9461,0.5976
6.2312,0.58704
6.7929,0.56543
6.4262,0.57824
6.2485,0.58415
6.185,0.58645
6.2059,0.58578
6.4173,0.57715
6.583,0.57187
6.1664,0.5888
6.5199,0.57558
6.0255,0.59528
6.2416,0.58657
6.2368,0.58638
6.6509,0.57039
6.3968,0.58008
6.8693,0.56319
6.181,0.58799
6.5462,0.57381
6.8036,0.56391
6.0514,0.59267
6.4058,0.5787
6.6662,0.56963
6.7044,0.56871
5.9103,0.59993
6.129,0.59093
5.7662,0.60642
5.8625,0.60292
6.5898,0.57398
5.8491,0.60335
6.2746,0.58579
5.8846,0.60166
6.1232,0.59279
6.0316,0.59576
5.8707,0.60292
5.8726,0.60176
5.8301,0.6041
6.0205,0.59614
6.2919,0.5858
6.2531,0.5866
6.3553,0.58248
6.1419,0.5914
6.8438,0.56414
7.0372,0.55779
6.1747,0.58914
6.4838,0.57717
