47.615,0.16516
45.227,0.17496
51.886,0.15766
53.095,0.13855
35.879,0.24191
40.047,0.1977
51.641,0.15689
50.539,0.16342
53.735,0.13737
51.906,0.15518
53.411,0.14083
54.482,0.13082
6.3986,0.77321
5.9265,0.78279
52.68,0.15041
52.223,0.15435
52.165,0.15482
33.654,0.26279
49.713,0.15821
51.777,0.16206
51.688,0.16243
47.135,0.18495
47.325,0.17966
43.241,0.18433
34.697,0.26342
34.191,0.26408
37.225,0.23309
39.095,0.20779
50.972,0.15111
35.387,0.25209
37.25,0.22912
42.417,0.20801
48.771,0.16922
49.728,0.1609
49.012,0.16897
33.583,0.26851
49.96,0.16921
48.559,0.17458
50.302,0.17085
47.104,0.18112
48.658,0.17556
49.264,0.17425
51.391,0.15337
48.629,0.18583
50.146,0.1682
48.627,0.18303
48.745,0.18164
30.387,0.34534
35.341,0.25358
54.034,0.13251
52.162,0.14946
40.982,0.21275
47.003,0.18054
25.75,0.4118
25.516,0.41708
26.025,0.41015
51.487,0.16042
40.925,0.20872
33.268,0.27874
25.278,0.4187
51.834,0.16732
51.721,0.16237
50.586,0.17418
49.491,0.18696
52.27,0.16156
52.229,0.16547
51.005,0.17665
49.166,0.1909
51.748,0.16787
48.636,0.19708
49.908,0.18314
48.189,0.19906
49.719,0.18853
46.639,0.21657
45.8,0.20905
45.266,0.2141
43.594,0.22997
48.056,0.20392
45.949,0.22665
49.119,0.19615
47.474,0.21378
5.5012,0.8191
48.185,0.20632
46.14,0.22467
46.781,0.22169
47.829,0.20591
49.197,0.19322
47.406,0.21268
45.495,0.23169
47.595,0.21073
47.516,0.21511
48.316,0.20679
45.589,0.23457
47.18,0.21744
47.429,0.21896
46.673,0.22739
45.699,0.23417
44.891,0.24369
45.257,0.23767
42.9,0.26009
46.009,0.2261
44.403,0.24307
44.71,0.24624
44.353,0.2447
44.629,0.24834
44.502,0.24591
20.561,0.4911
45.015,0.24323
42.953,0.26269
44.05,0.24999
45.143,0.23959
43.389,0.25807
43.686,0.26524
44.815,0.25015
44.935,0.24765
45.191,0.25064
44.617,0.25157
45.683,0.24393
44.014,0.25442
3.9958,0.88937
46.359,0.24622
32.555,0.33163
43.979,0.26469
43.433,0.26385
14.574,0.58166
43.569,0.26268
43.317,0.26534
44.168,0.25456
44.034,0.26667
38.63,0.28854
38.52,0.2952
40.375,0.27413
34.144,0.34084
47.089,0.24036
43.238,0.25701
42.979,0.26845
46.134,0.24915
47.882,0.23585
41.993,0.26881
44.597,0.25534
35.046,0.30898
43.223,0.26531
43.404,0.26019
43.017,0.26489
35.783,0.30023
35.376,0.30934
35.123,0.3131
36.071,0.30385
34.338,0.31329
34.256,0.31996
42.598,0.29403
42.106,0.29849
41.22,0.30465
40.646,0.30884
39.138,0.31595
38.671,0.32679
38.625,0.32936
37.872,0.33321
37.084,0.33914
36.25,0.34937
36.002,0.34532
36.117,0.34638
35.098,0.35439
35.272,0.35643
34.275,0.36456
33.069,0.37355
33.33,0.37015
32.896,0.37496
32.559,0.37814
32.212,0.37775
31.694,0.38334
30.644,0.39548
29.985,0.39896
29.377,0.40462
28.914,0.41068
28.828,0.40975
28.127,0.41695
27.836,0.41903
27.646,0.42055
27.027,0.42765
26.565,0.42536
26.229,0.43083
26.572,0.42718
27.172,0.42419
25.526,0.43842
25.753,0.43797
25.558,0.44003
25.715,0.43842
25.696,0.43634
24.892,0.44541
24.811,0.44724
23.044,0.45851
25.461,0.4284
24.161,0.45193
23.81,0.45632
24.089,0.45303
21.862,0.47498
22.218,0.4702
22.484,0.46503
22.272,0.46742
22.152,0.46816
21.435,0.47799
21.602,0.47086
21.003,0.48328
22.628,0.46753
20.664,0.4668
23.447,0.45025
22.346,0.44636
21.634,0.45462
21.948,0.45012
22.744,0.4563
21.836,0.47316
22.601,0.46485
23.558,0.4466
21.02,0.48265
21.825,0.47408
6.1471,0.7811
21.497,0.47887
20.389,0.48341
20.988,0.4841
20.748,0.48655
19.373,0.49962
20.639,0.48884
21.025,0.48412
20.943,0.48501
21.89,0.47449
21.109,0.48476
21.306,0.48188
20.954,0.48545
20.533,0.4887
20.506,0.49084
20.734,0.48755
20.303,0.49251
20.512,0.49001
20.589,0.48514
20.392,0.49168
20.084,0.49337
19.7,0.5005
20.343,0.49111
19.743,0.49923
20.161,0.49407
19.78,0.4984
20.194,0.49306
19.694,0.49936
20.164,0.48945
19.522,0.50119
20.209,0.48687
19.339,0.50354
18.88,0.50994
18.99,0.50782
18.787,0.51092
5.177,0.81721
17.471,0.52817
18.193,0.51458
17.825,0.52301
18.374,0.51538
1.3622,1.1072
17.878,0.52175
17.752,0.52425
18.663,0.50225
17.777,0.52347
17.59,0.52585
17.951,0.51973
17.453,0.52629
16.821,0.53504
17.528,0.52427
17.094,0.53101
17.19,0.52973
0.9758,1.1752
16.915,0.53403
17.066,0.53304
17.07,0.53244
16.775,0.53568
15.91,0.54603
17.93,0.51378
16.878,0.53392
0.6489,1.2624
16.924,0.53438
16.805,0.53478
17.142,0.53108
17.068,0.53214
16.971,0.5327
16.747,0.53686
16.512,0.54021
17.14,0.52604
17.782,0.51088
16.582,0.53865
16.633,0.53669
16.378,0.54239
15.875,0.54637
16.25,0.54394
25.751,0.42051
16.53,0.53878
16.456,0.53988
15.886,0.54887
15.883,0.55012
15.578,0.55416
15.772,0.55174
1.032,1.1674
15.507,0.55598
15.079,0.55912
16.432,0.51571
17.486,0.50105
16.96,0.49548
16.445,0.51724
17.255,0.49976
19.809,0.47636
17.242,0.50427
16.722,0.49829
16.913,0.4892
17.499,0.47223
14.529,0.55402
15.741,0.5182
13.576,0.57427
14.311,0.55715
13.814,0.56607
14.747,0.54301
12.976,0.58858
13.307,0.57845
13.105,0.58523
15.562,0.52033
14.933,0.55015
14.801,0.55525
13.445,0.57504
13.086,0.59337
0.8785,1.198
14.971,0.55546
14.871,0.54757
13.982,0.5796
15.459,0.53571
1.0264,1.1343
15.429,0.54125
14.572,0.55101
14.857,0.53845
14.085,0.56485
13.289,0.58581
15.999,0.54472
12.913,0.59179
13.026,0.58989
3.6528,0.89122
13.182,0.58347
13.685,0.56834
12.741,0.59644
12.688,0.59767
12.9,0.59792
12.569,0.6003
12.672,0.5971
12.57,0.59965
14.1,0.55132
13.532,0.58443
16.505,0.51153
14.319,0.53363
13.366,0.58696
13.673,0.55385
14.483,0.53835
16.837,0.47653
13.763,0.55212
13.351,0.56513
13.114,0.59166
13.738,0.55718
0.92724,1.1831
18.483,0.49868
0.93813,1.1677
13.226,0.58527
15.815,0.5081
14.291,0.54259
13.203,0.58626
15.182,0.53082
14.102,0.55132
13.397,0.58102
14.74,0.52968
12.946,0.59373
13.446,0.5773
13.476,0.57663
13.112,0.58659
13.93,0.54511
12.72,0.59536
13.811,0.57142
13.856,0.54661
13.321,0.57941
14.01,0.56383
13.072,0.5871
13.469,0.57477
12.944,0.59023
5.5794,0.77502
14.508,0.546
13.295,0.57405
13.482,0.56328
12.65,0.5862
14.383,0.54415
11.651,0.61601
12.541,0.59484
13.323,0.56369
13.019,0.57777
13.964,0.55545
12.066,0.60619
13.832,0.56674
13.093,0.58665
14.509,0.54671
12.576,0.57915
15.418,0.52607
14.836,0.54102
12.608,0.60004
13.261,0.58091
16.923,0.49042
14.162,0.55539
12.801,0.57268
22.398,0.449
12.459,0.60184
12.924,0.59341
14.031,0.5601
12.479,0.60098
14.063,0.56122
12.818,0.59144
16.218,0.50613
12.456,0.60178
13.878,0.56402
12.783,0.59348
14.068,0.55773
13.942,0.55844
14.199,0.55198
13.454,0.56982
4.5542,0.80796
13.624,0.56697
14.145,0.55162
15.504,0.51808
13.46,0.56971
13.262,0.57633
13.992,0.55485
7.9461,0.67874
6.3206,0.75396
14.231,0.5516
15.501,0.51828
17.03,0.48438
12.899,0.59001
12.338,0.60374
12.5,0.59778
12.902,0.59018
12.75,0.59146
13.436,0.57374
12.332,0.60301
12.371,0.60161
12.808,0.57064
14.566,0.54329
12.333,0.60301
13.94,0.55871
13.596,0.57065
13.443,0.57597
12.946,0.585
13.909,0.55962
13.867,0.55953
12.368,0.59924
12.283,0.60454
13.928,0.55864
14.216,0.55144
13.813,0.55877
15.704,0.51203
16.553,0.49102
14.65,0.53973
17.414,0.47487
17.262,0.48023
16.171,0.50413
15.665,0.51951
15.348,0.52712
14.277,0.55251
15.026,0.53304
14.842,0.53767
15.185,0.52924
1.7273,1.0211
13.941,0.55519
14.28,0.54653
12.589,0.59174
1.761,1.0209
13.838,0.55308
13.41,0.56684
1.831,0.99839
12.049,0.6017
13.308,0.55682
1.7701,1.0068
13.587,0.55803
12.512,0.58921
11.885,0.60833
14.589,0.53297
13.156,0.57104
13.672,0.55663
15.778,0.5038
13.607,0.55766
13.867,0.55036
13.694,0.55487
13.793,0.55328
14.163,0.54441
13.608,0.55945
13.111,0.56138
12.443,0.5938
14.077,0.54683
12.271,0.60066
11.979,0.60981
12.128,0.60033
11.667,0.61612
11.53,0.61885
12.176,0.60292
12.079,0.60094
14,0.54739
13.487,0.56692
14.127,0.54839
12.003,0.60989
14.745,0.52281
11.908,0.61138
12.542,0.59225
15.388,0.51969
11.765,0.61446
13.059,0.5817
13.339,0.56822
15.114,0.52564
14.059,0.54906
13.34,0.56707
15.286,0.51802
13.606,0.56121
15.168,0.51881
14.946,0.52531
12.148,0.59979
13.716,0.55577
13.045,0.57354
13.227,0.56908
16.054,0.48687
12.909,0.5781
13.138,0.57086
13.58,0.5586
13.103,0.57448
14.393,0.53669
14.181,0.53302
12.63,0.56981
14.3,0.52526
13.431,0.55263
13.703,0.53996
12.958,0.56019
16.011,0.50031
13.742,0.54499
14.386,0.53669
14.206,0.53449
11.802,0.59753
14.973,0.50006
0.51795,1.2885
12.567,0.58397
3.6509,0.87221
12.764,0.57903
12.684,0.58227
13.647,0.55306
12.752,0.58308
12.092,0.5964
12.016,0.58596
13.393,0.56532
27,0.3737
13.323,0.56483
21.551,0.44262
13.214,0.56656
13.732,0.53044
14.179,0.54152
12.809,0.57964
13.73,0.555
14.008,0.54691
13.349,0.56441
15.539,0.49325
13.873,0.55127
13.085,0.57146
12.662,0.58068
15.704,0.50142
11.924,0.60156
12.413,0.58695
16.173,0.48182
13.827,0.54485
12.472,0.58027
13.758,0.54771
13.286,0.5606
13.957,0.54575
14.093,0.54156
14.132,0.53144
12.646,0.57304
14.789,0.52599
12.88,0.56717
14.039,0.54565
16.321,0.47603
15.412,0.51415
15.377,0.51356
13.797,0.5522
16.126,0.49353
16.524,0.47446
14.525,0.53299
11.714,0.60888
11.288,0.61368
10.502,0.63451
10.443,0.63566
13.734,0.54843
13.82,0.525
12.338,0.58894
13.568,0.54905
13.884,0.54636
13.312,0.56123
13.826,0.54964
13.903,0.5453
14.317,0.53304
16.206,0.48591
15.155,0.50765
15.299,0.50158
17.848,0.44005
14.399,0.53111
12.423,0.58339
12.392,0.58721
13.924,0.5252
13.803,0.54768
13.07,0.56873
14.034,0.54363
13.944,0.54911
19.286,0.4575
15.251,0.50424
14.191,0.53801
4.543,0.80538
13.302,0.56875
13.611,0.55519
13.624,0.55549
12.898,0.57581
13.262,0.56153
14.77,0.52322
14.573,0.52662
13.746,0.55164
15.098,0.51448
14.328,0.53644
15.416,0.51155
1.4218,1.0524
1.4607,1.0441
14.977,0.5179
14.994,0.52026
13.324,0.56021
14.35,0.5347
13.696,0.55156
13.808,0.54924
14.673,0.53058
14.391,0.53892
14.557,0.53323
14.762,0.52921
13.493,0.56624
15.581,0.50831
13.204,0.56805
14.473,0.53202
13.546,0.55742
13.534,0.55586
12.939,0.57207
13.474,0.55746
15.132,0.51839
14.422,0.53628
13.647,0.55701
14.844,0.52684
5.0881,0.76448
12.738,0.58391
15.413,0.51357
13.904,0.55034
15.42,0.51085
13.203,0.56777
14.014,0.54513
15.446,0.50868
13.883,0.55075
13.314,0.56164
12.607,0.5872
13.164,0.56892
14.08,0.54368
13.984,0.54588
13.897,0.54827
15.154,0.51836
14.756,0.5277
13.304,0.56613
12.823,0.57734
11.361,0.62085
11.624,0.61587
13.795,0.5532
12.084,0.6018
10.167,0.63999
11.515,0.61524
11.241,0.62381
14.473,0.52994
13.556,0.5529
11.715,0.60504
14.953,0.52306
12.8,0.57654
14.83,0.52553
13.265,0.56272
15.513,0.5087
12.138,0.59443
15.046,0.52076
14.091,0.54191
12.156,0.59546
12.324,0.5895
12.167,0.59774
12.292,0.5888
11.624,0.61497
13.639,0.54951
13.981,0.54431
12.504,0.58305
12.517,0.58183
3.8359,0.84966
14.175,0.53739
12.89,0.57208
13.701,0.55341
12.861,0.57863
13.106,0.56871
14.689,0.52723
15.647,0.50758
4.815,0.78226
13.665,0.55663
4.111,0.83198
5.0141,0.77107
13,0.5689
12.559,0.58084
14.506,0.52677
5.2126,0.75947
13.584,0.54933
12.769,0.57436
12.532,0.57854
12.882,0.57226
13.077,0.56531
14.162,0.53736
4.4111,0.80457
13.053,0.57112
12.625,0.58037
13.711,0.55224
4.4003,0.8069
4.5867,0.79467
3.7427,0.85678
4.2632,0.81887
12.622,0.58015
3.8086,0.84864
3.4746,0.87961
3.8308,0.84632
13.311,0.55934
14.867,0.52001
14.185,0.53892
14.722,0.52561
14.712,0.52381
14.131,0.53979
14.24,0.53556
13.713,0.55272
12.322,0.59116
12.478,0.58753
13.339,0.56179
1.3572,1.0668
13.443,0.56003
15.777,0.50135
15.954,0.49639
14.177,0.5372
12.624,0.58272
13.508,0.55808
4.505,0.79957
13.129,0.5657
4.7597,0.78465
13.012,0.56993
3.8439,0.85003
3.0042,0.92521
15.353,0.50361
14.592,0.52449
13.968,0.53932
13.351,0.55516
14.766,0.51714
12.383,0.58657
12.842,0.57189
12.957,0.56868
12.73,0.57231
14.008,0.53943
15.069,0.51926
13.116,0.5668
12.609,0.58645
11.573,0.61555
11.57,0.61604
11.908,0.60346
12.314,0.59107
12.042,0.59929
11.957,0.60116
13.243,0.56365
13.251,0.56378
13.28,0.56853
13.221,0.56618
15.602,0.50555
12.416,0.59229
13.748,0.55674
13.408,0.56353
14.562,0.53106
11.621,0.61192
14.053,0.54745
13.322,0.56524
13.408,0.56678
14.011,0.54545
13.074,0.57195
13.241,0.56278
12.373,0.59135
13.427,0.55953
14.326,0.53228
13.699,0.55317
13.875,0.54538
13.909,0.54626
13.32,0.55873
14.095,0.54162
14.601,0.5284
14.069,0.54085
14.025,0.54528
13.035,0.56671
14.173,0.53859
11.303,0.62112
14.735,0.52037
12.274,0.58798
13.596,0.55041
12.54,0.5832
11.394,0.61203
12.799,0.57515
13.9,0.54502
12.798,0.57744
12.983,0.57136
14.167,0.53895
15.096,0.5199
13.942,0.54384
13.861,0.5458
12.87,0.57004
12.864,0.57099
11.947,0.59738
13.261,0.55958
12.495,0.58176
12.801,0.57248
11.752,0.60222
13.746,0.54758
12.009,0.59662
11.74,0.60452
16.282,0.49011
13.442,0.56221
13.751,0.55378
13.073,0.57126
13.846,0.55057
11.529,0.61136
11.789,0.61077
11.634,0.61426
14.506,0.53482
14.596,0.52848
13.428,0.55992
13.57,0.55541
10.678,0.63522
12.326,0.58505
12.439,0.58053
13.14,0.55784
12.426,0.58617
14.713,0.51812
13.437,0.55324
14.907,0.51682
11.81,0.59734
14.785,0.51945
13.302,0.55606
13.192,0.56206
11.637,0.60653
14.295,0.53186
14.241,0.53328
13.376,0.55601
15.316,0.50878
13.597,0.5529
13.786,0.54981
12.562,0.58621
12.223,0.59203
3.7233,0.85538
11.475,0.6128
13.621,0.55071
12.961,0.56544
12.575,0.5772
13.53,0.55203
14.361,0.52843
14.122,0.53607
14.419,0.52811
13.45,0.55517
13.556,0.55076
12.307,0.58783
12.472,0.58143
14.214,0.54344
12.439,0.58459
14.294,0.53349
14.68,0.52282
14.597,0.52333
15.006,0.51462
14.007,0.53859
13.003,0.56719
14.029,0.53909
13.615,0.55136
14.152,0.53618
13.714,0.54793
14.983,0.51585
13.046,0.5685
12.525,0.5859
11.922,0.60413
14.353,0.52974
16.23,0.49068
12.749,0.57355
14.333,0.53648
14.677,0.52527
12.921,0.57206
13.557,0.56146
13.748,0.54873
13.625,0.5533
12.246,0.58813
14.341,0.52977
14.752,0.52421
13.599,0.55104
15.383,0.50779
13.404,0.55449
13.633,0.55399
14.196,0.53916
12.531,0.57838
4.5936,0.79402
13.82,0.54345
14.009,0.54158
12.896,0.56764
12.016,0.59469
11.778,0.5865
12.897,0.56788
11.734,0.60315
12.047,0.59354
12.956,0.56612
12.59,0.57703
14.275,0.53121
14.066,0.53422
13.776,0.54133
13.21,0.5561
12.256,0.58413
10.538,0.6215
16.342,0.49575
12.112,0.58859
12.724,0.57031
12.517,0.57516
12.459,0.57913
13.763,0.54551
13.829,0.54413
13.82,0.54209
14.006,0.53968
15.6,0.50149
15.08,0.51462
3.8662,0.84518
4.2227,0.82079
14.007,0.53416
13.419,0.55174
13.557,0.54856
13.221,0.5588
12.551,0.57738
12.962,0.56731
12.457,0.58185
13.222,0.56096
13.975,0.54008
13.867,0.54494
11.071,0.62117
12.014,0.59335
11.735,0.60402
11.22,0.62155
11.432,0.61036
12.164,0.59184
3.1283,0.91038
2.9041,0.93156
12.757,0.57047
13.376,0.55224
14.347,0.52628
11.735,0.60118
11.971,0.59479
12.893,0.57721
13.543,0.55819
11.953,0.59654
12.907,0.57413
12.188,0.58895
15.145,0.50987
12.028,0.59277
10.889,0.62564
11.621,0.601
12.423,0.57994
13.363,0.5505
11.871,0.59052
10.473,0.6024
12.271,0.58158
12.137,0.58527
12.134,0.5907
12.152,0.58786
14.093,0.53612
14.745,0.52303
13.497,0.55284
15.876,0.49189
11.263,0.61721
11.853,0.59819
1.5133,0.97309
12.245,0.58223
12.768,0.56895
14.511,0.52318
13.2,0.55821
14.379,0.52827
13.347,0.55458
13.165,0.56035
13.304,0.55898
13.6,0.55103
13.668,0.54822
14.538,0.52648
14.692,0.51429
14.986,0.51026
15.104,0.50818
14.812,0.51507
12.834,0.56592
13.848,0.54032
15.419,0.50041
15.578,0.49842
11.708,0.60431
14.44,0.52781
15.143,0.5083
14.869,0.51373
12.716,0.57173
14.331,0.53023
13.85,0.53896
3.7897,0.84791
11.646,0.60273
11.273,0.6133
11.575,0.6004
11.869,0.59516
11.826,0.59975
14.669,0.51731
14.347,0.53251
13.217,0.55829
13.521,0.55055
12.589,0.57823
11.492,0.61123
14.695,0.52222
14.022,0.54326
15.014,0.51872
14.133,0.53766
14.111,0.53336
14.662,0.52518
13.581,0.54696
14.601,0.52044
13.582,0.54811
4.4074,0.80469
12.871,0.56493
4.7051,0.78365
13.249,0.55411
13.752,0.54247
12.829,0.56721
13.786,0.54415
13.273,0.56288
14.586,0.52244
13.126,0.55891
11.116,0.60972
12.947,0.56409
13.173,0.56243
14.08,0.53631
13.771,0.53925
11.547,0.60991
12.247,0.59066
12.916,0.57051
12.746,0.57309
14.043,0.53842
14.335,0.53109
13.358,0.55487
13.523,0.54989
14.225,0.52913
12.617,0.57474
13.31,0.55326
12.676,0.57096
14.842,0.51351
14.242,0.52766
13.839,0.53993
14.305,0.5272
14.562,0.52124
12.544,0.57436
13.781,0.54199
14.639,0.52129
13.803,0.54372
13.019,0.56449
12.915,0.56677
13.617,0.54823
13.985,0.53859
14.67,0.51919
13.454,0.54785
13.981,0.53492
13.696,0.5412
12.918,0.56206
12.257,0.58199
13.077,0.55969
13.776,0.53975
5.1159,0.75878
12.539,0.56306
13.494,0.54896
14.248,0.53054
13.569,0.55241
11.703,0.57963
12.354,0.58265
12.853,0.56932
12.447,0.58045
14.256,0.52901
14.189,0.53303
13.799,0.54001
11.18,0.61904
13.639,0.55102
15.047,0.51444
11.117,0.61987
11.794,0.60324
11.883,0.59844
12.583,0.57448
11.68,0.60066
12.72,0.5695
12.557,0.57476
12.437,0.57683
13.805,0.541
11.825,0.59339
5.0729,0.77752
13.029,0.55926
14.169,0.5287
14.289,0.52593
16.497,0.47194
13.633,0.54124
14.515,0.52089
13.582,0.54121
13.85,0.53491
13.959,0.534
13.14,0.55644
13.306,0.55459
14.024,0.53665
15.173,0.50653
14.532,0.51936
13.622,0.54286
12.223,0.58292
12.278,0.58163
12.666,0.56948
11.95,0.58928
11.191,0.61585
11.587,0.59239
3.1336,0.90672
12.376,0.57765
10.517,0.62135
11.751,0.59733
10.2,0.63161
13.032,0.55958
13.841,0.53762
13.746,0.54026
14.149,0.52971
13.353,0.55078
14.303,0.5258
12.103,0.58426
11.992,0.58926
13.316,0.55072
13.576,0.53399
13.272,0.55316
13.811,0.53831
14.325,0.52564
14.441,0.52208
15.126,0.50375
14.392,0.5218
12.251,0.5819
14.886,0.50994
15.644,0.49129
14.45,0.52234
5.5413,0.73268
12.017,0.58883
14.844,0.51671
12.543,0.57504
12.761,0.56822
11.515,0.60558
13.754,0.54094
13.108,0.55819
14.747,0.51536
12.811,0.56456
12.53,0.57191
12.122,0.58255
13.838,0.52036
12.84,0.56541
12.514,0.5726
14.616,0.52005
14.304,0.52525
14.138,0.53294
14.702,0.52384
14.344,0.5309
13.343,0.55427
13.797,0.54399
12.978,0.56311
14.734,0.51375
11.044,0.61771
10.892,0.60701
11.638,0.58258
9.7598,0.64727
12.982,0.55992
12.466,0.58042
11.233,0.61247
15.81,0.48029
13.642,0.54078
14.218,0.52582
11.887,0.59103
13.88,0.53443
13.575,0.54441
13.581,0.54598
14.309,0.52512
14.32,0.52798
14.792,0.51513
12.182,0.58593
13.883,0.53832
12.483,0.57631
11.611,0.60251
13.679,0.5433
13.051,0.5597
12.104,0.58689
12.846,0.56797
13.212,0.55858
12.413,0.58188
14.01,0.53808
14.758,0.51862
13.372,0.55592
13.364,0.55594
11.987,0.59598
12.443,0.5815
12.512,0.57455
13.67,0.54577
13.611,0.54759
15.233,0.5129
13.669,0.54221
14.466,0.52212
15.649,0.49348
12.42,0.57854
11.902,0.59372
12.947,0.56305
12.715,0.5689
12.148,0.58633
12.323,0.58097
11.583,0.60074
14.575,0.5163
3.7472,0.84916
12.919,0.56239
13.387,0.55019
4.7335,0.78064
12.861,0.56436
13.297,0.55237
12.778,0.56637
12.799,0.56641
13.304,0.5523
4.0968,0.82476
12.476,0.57397
3.978,0.83492
12.696,0.56608
12.279,0.5684
11.44,0.60258
11.451,0.6027
13.524,0.5429
12.123,0.58485
12.255,0.57651
14.926,0.51074
13.828,0.53418
14.303,0.51424
12.95,0.56297
10.83,0.62644
11.395,0.59048
15.478,0.49327
15.707,0.49693
14.058,0.52913
14.539,0.51456
13.156,0.55202
12.774,0.56154
13.821,0.53068
13.267,0.54369
12.015,0.57735
13.524,0.53793
11.294,0.5988
14.894,0.48448
16.421,0.46442
13.628,0.53379
13.323,0.54164
14.642,0.50673
13.221,0.54811
13.058,0.54895
14.315,0.51324
13.316,0.5391
12.466,0.56279
12.682,0.55628
12.401,0.56188
12.136,0.55797
13.417,0.53307
13.292,0.52541
15.14,0.47576
14.399,0.50324
12.836,0.53328
12.514,0.548
12.015,0.55989
12.975,0.54871
13.224,0.54058
12.875,0.55079
11.912,0.57814
12.404,0.5608
1.6811,0.98067
0.78444,1.1913
11.912,0.57224
10.428,0.62642
11.533,0.58305
12.775,0.54419
11.185,0.59121
10.295,0.61911
12.161,0.56186
11.882,0.5696
11.562,0.56021
5.4432,0.72043
13.002,0.53325
14.04,0.50661
12.613,0.54007
12.572,0.544
12.078,0.55336
11.404,0.57348
13.304,0.50342
12.153,0.5518
14.186,0.49324
12.905,0.53027
10.522,0.58496
12.619,0.52747
14.166,0.48262
12.32,0.53944
14.367,0.47602
12.924,0.52577
12.197,0.54429
11.993,0.54985
12.002,0.54849
11.427,0.56421
12.537,0.51903
14.394,0.47869
11.716,0.54798
14.461,0.47545
13.915,0.48973
13.076,0.51231
0.85798,1.0906
13.786,0.48903
11.924,0.53443
13.816,0.48769
13.579,0.49312
13.363,0.49596
13.235,0.50027
13.181,0.50056
13.121,0.49912
13.691,0.48804
14.165,0.47722
15.05,0.45366
13.109,0.49634
12.381,0.51554
13.771,0.48139
15.427,0.44447
16.12,0.4342
11.005,0.54268
12.305,0.51612
11.838,0.52049
12.172,0.51624
16.927,0.42564
15.456,0.43747
13.979,0.47263
13.406,0.47867
14.641,0.45035
11.517,0.52132
12.688,0.49102
11.307,0.52887
11.927,0.51424
11.619,0.52279
10.055,0.56383
9.4115,0.56979
2.5649,0.89712
9.1571,0.5844
8.5349,0.60992
11.074,0.53326
7.8779,0.62899
7.8296,0.626
9.4195,0.58092
10.508,0.55606
9.7703,0.56552
6.656,0.67463
9.6016,0.57213
7.3937,0.64745
10.552,0.53989
10.509,0.53931
7.0484,0.64802
8.2269,0.61844
8.3454,0.60756
8.429,0.6061
8.1772,0.61379
7.5791,0.62498
7.748,0.62858
7.7065,0.62934
6.2197,0.68729
8.4925,0.59768
10.97,0.56307
13.126,0.5197
8.7585,0.62207
8.9546,0.61189
9.2096,0.60064
9.5464,0.58559
6.4082,0.68043
8.3729,0.62932
6.6545,0.65789
5.5125,0.72264
5.4474,0.72632
5.3676,0.72991
6.4499,0.66942
7.8644,0.60455
6.4473,0.66973
6.1895,0.68071
7.316,0.61948
5.5409,0.70725
6.5721,0.6579
7.0795,0.62669
5.357,0.71577
5.4573,0.70822
6.697,0.64845
4.8163,0.75373
5.8831,0.67616
7.509,0.61464
5.8038,0.68847
7.6667,0.61168
7.9308,0.59462
7.4122,0.61801
8.0996,0.58787
9.1228,0.54943
7.621,0.60747
7.99,0.58252
7.9444,0.57571
7.1564,0.60154
9.2853,0.5423
9.1884,0.54515
8.0423,0.58714
6.8634,0.63155
5.5462,0.69973
8.1783,0.5746
8.7358,0.55121
7.9195,0.58296
7.2442,0.60642
0.40561,1.2359
5.2126,0.69956
4.7596,0.7244
13.732,0.40073
15.995,0.35923
7.4119,0.59263
8.02,0.56475
4.3729,0.74551
9.1296,0.52797
7.3525,0.57349
11.803,0.4462
10.005,0.49744
6.9777,0.60079
7.3194,0.58481
9.8303,0.49539
7.558,0.56212
10.533,0.47302
8.4213,0.54002
8.3301,0.53863
9.4134,0.50581
7.5866,0.55277
9.8263,0.49237
8.4603,0.53473
7.1483,0.57826
6.2436,0.60865
5.2268,0.65671
5.5295,0.64735
7.1971,0.59255
5.6308,0.63785
7.0805,0.56742
5.0499,0.66515
4.7113,0.68193
5.6035,0.63364
7.3376,0.55386
7.2188,0.56022
9.1456,0.50944
9.1128,0.51096
8.5127,0.52251
10.952,0.44831
7.0462,0.55842
4.7132,0.67326
4.8901,0.66371
7.1152,0.55669
8.1783,0.51518
5.8239,0.61512
11.262,0.44296
13.404,0.39001
14.269,0.36986
11.232,0.43756
7.5763,0.5468
9.3726,0.48699
5.0723,0.64263
6.5327,0.57038
8.8524,0.50287
3.1416,0.78205
3.7281,0.73093
7.4311,0.53324
10.296,0.45915
4.4838,0.67704
4.5246,0.67161
9.4551,0.47667
12.49,0.4017
9.937,0.4669
8.3775,0.51564
5.8956,0.59666
5.8895,0.59015
9.8376,0.46214
8.7419,0.49647
8.574,0.50109
0.24211,1.263
11.255,0.44043
10.777,0.43208
7.6556,0.53579
7.8531,0.5537
12.332,0.39447
10.247,0.44888
8.0467,0.52166
9.7882,0.46481
10.938,0.42767
9.1004,0.47838
7.6412,0.5313
8.3439,0.50599
10.14,0.4445
10.191,0.43914
9.2287,0.47084
7.3196,0.53736
9.9452,0.45229
12.463,0.3882
9.82,0.45046
7.538,0.52969
9.6473,0.45861
11.952,0.39172
10.617,0.42527
7.3819,0.5318
6.9511,0.55581
13.171,0.36726
8.3056,0.491
6.4669,0.5613
3.4553,0.72389
4.8532,0.62294
8.8625,0.46943
4.3902,0.65978
6.6578,0.55516
4.1536,0.66489
4.7371,0.62849
6.5659,0.55573
4.9872,0.64407
10.883,0.42142
11.981,0.38579
7.5992,0.51228
3.2024,0.74217
6.3888,0.55275
10.403,0.42385
6.8347,0.54567
5.9634,0.58207
7.8811,0.5048
6.7429,0.53597
5.3406,0.59613
0.07214,1.5249
7.8562,0.49946
7.116,0.52156
3.3568,0.71068
5.2115,0.60521
3.0315,0.74597
3.584,0.69737
6.1706,0.56646
6.9201,0.53101
4.9754,0.61809
5.7366,0.58433
5.7814,0.58448
6.0246,0.56413
6.7779,0.53155
6.1513,0.55616
5.9425,0.55965
5.6519,0.58065
3.9575,0.65469
7.0144,0.51179
0.10391,1.4194
5.2621,0.5971
7.4829,0.49926
7.3058,0.50414
6.3388,0.54622
5.1855,0.60487
7.7672,0.48614
6.2223,0.54137
6.1753,0.54784
6.346,0.53271
7.4777,0.48941
9.2563,0.43485
7.0815,0.50201
8.4976,0.45338
7.1686,0.5018
7.072,0.50319
5.5638,0.56103
8.1433,0.46127
0.090193,1.4428
2.9921,0.72139
7.2125,0.49286
8.3531,0.45226
6.1225,0.54281
2.3565,0.79015
8.6559,0.43806
7.8091,0.47103
6.7197,0.52239
6.5099,0.51801
7.6422,0.46267
2.9066,0.72839
2.5073,0.76864
9.3295,0.41081
8.8941,0.42052
3.4162,0.67964
5.0074,0.5868
8.2311,0.4502
8.5943,0.42891
2.7782,0.73457
2.6336,0.74377
9.3719,0.40406
5.2205,0.57549
5.4806,0.56464
8.1637,0.46091
4.8704,0.55477
2.9406,0.7182
2.4481,0.76836
3.4006,0.655
11.557,0.34796
5.3426,0.55835
4.6662,0.59899
7.8452,0.44617
11.829,0.33162
4.7947,0.58092
4.528,0.59822
11.462,0.3403
10.249,0.37287
6.168,0.52024
5.2642,0.55881
10.533,0.36213
7.0877,0.47099
4.0092,0.63131
5.3707,0.54675
10.289,0.35916
5.0535,0.55806
3.9191,0.62886
4.9424,0.55892
10.328,0.36066
6.64,0.48413
5.2106,0.55408
8.7822,0.40862
9.5844,0.38016
5.317,0.54475
5.4278,0.54154
10.449,0.35379
7.1877,0.45611
5.1861,0.54652
5.9646,0.50998
10.559,0.34882
5.3511,0.54423
6.3316,0.5242
7.9139,0.4319
9.9164,0.36432
5.0612,0.55121
5.3322,0.53671
6.2795,0.49522
5.173,0.54236
6.4442,0.49069
5.979,0.5023
7.4533,0.44219
4.8575,0.56228
5.9738,0.50511
4.8989,0.55296
4.6353,0.56683
5.0157,0.5534
5.9568,0.50783
9.0472,0.39715
3.6986,0.63017
5.814,0.51554
5.7736,0.50984
7.4852,0.44871
5.6306,0.52574
5.74,0.51707
6.1644,0.4988
6.2075,0.49681
5.5282,0.5238
5.873,0.50309
4.7206,0.56251
6.906,0.46666
8.0982,0.42038
9.5535,0.37224
5.9029,0.50058
6.051,0.49594
5.1582,0.53398
7.2127,0.44553
4.4823,0.57872
5.4904,0.52515
6.107,0.49232
5.6798,0.51233
5.2891,0.53604
6.7601,0.46603
7.157,0.44878
4.8535,0.55398
6.3354,0.48166
6.9426,0.45737
5.1122,0.54149
4.7794,0.55532
5.657,0.50943
6.6561,0.46284
4.8909,0.55243
5.9459,0.49684
7.3338,0.43553
5.8898,0.5016
5.2659,0.53663
7.9784,0.41881
8.8333,0.38839
5.8285,0.50506
6.5407,0.47284
9.8301,0.35462
9.489,0.36314
5.7658,0.50375
8.8337,0.38966
9.312,0.37076
0.097682,1.3737
4.4166,0.5718
5.9566,0.49144
7.7658,0.41637
5.5061,0.526
6.9379,0.45475
7.8614,0.42095
7.436,0.43504
7.6362,0.42862
5.7834,0.49818
7.8948,0.41628
5.9111,0.49079
6.191,0.47751
5.4456,0.51062
6.2595,0.4769
4.8986,0.53833
4.9936,0.53023
5.1902,0.51991
5.5092,0.50431
5.2096,0.51961
4.7204,0.54632
8.2879,0.39502
7.7836,0.40807
3.9751,0.59096
4.854,0.53967
7.182,0.43405
6.1794,0.47659
5.5806,0.50707
7.3392,0.4297
9.2485,0.37044
6.8867,0.45187
7.9916,0.41003
7.8622,0.41115
8.3797,0.38978
6.5244,0.46335
5.7696,0.4926
13.217,0.27083
6.5391,0.45872
5.7053,0.49721
6.5515,0.4526
8.6673,0.37566
6.9359,0.43936
6.9373,0.44664
8.2661,0.39373
9.4867,0.35517
5.9189,0.48753
7.3153,0.43359
9.6588,0.35644
59.855,-0.18958
6.906,0.44753
8.0461,0.40409
7.4494,0.41591
8.1784,0.39869
7.0855,0.43818
7.992,0.40278
7.9118,0.40112
0.12582,1.3104
5.3388,0.51073
6.9574,0.43829
6.1355,0.47209
6.0543,0.47887
6.457,0.46467
6.4187,0.46244
6.7795,0.45177
6.6994,0.45516
8.1028,0.40209
7.3043,0.43026
6.395,0.46407
8.0389,0.39972
8.3635,0.38667
7.7223,0.4078
7.7592,0.40698
5.3943,0.50425
5.4523,0.50758
5.6048,0.50385
5.4046,0.50721
5.8325,0.48139
5.8365,0.4809
6.3407,0.45877
5.8843,0.4811
5.1012,0.52732
6.1787,0.46566
6.1111,0.46718
5.9235,0.47958
6.6079,0.45062
7.5483,0.41673
7.1238,0.43603
6.9146,0.43927
7.3879,0.42136
6.2786,0.46499
7.1225,0.42998
6.6298,0.44405
4.7046,0.536
5.9238,0.47406
7.2056,0.42579
7.461,0.4164
6.9974,0.43663
7.5992,0.41226
3.696,0.59016
5.3765,0.50819
6.3336,0.46174
7.0888,0.43089
7.1508,0.42722
6.0175,0.47732
7.4326,0.41426
6.7275,0.44288
5.8982,0.47913
6.424,0.45535
5.4359,0.49688
7.9081,0.40108
6.3789,0.45783
5.3679,0.49915
8.2758,0.38486
3.6825,0.5905
3.4948,0.60721
9.2788,0.3617
3.4324,0.60104
6.6691,0.44464
6.7295,0.44169
7.0886,0.42649
7.2888,0.41856
7.8867,0.40058
8.3834,0.38618
8.4127,0.38815
7.6433,0.4147
10.386,0.32578
10.14,0.33009
6.4117,0.45427
9.5244,0.34831
10.809,0.31112
6.8064,0.43547
0.18746,1.1996
8.7741,0.36638
8.3117,0.3801
5.9868,0.47338
8.3237,0.3865
52.818,-0.15132
9.0457,0.3594
5.6918,0.48374
9.1479,0.3609
11.696,0.28546
8.8004,0.36413
6.7813,0.43445
3.0945,0.6294
8.2075,0.38103
8.3164,0.38065
7.9981,0.39347
8.4979,0.37241
9.6368,0.33812
7.2429,0.42003
6.6286,0.44209
8.6461,0.36901
7.6943,0.39478
3.8015,0.57697
4.2363,0.55058
8.8824,0.36256
6.6964,0.43609
7.1041,0.4257
8.6776,0.36982
7.317,0.41343
7.318,0.41558
7.5801,0.40587
8.1269,0.3832
7.0539,0.4235
6.3274,0.45328
7.6395,0.40184
6.8556,0.43009
6.4618,0.4479
7.5803,0.40433
7.6508,0.403
6.3474,0.45286
7.6048,0.40164
8.4611,0.3715
7.7508,0.39364
6.1646,0.45989
8.2331,0.37775
11.017,0.30522
6.901,0.42532
7.7296,0.3963
9.5814,0.33802
7.6444,0.39642
5.1637,0.50673
8.3607,0.37696
9.1686,0.34698
7.0419,0.42542
7.295,0.41492
12.2,0.2697
4.565,0.50946
7.431,0.40802
6.6598,0.43683
55.291,-0.16915
10.234,0.31897
6.6612,0.43432
7.1957,0.41402
10.399,0.30958
8.1934,0.37646
6.8438,0.42739
8.1988,0.37901
9.5711,0.33297
7.6106,0.3978
6.4423,0.44525
8.5675,0.36849
8.2067,0.37882
7.0474,0.42267
7.4816,0.4101
8.5608,0.37086
3.8149,0.57227
7.1172,0.41955
9.0115,0.35229
5.4759,0.47827
7.9162,0.39078
4.5804,0.52374
8.903,0.35527
6.9134,0.42696
8.127,0.37997
8.8766,0.35886
5.2239,0.49025
9.0972,0.35212
7.2697,0.4082
9.752,0.33272
7.9422,0.39077
0.24272,1.135
8.889,0.35797
8.9982,0.353
7.2868,0.41124
7.8206,0.39329
7.1127,0.41487
7.7408,0.39519
5.1209,0.49788
7.0785,0.41467
6.267,0.44788
6.2022,0.45133
5.5618,0.47422
6.138,0.45254
69.362,-0.24405
7.1037,0.4118
7.8489,0.3882
6.4093,0.44166
6.4515,0.4373
7.8463,0.38584
7.4085,0.40244
6.8562,0.42693
8.4353,0.36978
7.4441,0.40863
7.1805,0.41626
8.6187,0.36732
10.989,0.29624
6.8427,0.42698
7.3479,0.40955
9.9718,0.32421
11.107,0.29158
8.2849,0.37624
7.3599,0.4085
8.5875,0.36602
9.3909,0.33812
8.9656,0.35342
7.7764,0.39386
11.209,0.29077
9.1837,0.34274
5.8793,0.46608
7.2755,0.41076
9.6463,0.33033
8.3241,0.36571
5.0617,0.51111
5.962,0.48572
10.321,0.31417
5.8737,0.46046
7.7756,0.39266
10.219,0.3158
8.2012,0.37038
5.6891,0.47176
6.1869,0.44949
7.6679,0.39082
7.9949,0.38174
6.1329,0.45105
66.871,-0.23346
7.4344,0.3916
10.729,0.30498
8.273,0.37475
5.1129,0.49383
11.589,0.28181
11.314,0.28797
7.3166,0.40611
8.9528,0.35081
11.191,0.28817
9.7072,0.32696
62.087,-0.21877
6.6296,0.42832
10.911,0.29799
10.142,0.32199
7.8092,0.39315
9.2715,0.34483
9.7857,0.32818
7.4449,0.4014
9.4769,0.33843
7.6865,0.38591
7.1232,0.41508
9.3908,0.33938
9.2912,0.3434
9.1455,0.34466
5.0306,0.50108
8.4714,0.36748
3.8425,0.56469
7.2765,0.40523
8.4586,0.36526
9.212,0.34006
7.024,0.41419
6.3822,0.43843
11.513,0.27777
9.3299,0.33679
6.8224,0.42134
7.4823,0.39469
11.407,0.28498
9.9072,0.31979
7.79,0.3906
8.8484,0.35646
7.3849,0.39585
8.4201,0.36809
8.7054,0.36092
10.1,0.31839
8.4869,0.36334
8.8335,0.35472
9.3385,0.34039
8.7596,0.35734
6.999,0.41483
6.8507,0.42076
7.5944,0.39482
7.7389,0.38757
7.3006,0.40343
5.8846,0.45606
9.2439,0.34144
8.4043,0.36556
7.9608,0.37982
5.993,0.45305
6.6471,0.42442
9.1044,0.34656
7.4222,0.40193
5.3476,0.48447
11.433,0.28677
8.1575,0.37673
8.2498,0.37193
7.734,0.38812
7.6688,0.39268
4.5622,0.5213
8.39,0.37004
7.0177,0.41099
62.862,-0.22283
7.8658,0.38564
3.8277,0.55625
8.1496,0.37383
7.778,0.38533
7.9424,0.38129
8.0352,0.37814
7.2366,0.40708
7.9814,0.38121
8.1588,0.37433
7.384,0.40264
9.1463,0.34441
9.5648,0.3278
5.6269,0.45712
5.8746,0.48017
9.5753,0.32663
9.9571,0.31724
7.6124,0.39119
8.142,0.37458
6.8667,0.40989
6.5479,0.41984
4.4711,0.52766
9.9217,0.32222
5.7883,0.45324
8.5909,0.35776
9.6513,0.32864
5.5492,0.45949
8.6684,0.35293
8.1575,0.3698
5.7024,0.45399
9.1008,0.34388
7.8501,0.38348
5.1698,0.48852
8.4616,0.36396
8.1444,0.37511
9.0174,0.34341
9.4846,0.32824
8.8264,0.35178
8.7874,0.35618
9.0258,0.33933
7.5806,0.39052
8.3567,0.36906
8.9097,0.34573
7.3709,0.39584
8.8998,0.34956
56.314,-0.19304
7.9765,0.37559
6.5922,0.43053
7.9469,0.37916
7.0145,0.40505
8.6685,0.3572
7.9131,0.38421
7.7171,0.3929
9.1659,0.33871
6.9137,0.41622
7.8664,0.38243
9.5333,0.33092
8.3762,0.3673
7.4973,0.39473
9.058,0.34222
63.365,-0.21852
7.5758,0.39053
8.9413,0.34135
10.747,0.29334
8.0364,0.3703
6.1626,0.4601
9.8768,0.31423
6.2397,0.44026
6.2086,0.44311
8.6563,0.35695
9.1722,0.34141
8.9151,0.34903
8.025,0.37849
8.5329,0.35657
9.1948,0.34028
5.1077,0.49519
6.869,0.4109
9.3771,0.33198
5.1485,0.48858
10.736,0.29494
9.8938,0.31517
9.7864,0.31852
5.9357,0.44735
6.9522,0.40816
8.292,0.36716
9.119,0.33996
6.3038,0.43398
5.3402,0.48122
6.1826,0.44245
6.4368,0.4338
7.9588,0.37707
6.1433,0.44333
7.0565,0.40714
5.2572,0.47325
7.2829,0.39921
5.8243,0.45331
5.1776,0.48044
7.6629,0.38418
8.0761,0.37353
9.0015,0.34568
8.4929,0.35891
8.3655,0.36471
8.6237,0.35715
6.1292,0.43917
9.9422,0.31338
8.7221,0.35041
9.8291,0.31666
9.51,0.32429
7.8931,0.378
8.9474,0.34271
10.437,0.30164
10.346,0.30473
8.5516,0.35813
9.4727,0.33215
10.044,0.31543
8.4322,0.36254
8.7583,0.35064
7.3096,0.39458
6.9408,0.40863
6.8499,0.41193
6.979,0.40984
6.7842,0.41763
8.0198,0.3726
9.7551,0.31842
9.7431,0.32011
8.3758,0.35808
9.5415,0.32732
8.974,0.34519
8.1712,0.36769
8.6776,0.35143
3.7344,0.55754
8.6833,0.3528
6.1358,0.43715
9.7491,0.3206
8.9414,0.34374
4.8678,0.49928
6.8405,0.41041
9.7901,0.31914
8.2871,0.36787
7.8213,0.38067
7.3072,0.39775
9.0061,0.3422
6.6281,0.41671
7.0142,0.39954
8.7026,0.34796
7.0104,0.39974
9.631,0.32416
10.868,0.29035
8.0865,0.36808
9.4162,0.33116
7.6434,0.38605
7.5023,0.39078
7.7715,0.37976
9.1527,0.33594
72.184,-0.25565
7.7295,0.38052
8.8439,0.34111
8.9862,0.33598
5.657,0.45998
9.4411,0.32599
7.1821,0.39327
5.9834,0.4443
5.5581,0.46555
6.9988,0.40173
0.25789,1.107
5.3339,0.47828
7.8743,0.37474
6.7572,0.41047
5.8875,0.44817
6.9327,0.40114
7.9056,0.37366
7.3055,0.39624
3.3853,0.58564
4.0762,0.53508
4.464,0.51211
4.1613,0.52734
4.7796,0.49114
8.8522,0.33886
4.2972,0.51811
7.4632,0.38847
7.9742,0.37128
4.222,0.52751
8.2571,0.36447
6.894,0.40964
9.6739,0.3213
9.5565,0.32647
9.1588,0.33238
9.0066,0.33695
7.8729,0.37557
8.0799,0.3694
5.0026,0.48573
3.6584,0.57266
3.228,0.60149
10.366,0.3036
6.7013,0.42973
5.5217,0.46491
7.568,0.38421
9.6502,0.32072
5.7931,0.4493
8.3269,0.35998
6.3927,0.42319
8.8292,0.34703
6.541,0.41858
6.411,0.42459
6.1221,0.43722
5.9709,0.44373
4.8307,0.49906
4.6454,0.50863
7.5954,0.38457
8.6036,0.35151
7.6516,0.38294
7.7032,0.38357
3.406,0.57804
7.963,0.37035
3.0189,0.61794
7.0184,0.40517
7.6408,0.3802
7.3137,0.39075
9.2773,0.33141
5.6166,0.45648
9.6092,0.31844
8.5275,0.34712
8.3895,0.35423
7.4401,0.38734
7.3295,0.39165
8.7986,0.34694
6.3893,0.42629
7.7281,0.38062
7.9995,0.371
7.5593,0.38706
6.2112,0.43849
6.2185,0.43714
7.6593,0.37712
5.3343,0.47299
3.0534,0.61029
7.1317,0.39705
5.2593,0.48359
3.9622,0.54872
4.6863,0.52096
11.489,0.27124
6.2057,0.42999
5.2994,0.48426
5.9836,0.44258
9.3266,0.32977
8.9574,0.3359
7.7701,0.37464
7.2053,0.39378
8.3834,0.35583
3.5688,0.56642
5.5383,0.4656
7.6977,0.38029
8.4884,0.35171
11.856,0.26613
64.816,-0.23943
6.389,0.44024
6.8139,0.42056
6.4276,0.44456
7.2819,0.39527
7.0486,0.401
7.1656,0.41073
6.2447,0.45537
7.2756,0.38996
8.2183,0.35855
6.5818,0.43571
8.0173,0.36623
8.0026,0.3647
8.0749,0.36532
8.9127,0.34045
8.3937,0.35761
6.5349,0.4181
6.2718,0.43166
3.3069,0.58359
10.373,0.29857
8.3055,0.3554
6.7479,0.41541
7.08,0.39815
9.5673,0.32036
7.5295,0.38439
5.7565,0.45327
8.2706,0.35848
6.2165,0.43133
8.3218,0.35879
8.1386,0.36514
3.5219,0.57164
6.6424,0.40997
5.6302,0.45699
6.4564,0.42078
9.1825,0.33162
6.5916,0.41565
6.4526,0.42193
6.468,0.42364
6.3974,0.42822
7.6842,0.37869
8.3445,0.35627
7.3102,0.39155
7.3843,0.39071
4.5107,0.5053
4.921,0.49109
8.1915,0.35845
9.9581,0.3053
8.6112,0.34542
6.0356,0.43923
5.6602,0.47098
0.26475,1.0986
3.4789,0.57229
7.291,0.39294
8.4823,0.35048
6.9215,0.39847
8.2074,0.36033
9.0103,0.33422
8.909,0.33608
8.5633,0.34918
8.9417,0.33871
6.4218,0.4398
6.4306,0.42089
5.9462,0.44092
8.8583,0.3425
6.8897,0.40519
7.4736,0.38869
7.0941,0.39489
9.0871,0.33408
6.3846,0.42298
6.3758,0.42428
10.022,0.30518
9.6541,0.31458
7.7682,0.37584
7.2407,0.39145
6.9757,0.39759
5.5911,0.45657
9.3648,0.3256
6.7173,0.40679
7.9692,0.36467
3.4067,0.57481
3.4511,0.56878
3.4033,0.57675
9.4384,0.3226
9.8468,0.31417
3.3548,0.58028
6.9084,0.40936
8.4779,0.35195
7.7231,0.37616
6.0957,0.43011
9.0498,0.33426
59.835,-0.21551
9.3085,0.32351
8.7388,0.34067
6.5463,0.41956
7.9196,0.36398
7.8971,0.36625
8.4395,0.35421
6.0695,0.45465
6.732,0.42173
6.601,0.43389
6.519,0.43662
6.5562,0.43307
5.8452,0.4415
7.0568,0.41143
6.4736,0.43684
6.5579,0.41692
6.1439,0.45535
7.7059,0.3733
6.4185,0.42029
6.2304,0.43033
8.123,0.35958
7.5954,0.37653
7.2865,0.38843
7.5625,0.37992
7.2976,0.38611
8.1881,0.3616
7.9138,0.37051
4.6451,0.50306
6.5041,0.41885
7.6753,0.37716
7.8298,0.37102
8.2229,0.35887
6.3527,0.42438
8.6976,0.34503
8.2575,0.35809
8.9024,0.33917
9.2347,0.32655
9.8664,0.30875
7.6561,0.37827
9.8389,0.30836
7.8376,0.36886
8.282,0.35812
7.9851,0.36245
6.1151,0.44913
8.085,0.3618
7.4867,0.38106
7.6089,0.37584
7.3726,0.38589
8.7808,0.33886
6.1971,0.43126
7.1735,0.38986
7.9921,0.36577
8.4724,0.34687
7.7893,0.36697
9.3812,0.32264
5.0589,0.47809
7.9397,0.36389
4.5693,0.50369
6.8157,0.40484
7.2221,0.38961
6.3852,0.43802
6.4686,0.43357
10.952,0.27992
10.106,0.30096
6.1995,0.4454
8.5503,0.34288
6.5573,0.40758
5.7822,0.44895
5.2966,0.46536
8.86,0.33678
5.706,0.46519
9.224,0.32479
10.528,0.28768
8.6488,0.34504
4.0525,0.53081
9.9128,0.30846
5.9453,0.43742
3.8899,0.53624
4.2937,0.51072
7.1278,0.39056
6.6068,0.4091
7.6931,0.37518
4.7221,0.49776
6.9346,0.40212
8.5489,0.34709
6.8172,0.40479
5.1623,0.47114
53.161,-0.19235
8.2078,0.35353
10.229,0.29837
7.9563,0.36317
7.6232,0.37415
7.7852,0.36783
9.0527,0.32791
7.6726,0.37152
8.4421,0.34376
8.7648,0.33912
7.6037,0.37163
9.009,0.32657
5.6527,0.44426
6.3533,0.41514
6.9319,0.39049
5.7529,0.44339
8.0805,0.355
6.5247,0.40857
8.2295,0.34766
74.77,-0.2581
9.2576,0.31637
8.7414,0.3302
8.6616,0.3332
8.7719,0.33459
7.734,0.36189
7.1931,0.38642
8.3008,0.34448
8.1763,0.35044
7.1542,0.38413
7.2166,0.38371
6.7526,0.39472
6.1883,0.42074
5.2637,0.45918
0.44286,0.9727
8.321,0.34722
6.9725,0.39068
6.933,0.3924
7.8903,0.36215
7.1596,0.38339
8.2596,0.34637
6.4118,0.41541
6.1885,0.43222
6.0402,0.43744
6.6208,0.40275
70.92,-0.2653
6.0394,0.44036
3.5163,0.55566
3.5501,0.54921
6.9273,0.39354
3.7185,0.53893
3.6291,0.5458
7.2725,0.37854
6.7168,0.40037
6.9891,0.38893
7.5409,0.36799
7.419,0.36856
7.6429,0.36154
7.4137,0.37197
7.9744,0.35085
7.8186,0.35491
8.5825,0.32885
7.4201,0.36801
6.3795,0.42002
8.2957,0.33775
6.3984,0.40158
7.0579,0.38556
7.2102,0.37773
5.3886,0.44962
7.5406,0.36559
7.2884,0.37039
7.8661,0.34448
6.8592,0.37774
5.7389,0.42561
3.8049,0.51921
7.4649,0.36149
6.7968,0.3867
6.375,0.41469
8.4166,0.32884
7.5739,0.36133
4.8952,0.46551
4.8698,0.46583
62.197,-0.21734
8.099,0.34262
6.2664,0.41739
60.06,-0.23431
8.3468,0.32934
7.9882,0.34166
7.415,0.36228
6.5931,0.38982
6.8175,0.37825
6.9399,0.37644
7.4046,0.35429
6.8154,0.37691
9.2878,0.30108
6.1919,0.40288
7.3855,0.35774
8.8303,0.32008
9.1812,0.30833
5.8351,0.42056
7.7722,0.34798
8.0572,0.33377
9.7919,0.28125
5.5322,0.45175
8.1072,0.33348
8.9179,0.30582
7.5311,0.35046
4.7679,0.46814
8.5411,0.31332
5.7777,0.43741
6.2783,0.40614
6.1773,0.40804
5.9325,0.40538
5.5723,0.41527
8.3509,0.31709
8.3374,0.31687
5.8327,0.42683
8.1788,0.32236
8.7551,0.31081
6.6208,0.38347
5.5568,0.42101
6.5844,0.38621
7.2574,0.35274
9.7153,0.27364
7.0364,0.36246
8.9198,0.29779
9.1628,0.28798
7.8427,0.33118
8.0906,0.3184
11.377,0.2275
9.5335,0.27866
8.2309,0.31347
10.902,0.24109
8.4906,0.30982
8.881,0.29525
8.8985,0.29341
9.5621,0.27933
6.5705,0.38329
6.7127,0.37262
6.5038,0.38464
6.7076,0.3731
6.4153,0.38591
8.2039,0.31257
70.546,-0.28471
8.3996,0.30406
7.7225,0.3307
8.3137,0.31164
7.2838,0.34231
7.16,0.35033
6.8409,0.35982
5.7944,0.40801
10.972,0.23661
8.8224,0.29604
7.5302,0.33591
10.378,0.24719
7.2314,0.33643
5.6969,0.40194
7.0555,0.3457
10.754,0.23716
8.778,0.29312
8.2377,0.3146
9.007,0.28434
6.944,0.35199
8.0275,0.31463
5.7887,0.4082
8.8476,0.28351
8.8498,0.28358
5.7412,0.41227
6.1802,0.38478
6.1208,0.39248
6.2581,0.38362
5.9434,0.40001
7.1415,0.34719
6.0255,0.38588
5.4526,0.41193
6.974,0.34223
5.817,0.39646
6.277,0.37544
8.5752,0.29149
5.8251,0.40627
7.8338,0.31424
8.8116,0.28724
7.4526,0.33009
6.869,0.34816
67.972,-0.27407
6.3303,0.36902
10.393,0.23474
6.0757,0.38066
7.8186,0.31638
5.6677,0.4063
5.9914,0.39167
6.4352,0.36554
6.0947,0.38507
6.0293,0.38682
9.2198,0.2713
6.2284,0.36477
6.2512,0.35955
5.8353,0.38718
10.177,0.24187
11.138,0.21492
8.738,0.27831
5.5048,0.3998
5.9976,0.38157
9.4851,0.25888
8.3187,0.29205
10.071,0.24182
10.574,0.22489
5.1259,0.42123
7.7097,0.31235
8.254,0.29121
6.4662,0.35668
7.3256,0.32606
9.4903,0.25206
7.4763,0.31907
8.6771,0.27916
9.1833,0.26189
8.0578,0.30216
9.7823,0.24557
9.1817,0.26481
7.5086,0.31471
7.164,0.32229
4.0943,0.46777
5.8085,0.37368
5.2899,0.39977
5.877,0.36576
9.25,0.26132
7.2371,0.32003
5.9173,0.3664
9.6602,0.24302
10.539,0.21854
8.3777,0.28574
9.6499,0.24854
8.7719,0.27824
10.791,0.21208
5.6797,0.3912
10.427,0.22013
9.2804,0.24996
4.2136,0.4788
10.966,0.20676
7.9647,0.29505
7.4205,0.31619
5.4904,0.38744
5.2972,0.39846
6.9571,0.33072
6.8703,0.32524
5.278,0.39134
8.5742,0.26601
10.213,0.22058
8.8543,0.26139
7.2226,0.31775
8.5804,0.26888
7.9804,0.28608
9.357,0.24078
8.9108,0.25793
8.689,0.2595
7.774,0.29528
5.5728,0.37514
8.3879,0.27793
7.9569,0.28737
9.2482,0.24822
9.4937,0.23693
9.4976,0.23382
8.6279,0.26044
8.4047,0.26657
9.11,0.24904
8.521,0.26478
8.8027,0.25612
8.5181,0.27307
9.0956,0.24865
8.8834,0.25906
5.9825,0.36395
9.3745,0.2355
9.771,0.22876
3.0653,0.5073
2.8183,0.53149
2.7881,0.53353
9.405,0.23348
8.0454,0.27705
9.0211,0.24939
8.3529,0.27298
8.1852,0.28056
10.009,0.227
8.0483,0.28285
9.5819,0.23019
9.4618,0.22786
9.4457,0.22999
10.115,0.21118
10.044,0.2128
7.6765,0.29327
6.1904,0.37638
5.031,0.43821
0.62704,0.97535
3.5986,0.54998
3.9928,0.5032
3.8524,0.50892
2.4129,0.6282
4.7053,0.44294
3.8368,0.51803
5.1052,0.44431
5.2685,0.43349
4.5437,0.48348
3.8057,0.53345
4.6605,0.46204
2.753,0.5951
4.4011,0.47811
3.8126,0.51085
4.3306,0.48139
3.8594,0.51506
4.2726,0.48582
5.5656,0.39587
4.9474,0.42885
4.2314,0.47874
4.1823,0.47876
5.3588,0.40483
4.4217,0.47513
5.1382,0.43109
5.6388,0.40274
1.0629,0.85199
3.118,0.59028
2.4659,0.6297
3.6185,0.51761
1.9991,0.66756
1.9315,0.67898
3.8051,0.50179
3.6137,0.51797
3.5047,0.52533
5.1605,0.4077
5.6811,0.37566
4.6752,0.4358
5.2607,0.39881
4.793,0.4336
2.7141,0.59769
2.7254,0.59724
3.4135,0.5232
3.7529,0.49451
4.508,0.43468
6.8765,0.29372
5.2547,0.38881
4.227,0.46849
5.0077,0.41525
4.7557,0.42582
3.8492,0.4802
4.6808,0.43477
3.5977,0.51667
5.3043,0.39178
4.286,0.45274
3.47,0.52113
3.8367,0.48572
5.7768,0.35538
4.3076,0.44614
3.7019,0.50407
4.3373,0.44935
7.0162,0.29411
3.7422,0.48682
4.278,0.45712
3.9636,0.48379
3.6615,0.50227
3.5174,0.51405
5.0061,0.39908
5.2082,0.38426
4.2437,0.45016
4.0539,0.46632
5.0412,0.39638
3.159,0.54005
3.9956,0.47908
4.8051,0.41763
4.8503,0.41787
4.2644,0.45682
4.3125,0.45486
53.162,-0.31318
5.2035,0.38603
5.0561,0.39963
5.5939,0.37082
4.7898,0.41963
5.084,0.39827
2.6483,0.57501
4.6592,0.42794
0.81663,0.86237
4.306,0.45273
3.231,0.53997
4.9696,0.41132
5.6376,0.35527
4.4216,0.43546
5.362,0.37557
5.8578,0.35366
5.0555,0.40303
3.874,0.47692
4.9101,0.40631
4.5875,0.42503
4.7918,0.41904
3.9352,0.47785
5.1947,0.38978
5.3843,0.37405
1.8735,0.66396
5.4075,0.38352
6.0595,0.34306
5.623,0.36235
6.1774,0.3289
4.4424,0.43826
4.7041,0.42453
5.0746,0.39588
4.6507,0.41503
4.6701,0.42108
3.3106,0.52443
4.8177,0.41926
4.1072,0.46161
4.9076,0.40543
4.4292,0.43031
4.3104,0.44024
6.7212,0.31282
6.119,0.33479
5.5355,0.36795
4.4846,0.42968
4.6014,0.42162
4.4938,0.43374
4.1181,0.4551
4.7952,0.40854
4.1339,0.45597
4.2128,0.45584
3.6817,0.49615
4.1831,0.45962
3.7395,0.49757
5.121,0.39077
4.8903,0.40657
3.9361,0.47583
4.8657,0.41525
3.991,0.47349
4.5674,0.4307
4.1596,0.4586
4.6499,0.4281
4.44,0.44101
3.9406,0.47367
5.4541,0.37087
4.7658,0.41885
4.0916,0.46712
4.3304,0.44901
4.7254,0.4234
4.9717,0.40737
1.7114,0.68497
5.6423,0.37052
4.9422,0.40599
6.5645,0.30666
6.554,0.30479
4.9703,0.3902
4.6904,0.41649
4.8341,0.41749
2.9944,0.56134
3.9244,0.47766
4.9081,0.41378
3.7462,0.49875
4.8246,0.40578
4.4076,0.43653
4.0905,0.46573
3.4153,0.51805
4.8834,0.4029
4.1716,0.45549
3.5712,0.50245
4.4138,0.43515
1.5791,0.7039
3.5481,0.5041
3.5937,0.49951
3.9692,0.46558
4.8784,0.40782
4.4895,0.42156
5.017,0.38819
4.2243,0.44755
4.1133,0.46071
5.4321,0.37169
5.243,0.38287
3.7939,0.48163
4.3662,0.43661
4.3612,0.43885
3.7613,0.48818
4.2175,0.45315
5.6418,0.3576
42.224,-0.24974
4.8311,0.40811
4.8154,0.41025
4.1305,0.45747
2.2584,0.61646
4.8041,0.40945
3.8918,0.47931
3.8007,0.48493
4.4645,0.43218
5.0469,0.39358
0.16726,1.2198
4.3124,0.44041
4.9938,0.39656
4.4928,0.43499
5.4545,0.37163
5.1725,0.39448
5.2672,0.38298
4.0779,0.46083
4.1115,0.45725
4.4239,0.43139
4.2665,0.44171
4.2422,0.44613
4.2612,0.43585
4.6017,0.41949
3.3584,0.51899
2.0126,0.64198
2.5482,0.57734
3.5712,0.50242
3.5641,0.50572
3.8391,0.48077
3.7693,0.48695
3.9406,0.46981
3.85,0.48324
3.3665,0.52503
0.78344,0.8704
3.9702,0.4664
4.517,0.42902
4.0295,0.46688
4.8347,0.40845
4.824,0.40885
4.1568,0.45717
4.6156,0.42861
3.3113,0.52668
3.7322,0.49031
4.2557,0.44997
4.3212,0.4428
3.6966,0.49385
3.5016,0.51019
3.5427,0.50431
4.7365,0.40717
4.3649,0.43791
4.8639,0.40732
4.2143,0.45192
3.7309,0.48987
4.428,0.43736
4.5202,0.43288
4.0837,0.46056
3.9195,0.47328
5.1095,0.39315
3.1647,0.52178
3.2993,0.50327
2.965,0.53797
3.0272,0.53762
2.4944,0.59484
2.0906,0.65095
2.4496,0.60157
4.2444,0.4529
4.5635,0.43042
3.483,0.51732
4.2285,0.45625
3.3031,0.50764
2.6048,0.58174
2.5593,0.58843
4.795,0.4121
5.3644,0.37767
4.8026,0.4202
6.5725,0.32376
4.3474,0.4357
3.3883,0.51295
2.5947,0.58731
4.5875,0.41987
4.3999,0.43776
2.8083,0.56666
4.7092,0.42069
3.6683,0.47998
3.7106,0.48888
1.2031,0.78514
56.565,-0.32867
2.9008,0.5584
3.0521,0.53509
2.9623,0.54996
2.986,0.5525
4.4763,0.43964
4.7214,0.42442
2.3297,0.62299
2.671,0.57528
5.7151,0.35562
2.9883,0.53817
2.8131,0.55702
3.0094,0.53691
4.2381,0.45567
4.1101,0.46853
4.5809,0.42843
4.5015,0.43618
3.8037,0.48832
2.5546,0.59047
4.6724,0.41921
4.4809,0.42735
0.46524,0.99757
2.5228,0.58366
4.4325,0.42828
3.4106,0.51565
3.0083,0.56219
1.8185,0.69579
3.6444,0.50671
4.9154,0.40401
4.0284,0.45968
4.0679,0.4654
3.5225,0.50573
4.3753,0.43702
3.4365,0.5172
3.584,0.50673
4.3139,0.44683
3.8485,0.48585
3.4303,0.52401
4.102,0.46664
5.2507,0.38597
3.9345,0.47681
3.96,0.47419
3.7777,0.48329
3.0521,0.55179
2.755,0.57773
3.3271,0.5211
3.5462,0.50774
3.7755,0.48837
3.6728,0.49747
3.9821,0.46915
3.6558,0.48983
3.6578,0.48776
3.4056,0.51402
3.7595,0.48467
2.089,0.64687
2.1255,0.65018
4.0816,0.46278
4.1103,0.46107
4.1373,0.45762
4.0764,0.46493
4.3579,0.44187
3.6962,0.49372
4.2066,0.45843
4.5458,0.42506
4.14,0.45755
2.7928,0.56746
3.2728,0.5153
2.4111,0.60333
3.4017,0.52494
3.4075,0.52456
2.586,0.58183
3.1123,0.55084
3.5166,0.51691
3.7933,0.49052
3.5038,0.51358
3.1171,0.54253
3.8342,0.48779
2.505,0.59056
4.1261,0.46168
3.2287,0.52856
2.917,0.56159
2.4128,0.60692
2.3467,0.6126
2.8982,0.56182
3.8579,0.48512
4.4181,0.45025
3.6583,0.49985
4.1501,0.46127
3.9477,0.47318
2.3523,0.61546
2.8928,0.56292
2.0742,0.65274
2.6759,0.58699
3.2307,0.53485
2.8528,0.56067
3.6645,0.50089
2.5519,0.59249
2.5629,0.59303
2.1187,0.64911
2.5231,0.59669
4.0014,0.46778
4.0123,0.46544
4.0302,0.46681
2.0058,0.65689
2.6545,0.57427
2.3359,0.61698
2.8793,0.56731
2.5096,0.60398
2.3986,0.62062
1.8241,0.69241
1.9509,0.67206
2.1407,0.64567
1.9965,0.66984
2.1392,0.6492
2.2067,0.63698
1.8013,0.69378
1.913,0.67288
2.4811,0.60164
2.3129,0.62202
2.1583,0.64029
2.4374,0.60404
2.1005,0.65104
2.2294,0.62654
2.5439,0.58841
2.0081,0.66115
2.0704,0.6581
2.27,0.62093
1.4922,0.74897
1.6772,0.7122
1.6778,0.71021
1.6113,0.7255
2.1548,0.63993
2.3102,0.61708
2.2677,0.62053
2.5076,0.59121
2.3703,0.61124
2.1201,0.64971
2.1141,0.64976
2.2247,0.63462
1.6475,0.72097
1.9638,0.66908
2.1393,0.63643
2.2014,0.62938
2.0829,0.65207
1.9178,0.67698
2.1619,0.6421
1.4768,0.75979
1.8925,0.68491
2.0651,0.65436
2.1048,0.64834
1.8626,0.68595
2.0903,0.64356
2.0874,0.65195
1.5902,0.72881
2.077,0.64985
2.0874,0.64594
1.4017,0.76782
1.7136,0.71013
1.5608,0.73859
1.9225,0.67799
1.8835,0.68374
1.9792,0.66903
2.3949,0.61297
2.0253,0.66464
2.0644,0.6604
2.4147,0.61327
2.5119,0.61074
1.6265,0.72561
1.8852,0.68614
1.9948,0.66902
2.018,0.66466
1.942,0.67414
2.0467,0.66119
2.0907,0.65278
1.9003,0.67946
1.5502,0.72977
1.3215,0.77645
2.3601,0.63028
1.9373,0.66909
2.1379,0.63791
3.1662,0.54071
1.8218,0.69034
1.7428,0.69987
1.4418,0.75604
2.0734,0.65692
2.7052,0.56768
3.4066,0.50777
1.5862,0.72661
1.887,0.66892
2.0393,0.65594
1.6164,0.72766
56.542,-0.33028
1.6897,0.71781
1.8203,0.69272
2.14,0.64511
2.3885,0.60781
1.9578,0.66798
2.4219,0.60354
2.0471,0.65356
2.3105,0.63376
2.1941,0.65047
2.5179,0.6096
2.4357,0.61789
2.4535,0.61747
2.2142,0.64775
2.1971,0.64569
2.34,0.62345
2.2079,0.63554
1.9318,0.6754
2.32,0.6171
2.5824,0.58665
1.5324,0.74057
1.5599,0.73773
1.6795,0.71242
1.7665,0.70264
1.9191,0.67917
2.5348,0.58997
2.1891,0.64128
1.7119,0.70769
2.248,0.62413
1.7339,0.70073
1.5895,0.72993
1.8345,0.68573
1.6864,0.71222
1.787,0.69965
1.9879,0.66908
2.1282,0.64825
2.1427,0.65213
1.9573,0.67549
1.3527,0.77714
1.714,0.71896
1.5776,0.73389
1.6946,0.7143
1.7036,0.71558
2.0452,0.65864
55.798,-0.32997
2.0548,0.65252
1.6385,0.72086
60.74,-0.34886
1.5882,0.73118
1.9624,0.67924
1.9326,0.67643
1.7704,0.70274
0.87028,0.8743
1.6251,0.73108
1.8083,0.69681
0.83622,0.88232
1.551,0.73979
1.7185,0.70687
2.3038,0.61187
1.8292,0.68593
1.8681,0.68311
2.1306,0.64076
1.9467,0.66915
1.7511,0.70164
2.2669,0.62077
1.5897,0.72805
1.6241,0.72533
1.8134,0.69293
1.7137,0.72275
2.8304,0.57215
2.0376,0.64985
1.552,0.73343
2.1411,0.66115
1.6196,0.72044
1.7096,0.70534
2.1178,0.65944
1.7865,0.6943
2.5543,0.60813
1.7658,0.70186
1.5866,0.73815
1.1105,0.8259
1.6588,0.7177
1.7695,0.69682
2.0812,0.64678
1.821,0.69115
2.1934,0.63496
1.7935,0.69478
1.9472,0.67244
2.4587,0.59886
2.2537,0.62714
2.0589,0.65516
2.1078,0.64531
2.0088,0.66325
1.7517,0.70551
1.7666,0.7039
1.8232,0.69335
1.5952,0.73089
2.2315,0.62889
1.8548,0.68436
2.3165,0.61916
2.6972,0.57288
2.1244,0.64853
1.8034,0.69741
1.8431,0.6899
1.2987,0.7931
1.9035,0.68107
1.9496,0.67466
1.8538,0.68595
2.0709,0.6551
2.0139,0.66414
1.9003,0.67966
1.9384,0.68128
0.11235,1.3266
1.645,0.71573
2.0492,0.66215
2.0789,0.64994
0.82372,0.88278
1.5116,0.74874
0.077808,1.4179
1.7438,0.70853
1.5937,0.73361
2.2467,0.63764
2.1028,0.64642
3.3726,0.52016
2.8176,0.57241
1.6803,0.71509
1.8408,0.68722
1.5597,0.74264
1.56,0.74536
0.10122,1.3476
1.9357,0.68065
1.7378,0.71406
2.3196,0.62447
1.8746,0.68496
2.1821,0.65636
2.2036,0.64156
1.474,0.75286
1.4381,0.76074
1.8251,0.68955
2.1852,0.63945
1.762,0.7079
2.0459,0.66279
1.9159,0.68505
1.5494,0.74124
1.733,0.70761
2.0097,0.65891
2.0996,0.64382
2.3478,0.61037
2.3473,0.6085
1.9206,0.67373
1.6774,0.71741
1.6003,0.73058
1.7041,0.72128
1.6225,0.72286
2.3249,0.61568
2.2617,0.62758
2.3371,0.62036
2.164,0.63967
2.0145,0.66659
1.6498,0.72464
0.9735,0.84461
1.8976,0.68384
1.6787,0.7166
1.5162,0.74377
1.4728,0.74863
1.3252,0.78478
1.5774,0.73404
2.0202,0.66824
1.502,0.74946
1.514,0.74385
2.0746,0.64435
1.6928,0.70893
1.8521,0.68896
1.5902,0.7338
1.537,0.74273
1.6195,0.72866
2.4947,0.61616
2.1776,0.65463
2.5153,0.60721
0.1371,1.2689
2.4591,0.59338
1.8512,0.68178
2.0945,0.65541
1.7688,0.7003
1.7326,0.70507
2.3484,0.61171
2.1474,0.63559
1.9731,0.66462
1.6698,0.71238
1.9123,0.67746
1.621,0.72987
1.718,0.71604
1.4781,0.76017
1.5688,0.73463
1.5855,0.73697
1.7495,0.70557
1.7613,0.70108
2.2261,0.63316
1.9324,0.67534
1.9612,0.67102
2.0372,0.67782
1.9482,0.67954
1.7125,0.71861
1.6977,0.71743
1.8379,0.69845
1.7511,0.70448
1.7173,0.7108
1.9434,0.6757
1.751,0.70801
56.325,-0.32652
1.6086,0.72937
1.7327,0.70793
1.4285,0.77471
1.6513,0.72547
2.1811,0.6403
1.6628,0.72123
2.1947,0.63874
2.0381,0.66456
1.3915,0.77473
1.4618,0.75937
1.4886,0.75508
1.6406,0.7238
1.7123,0.70865
1.687,0.70915
1.8239,0.69021
1.9462,0.66634
2.0534,0.65231
1.756,0.70787
0.95314,0.85799
1.8439,0.68973
1.6527,0.72041
1.7005,0.70946
1.8954,0.67529
2.0103,0.6606
2.1659,0.64336
2.0247,0.66028
1.9017,0.68713
2.2311,0.6456
1.7022,0.70411
1.425,0.76132
1.5898,0.72721
1.9396,0.66994
1.654,0.72063
1.8675,0.68455
1.9623,0.67269
2.016,0.66372
2.2977,0.62552
2.0362,0.66753
1.8684,0.70019
2.6624,0.58703
1.7992,0.71196
1.9292,0.69095
1.9954,0.67707
2.0367,0.67527
1.5639,0.74163
2.2033,0.64488
56.116,-0.33158
1.6029,0.73473
1.9605,0.67096
1.7928,0.7015
1.4014,0.7701
1.4315,0.76319
55.551,-0.32766
1.3734,0.78078
1.5204,0.75133
0.87773,0.86833
1.6955,0.71466
1.8834,0.68005
1.7324,0.7013
1.878,0.68386
1.6398,0.72742
1.6673,0.71968
1.3127,0.79
1.3499,0.78368
1.7654,0.70045
2.0722,0.66778
1.858,0.70233
1.4129,0.7679
1.7265,0.70862
1.9313,0.68841
1.7012,0.71154
2.591,0.59428
2.6066,0.59167
2.1138,0.66044
1.5691,0.73938
2.0654,0.65791
1.5316,0.74792
1.4681,0.76329
1.7193,0.71633
1.5098,0.75021
1.7411,0.70786
1.695,0.7139
1.6031,0.72617
1.6701,0.72107
1.7103,0.71093
1.8228,0.69041
1.5509,0.74593
1.6317,0.73003
1.6589,0.72445
1.4707,0.76132
1.3468,0.78725
1.3914,0.77095
1.4413,0.7645
1.8106,0.69479
1.7787,0.69949
2.0646,0.65655
1.7013,0.71326
2.4567,0.59788
1.522,0.74212
1.2749,0.79557
1.6073,0.74205
1.4353,0.76108
2.635,0.60583
1.54,0.74056
1.6872,0.72215
1.5958,0.73264
0.2397,1.1579
2.2092,0.63398
2.0895,0.64924
1.6524,0.71996
1.8113,0.69651
1.8462,0.69427
1.774,0.7026
1.8213,0.69198
2.117,0.64466
1.8264,0.68888
1.569,0.73436
1.7011,0.71288
1.7367,0.70903
1.8072,0.69634
1.7094,0.71093
1.7675,0.70401
1.5671,0.74512
2.2257,0.64852
1.8173,0.70157
1.9524,0.68283
1.8213,0.6921
1.8794,0.69362
1.7042,0.71024
2.0917,0.6472
2.0282,0.65745
1.8312,0.6904
1.5242,0.74564
1.4718,0.75847
1.6838,0.72626
1.6863,0.72082
1.6237,0.73552
1.6046,0.71346
2.2262,0.62704
2.0921,0.65113
1.4419,0.76137
1.617,0.72837
1.6742,0.71803
1.3603,0.77953
1.6847,0.71893
1.9185,0.67815
1.7432,0.72238
1.7843,0.70806
1.6353,0.72251
1.7993,0.70225
2.3475,0.62993
2.5849,0.59792
2.1486,0.65141
1.5738,0.73536
2.3146,0.63123
1.8138,0.69352
56.622,-0.32804
1.9023,0.67793
1.8142,0.70545
2.0568,0.66504
1.9132,0.6879
1.6832,0.72244
1.9942,0.67148
1.7296,0.70829
1.6013,0.73224
1.9057,0.677
1.8658,0.68576
1.6699,0.71936
1.7821,0.70024
1.6177,0.73042
1.3983,0.7789
0.18396,1.2255
1.9375,0.6825
0.21162,1.19
0.89038,0.87122
1.8252,0.6927
2.0086,0.67307
1.7343,0.71674
1.6926,0.7142
1.6415,0.72337
1.8387,0.68399
1.732,0.7015
1.8588,0.68671
1.829,0.69709
1.6018,0.73643
1.7028,0.71892
1.5259,0.7484
1.752,0.70593
1.9479,0.6705
1.5721,0.73874
1.5547,0.73886
2.069,0.65417
1.5362,0.74489
1.7554,0.7021
2.3174,0.63209
1.5017,0.74966
1.5837,0.73408
1.9972,0.66211
2.1822,0.65226
2.213,0.65087
1.4775,0.74991
1.2076,0.80802
1.2995,0.79375
1.6766,0.71871
1.5787,0.73495
1.9811,0.66755
2.4053,0.62135
1.5646,0.73794
1.6415,0.72899
1.3839,0.77248
1.1454,0.81894
1.2121,0.81206
44.911,-0.27271
1.5486,0.73976
1.6842,0.7156
1.603,0.72902
1.5727,0.73519
1.4977,0.75312
2.1267,0.67176
1.0594,0.84297
1.5391,0.74685
1.5166,0.74904
55.983,-0.32496
0.098166,1.3584
2.7943,0.57745
1.7039,0.71375
1.9987,0.67046
1.9365,0.67309
1.7121,0.71758
2.231,0.64853
1.8152,0.69235
1.3984,0.77344
1.5735,0.73835
2.1725,0.65066
1.6551,0.72029
2.2504,0.62742
1.9579,0.66771
1.6974,0.71155
1.7367,0.70631
1.5412,0.74536
1.4871,0.7544
1.6865,0.71893
1.2742,0.80234
1.5164,0.74882
1.8873,0.68098
2.1142,0.64754
1.9137,0.67663
1.7463,0.70356
0.19708,1.2071
1.6148,0.72836
1.7416,0.70986
1.6317,0.72616
1.5519,0.7442
1.6298,0.73242
1.9021,0.69746
1.7376,0.71322
1.7008,0.72274
1.8761,0.68432
1.6626,0.72228
1.8999,0.68062
2.0767,0.64997
1.9996,0.66412
1.4501,0.76519
1.6948,0.71798
1.7994,0.69791
1.5873,0.73432
1.8108,0.70481
2.0846,0.66185
2.3442,0.63385
1.8705,0.69148
1.6917,0.72143
1.5486,0.7442
1.6284,0.73598
1.934,0.68591
1.4328,0.7623
1.9034,0.68681
1.5485,0.73914
1.6547,0.72492
1.8522,0.69022
1.7701,0.70567
1.7062,0.72096
1.6775,0.72284
1.8333,0.69295
1.8246,0.69161
1.4772,0.75466
1.7213,0.7068
1.6446,0.7197
1.5367,0.74582
1.5724,0.73892
1.5895,0.7373
1.458,0.75942
1.7571,0.70484
2.0812,0.65268
2.2759,0.63366
1.7622,0.70703
1.9588,0.67449
2.1656,0.63925
1.7204,0.71479
1.9287,0.68666
2.4651,0.61093
2.2245,0.64483
2.0095,0.67367
2.3808,0.63799
1.3119,0.7936
1.425,0.76574
1.9994,0.66446
1.7308,0.70749
1.9236,0.67978
2.2345,0.63356
2.6242,0.58261
1.7698,0.7013
1.6151,0.73221
1.8152,0.69613
1.6434,0.72994
1.3393,0.7897
1.3777,0.77853
1.9448,0.67935
1.8417,0.69541
2.002,0.67156
1.7331,0.7145
1.8145,0.6975
2.2248,0.6323
1.9528,0.67101
1.8858,0.68505
2.1215,0.64723
2.0122,0.66469
0.47541,1.0384
2.5958,0.60955
2.2776,0.64503
1.5142,0.75588
1.8923,0.69135
1.7452,0.71515
1.6104,0.74005
2.0668,0.6655
2.2192,0.64398
1.8621,0.69926
1.9442,0.67608
2.4163,0.61256
1.9472,0.67447
0.82,0.9018
1.9595,0.67906
1.9877,0.67001
1.9916,0.67321
1.9973,0.67461
1.6056,0.73008
1.8181,0.70085
1.6775,0.72521
1.8715,0.69428
1.4482,0.77329
1.7669,0.70874
2.0229,0.66257
1.543,0.7459
1.683,0.72077
1.7909,0.69673
1.4966,0.75098
1.6075,0.7373
2.3488,0.62427
1.8394,0.69304
1.9615,0.67925
2.217,0.63931
2.0808,0.6587
1.9178,0.68696
1.7144,0.71889
1.8455,0.70037
1.6366,0.73625
1.6325,0.73355
1.5548,0.74407
2.0131,0.66807
1.9451,0.67561
2.7183,0.57665
2.4212,0.61642
2.2667,0.63384
2.3116,0.62902
2.4768,0.60558
1.4983,0.75535
2.099,0.66854
2.2221,0.64774
1.4603,0.75967
52.367,-0.32573
2.1757,0.64436
3.4001,0.5261
2.1898,0.64351
1.9622,0.68015
1.9574,0.67897
1.9845,0.6722
1.7078,0.71615
1.9987,0.68691
2.2049,0.64644
2.1145,0.66184
1.8796,0.69067
1.7371,0.7044
2.1983,0.65041
1.8657,0.69631
2.1163,0.65197
2.61,0.58406
2.4439,0.60953
65.294,-0.35904
2.5101,0.5967
2.6789,0.58874
1.3209,0.78047
0.098453,1.3674
2.024,0.6798
1.9079,0.69534
1.9007,0.68992
2.361,0.62124
1.9314,0.68478
2.2676,0.63308
2.9723,0.54963
2.5779,0.59422
1.8909,0.69382
1.2098,0.81089
2.9588,0.57145
2.7463,0.58798
1.5391,0.74227
1.8102,0.69266
2.6366,0.59981
2.4671,0.62045
1.8278,0.7004
2.2837,0.64628
2.002,0.67665
1.7593,0.71808
1.8208,0.70125
2.4424,0.60258
2.164,0.64477
1.5941,0.7386
1.8088,0.69567
2.5466,0.59053
2.0614,0.66207
2.0661,0.66569
0.12204,1.3107
2.3623,0.62324
1.7695,0.71002
1.7527,0.70947
2.2367,0.6386
2.0643,0.67219
1.4935,0.75751
1.8256,0.69731
1.6918,0.72208
2.0127,0.67501
1.7711,0.70931
1.8654,0.69522
1.8459,0.69856
1.8792,0.69425
1.7371,0.71526
1.6745,0.72529
2.4429,0.61396
2.0313,0.6666
2.0434,0.66754
1.8942,0.6934
2.8105,0.57121
2.8128,0.5681
2.0656,0.66174
1.7715,0.70631
2.4367,0.61
2.3331,0.62241
1.9622,0.67552
2.006,0.67387
2.323,0.63332
0.86528,0.89035
1.8406,0.70152
2.3997,0.61813
0.55518,0.97792
1.9925,0.67687
2.4226,0.61097
3.0055,0.54931
2.7625,0.57694
2.5044,0.60693
2.7758,0.57634
2.3909,0.61734
2.3169,0.63045
1.8568,0.69018
2.1365,0.64622
1.5985,0.73593
1.5176,0.75432
1.814,0.6971
2.6923,0.57757
1.765,0.70536
1.9414,0.68451
2.1665,0.64911
2.2274,0.64133
1.821,0.70074
2.1047,0.65803
1.9633,0.67552
2.1348,0.65246
2.0885,0.65683
2.1717,0.64267
2.2175,0.63283
2.6286,0.59834
2.4307,0.62124
2.5271,0.60769
2.4056,0.62597
2.0467,0.67843
2.0228,0.6775
2.1959,0.64504
1.747,0.70866
2.1164,0.65272
2.0906,0.65628
2.2089,0.64058
2.0311,0.66904
2.0719,0.66869
1.8873,0.69497
45.755,-0.26332
45.762,-0.26237
2.0166,0.67817
2.5456,0.60717
2.3301,0.63044
2.402,0.62927
1.8155,0.71528
1.8272,0.6994
2.6719,0.59358
2.1189,0.66776
2.2434,0.65125
2.9416,0.56482
2.7083,0.59641
2.2131,0.66496
2.6193,0.61077
3.6976,0.50231
1.3428,0.76426
2.1255,0.65647
3.1356,0.53772
3.1887,0.53272
2.4986,0.60835
2.8758,0.5672
2.5317,0.60392
2.608,0.59758
2.5704,0.60299
3.4837,0.50946
3.31,0.52301
2.1215,0.65849
2.1746,0.65485
1.9689,0.67671
2.5996,0.59413
2.4204,0.62048
1.9923,0.68042
2.7928,0.57788
2.5762,0.59771
2.3992,0.62392
2.2421,0.64446
2.921,0.56358
3.5881,0.49692
2.8936,0.56678
2.729,0.59134
2.098,0.66441
2.735,0.58173
2.3467,0.62816
1.9205,0.68419
2.3785,0.62621
2.8423,0.5727
2.5269,0.60921
2.4957,0.61401
2.7655,0.5806
3.1943,0.5363
2.9451,0.56432
1.9159,0.68831
2.5988,0.59902
2.637,0.59484
2.6678,0.59125
2.8546,0.57424
2.7939,0.58539
2.4246,0.61976
2.3833,0.62791
2.5408,0.61642
3.255,0.53078
3.4904,0.51619
3.193,0.54787
3.0164,0.56621
2.7486,0.5846
2.8244,0.58619
2.7783,0.58307
2.8087,0.58198
1.9525,0.68865
3.1391,0.54275
3.378,0.51517
3.0488,0.55145
2.4376,0.62194
3.4292,0.52043
3.594,0.501
3.3326,0.53118
2.5519,0.61204
3.1873,0.54185
2.9347,0.56194
3.9042,0.48511
3.0908,0.54785
2.828,0.57455
2.9009,0.56884
2.8849,0.58249
0.09616,1.352
3.236,0.54304
2.1783,0.66082
2.3107,0.64729
2.4561,0.6231
2.7344,0.58682
3.1154,0.54921
2.325,0.63729
2.4094,0.62529
2.4794,0.6168
2.5238,0.61284
2.7187,0.59137
3.0052,0.5635
2.8272,0.58068
3.0224,0.55859
3.0289,0.55926
3.1136,0.56569
4.9653,0.43543
4.5992,0.4597
3.8425,0.5008
3.4827,0.53151
3.8529,0.50249
4.4119,0.46001
4.0694,0.4858
1.891,0.7012
2.9707,0.57124
2.7412,0.58575
4.5403,0.45413
2.7204,0.59374
2.2312,0.64764
2.7521,0.58519
2.9065,0.57017
2.9934,0.55835
3.4672,0.51969
3.1783,0.55758
2.327,0.6414
3.672,0.51963
4.6957,0.45634
4.1004,0.50247
3.8739,0.51344
2.4105,0.62731
3.9068,0.49507
4.0635,0.48468
2.9395,0.58066
3.3354,0.54245
2.5977,0.6111
2.6333,0.60458
2.6718,0.60274
2.7689,0.58935
2.61,0.60702
3.1424,0.55988
3.3537,0.53547
2.9157,0.57426
2.0145,0.66688
3.654,0.51262
3.1282,0.55961
3.1935,0.55531
3.1959,0.56199
3.6451,0.51876
3.4207,0.53605
33.09,-0.1727
3.0198,0.55815
3.4507,0.52165
3.9318,0.49119
3.2347,0.55463
4.2511,0.47601
5.061,0.42728
4.1847,0.47902
3.3267,0.5543
3.1079,0.5747
3.4389,0.54224
3.4383,0.54062
3.4834,0.53619
3.0383,0.57813
3.4178,0.53582
3.6591,0.51441
1.8548,0.69223
3.2287,0.55848
2.9471,0.58288
4.7436,0.45334
4.2016,0.49314
1.4038,0.78236
3.703,0.53086
4.2413,0.48588
4.6126,0.46043
4.1914,0.48739
4.4386,0.47202
3.038,0.56794
4.669,0.46005
3.1674,0.56298
3.7487,0.51254
3.4547,0.53543
4.9108,0.44625
3.4498,0.54693
3.9821,0.50224
3.9491,0.51118
3.7404,0.52378
3.2088,0.56164
4.7448,0.45064
3.3831,0.53159
3.2809,0.55751
3.7652,0.518
3.941,0.50023
3.8602,0.50516
3.5344,0.53657
3.3315,0.55267
3.829,0.50713
4.1389,0.48561
3.4984,0.53434
2.0483,0.67559
2.7322,0.60644
3.3995,0.54309
3.5807,0.5323
3.2346,0.55882
3.4674,0.53603
3.5698,0.52354
3.4861,0.53214
3.0224,0.58229
3.1014,0.57755
4.0407,0.50842
4.6021,0.46129
4.4471,0.47997
3.0994,0.58051
4.0499,0.50435
4.4003,0.47403
4.4179,0.47197
4.171,0.4928
0.30519,1.0825
4.3847,0.47209
2.6656,0.61429
0.10966,1.3481
3.9476,0.50996
4.115,0.49577
2.5802,0.62586
3.7831,0.52401
2.9662,0.58107
1.9129,0.69276
0.33139,1.0995
2.9863,0.57883
2.86,0.59075
3.0167,0.5769
2.9619,0.58204
2.84,0.59438
4.7935,0.4566
2.8597,0.59366
3.0197,0.57913
2.9341,0.58573
1.2305,0.80535
0.32276,1.1122
1.3136,0.78498
1.4104,0.76137
4.6991,0.46018
4.3403,0.48519
4.0419,0.50304
4.1505,0.49233
4.8265,0.44637
1.8159,0.70798
0.32407,1.1069
4.5458,0.46975
5.063,0.44076
4.3566,0.48808
3.771,0.53015
3.9994,0.51782
3.8012,0.52643
3.7871,0.52564
3.5049,0.54123
4.5277,0.46306
4.0028,0.50146
4.2613,0.49169
3.9845,0.51326
4.1744,0.49938
3.9192,0.52038
4.2215,0.49979
4.2898,0.49534
4.1148,0.50715
4.754,0.46549
3.8139,0.5173
3.1891,0.56239
4.7332,0.45845
3.0998,0.58289
2.6809,0.61477
3.4413,0.54088
4.707,0.46228
5.022,0.45141
2.8883,0.59762
4.1173,0.50197
3.1454,0.57244
2.4788,0.63507
3.1968,0.56484
3.6669,0.52356
3.0863,0.57566
2.7161,0.61873
2.8673,0.60112
3.4455,0.54839
3.3588,0.55286
3.1587,0.57416
3.9761,0.51448
3.208,0.56717
1.9225,0.69639
4.4091,0.48052
1.9075,0.69924
59.778,-0.30994
3.905,0.51769
1.7213,0.73025
4.1021,0.50554
4.0188,0.50985
4.2513,0.49536
3.9054,0.52525
2.5948,0.63319
2.8147,0.60346
58.17,-0.30224
2.9254,0.59114
2.6135,0.62687
4.6999,0.46653
4.5651,0.46688
5.0809,0.43996
4.3195,0.49214
0.93205,0.88785
2.7408,0.61085
4.06,0.50426
5.031,0.44304
3.9011,0.51661
3.798,0.52384
4.272,0.48364
3.6335,0.51927
4.5643,0.46051
3.8568,0.51858
4.3571,0.48407
2.763,0.60021
4.4801,0.47779
3.5765,0.53718
3.3034,0.56163
3.4067,0.55642
2.9809,0.5935
3.2807,0.56532
4.2097,0.49463
4.5085,0.47491
4.4974,0.4777
3.678,0.53957
3.7647,0.53655
3.0247,0.58408
4.4144,0.48372
5.0393,0.44615
4.7908,0.45499
2.7968,0.60278
4.7578,0.46104
4.3269,0.48858
4.3094,0.48887
4.4013,0.48283
1.1292,0.83548
4.8587,0.45582
5.1253,0.43687
4.1418,0.49792
5.1122,0.44166
3.4133,0.54287
4.455,0.47543
4.4191,0.48458
4.0018,0.51448
2.2104,0.67051
4.1797,0.49721
4.3015,0.48914
3.4157,0.55222
3.5379,0.54214
4.3493,0.48872
4.327,0.48671
4.8932,0.44704
4.4133,0.4752
4.0755,0.50318
2.6686,0.61965
2.644,0.62257
4.1112,0.50702
2.6444,0.62434
2.9086,0.599
3.188,0.56859
32.487,-0.15556
32.132,-0.15386
3.1904,0.56638
3.1137,0.5697
3.2104,0.56588
4.4953,0.47684
2.024,0.68698
4.7176,0.45931
4.4031,0.48469
3.918,0.52158
4.2334,0.49958
4.8044,0.4581
4.8265,0.45613
4.6076,0.47452
4.8186,0.45879
4.8348,0.45428
4.7917,0.45917
4.7362,0.46496
2.3057,0.65362
3.0119,0.58568
4.9048,0.45314
3.1285,0.5747
3.3282,0.5555
2.6053,0.61829
3.6059,0.52968
3.4217,0.54552
3.0922,0.57953
3.0205,0.58551
4.1448,0.50225
4.6308,0.47139
1.7771,0.71915
2.6941,0.61025
1.6519,0.73952
1.6557,0.73889
1.7779,0.7155
1.6659,0.73682
3.1149,0.57978
4.0821,0.5079
3.1517,0.57068
3.6661,0.52208
3.1858,0.56659
2.8578,0.60322
3.7286,0.53511
2.9448,0.59055
3.0329,0.58193
2.8014,0.60896
2.9299,0.59255
3.4422,0.54733
4.3526,0.48251
3.7893,0.52164
2.9593,0.59242
4.243,0.48996
2.9581,0.58127
2.9062,0.58888
2.7707,0.60602
2.7262,0.61628
4.1883,0.50371
3.6495,0.53702
4.5061,0.47368
4.0683,0.50739
4.0576,0.51109
4.0642,0.50361
1.829,0.70464
1.8833,0.69508
5.1345,0.4317
4.6604,0.46563
3.0763,0.57617
3.326,0.55501
3.565,0.53128
3.4499,0.54246
4.0652,0.50055
3.565,0.54238
3.294,0.56412
4.6033,0.47152
3.3066,0.55423
3.2915,0.55693
2.8987,0.59553
3.2139,0.5694
2.9039,0.59505
3.1039,0.57568
4.3167,0.49359
3.3916,0.55703
3.4972,0.54483
3.6708,0.52393
3.6545,0.52558
3.6502,0.53115
3.4595,0.54349
3.5754,0.53261
58.589,-0.3029
3.4012,0.54617
2.2236,0.66356
2.1695,0.67144
2.4099,0.64156
2.5322,0.62432
2.9003,0.58048
3.0823,0.56303
2.5812,0.61582
2.5046,0.63027
2.6023,0.62067
2.5757,0.62349
2.6957,0.61043
3.3848,0.55477
2.8615,0.6054
3.1387,0.57792
3.1938,0.56991
2.7629,0.59975
3.427,0.54169
3.5509,0.53231
2.9437,0.58128
3.4261,0.54135
4.8551,0.45248
3.23,0.55974
3.383,0.54491
2.9067,0.58622
3.1015,0.57395
3.0028,0.58384
3.1899,0.56341
4.5172,0.4697
3.3056,0.55034
3.232,0.55909
3.1831,0.5681
3.0055,0.58237
3.2025,0.56504
2.7642,0.60839
2.4983,0.63182
2.3595,0.65084
2.7901,0.61347
3.6547,0.53721
3.2419,0.56569
3.2025,0.56438
3.4054,0.5477
3.5209,0.5367
3.41,0.5474
5.0364,0.44559
3.542,0.53524
