33.66,0.32651
39.03,0.25375
35.133,0.30326
37.386,0.27238
36.889,0.28334
37.134,0.2797
34.894,0.30976
35.597,0.30041
34.99,0.30893
33.566,0.3287
35.174,0.30663
39.332,0.24982
34.246,0.31984
34.059,0.32111
34.561,0.31378
34.609,0.31311
36.749,0.28286
36.31,0.28894
36.122,0.2932
36.376,0.29083
35.353,0.30511
36.6,0.28853
36.031,0.29636
36.156,0.29429
37.36,0.27503
34.983,0.30672
35.442,0.29932
38.911,0.25701
37.711,0.27252
36.684,0.28556
37.717,0.27155
37.133,0.27923
35.232,0.30296
36.599,0.28491
37.677,0.2704
36.253,0.28825
35.952,0.29653
36.944,0.28097
38.946,0.25472
37.157,0.27657
36.552,0.28591
36.619,0.28561
36.224,0.29098
37.084,0.27742
35.562,0.29852
37.834,0.2695
36.929,0.28046
36.808,0.28183
35.79,0.29766
37.001,0.28313
35.765,0.30189
36.985,0.28359
37.316,0.27681
35.402,0.3021
37.368,0.27565
37.27,0.27673
34.626,0.3146
35.278,0.30305
36.552,0.28533
33.513,0.32987
37.405,0.27552
33.843,0.32403
36.508,0.28638
36.656,0.28539
34.107,0.31872
36.495,0.28158
36.286,0.28939
34.545,0.30883
34.745,0.30554
35.251,0.29942
35.216,0.29901
32.644,0.33489
38.496,0.25849
38.727,0.25599
39.038,0.25197
38,0.2644
34.432,0.31294
34.714,0.30953
37.504,0.27077
38.718,0.25558
36.581,0.28284
36.645,0.28002
35.577,0.28857
36.533,0.27484
32.606,0.32995
31.201,0.35357
31.569,0.34828
31.319,0.351
32.555,0.33278
32.311,0.33544
34.59,0.30229
32.239,0.33308
32.134,0.33463
31.655,0.33975
30.452,0.35577
32.207,0.32922
34.198,0.30191
33.875,0.30451
33.43,0.30997
33.286,0.30979
27.768,0.39067
33.061,0.31529
30.653,0.34481
26.704,0.40993
31.68,0.32741
32.578,0.31749
30.939,0.33917
31.714,0.32833
26.059,0.41213
27.044,0.39698
27.861,0.3807
28.745,0.36617
26.87,0.39473
29.428,0.35539
28.549,0.37061
28.189,0.37449
29.611,0.3562
24.471,0.44125
27.582,0.38487
27.944,0.37926
32.461,0.31567
32.18,0.32139
29.976,0.35165
29.707,0.35549
27.342,0.3918
30.716,0.33955
29.516,0.35431
30.312,0.34295
28.623,0.36731
28.369,0.36998
29.513,0.35341
25.042,0.42291
29.862,0.34778
29.461,0.35158
28.271,0.36983
28.038,0.37318
30.239,0.34168
24.869,0.42722
25.823,0.4086
28.341,0.36829
24.43,0.43107
23.351,0.44936
24.436,0.42997
28.592,0.36695
27.683,0.38708
25.376,0.42398
25.911,0.41334
25.442,0.42237
24.697,0.43238
27.342,0.38803
27.348,0.38784
25.125,0.42535
24.038,0.43982
23.98,0.43779
23.597,0.44521
23.39,0.45203
26.009,0.40561
26.796,0.39247
25.36,0.41753
25.915,0.40677
22.929,0.45795
23.433,0.44714
21.111,0.48953
23.622,0.44433
21.995,0.4738
26.73,0.39047
21.329,0.48176
22.597,0.45902
27.867,0.37078
25.557,0.40505
25.884,0.40192
26.334,0.39269
27.237,0.37785
25.799,0.39878
25.622,0.40017
21.611,0.4695
24.809,0.41163
26.113,0.38961
24.147,0.42028
25.909,0.39545
26.93,0.37718
24.273,0.42007
18.78,0.52486
23.213,0.43748
22.372,0.45183
23.841,0.42667
23.286,0.43549
22.803,0.44347
18.853,0.52059
24.316,0.41585
25.192,0.39906
22.839,0.43841
21.776,0.46176
23.567,0.42599
21.635,0.46053
20.64,0.47734
21.943,0.452
21.306,0.46138
19.74,0.49306
18.275,0.5213
18.773,0.50917
18.395,0.51326
18.583,0.50883
17.355,0.53765
20.349,0.47536
18.888,0.50344
19.616,0.48686
16.745,0.55078
18.805,0.50412
20.398,0.47274
20.263,0.47512
18.193,0.51794
21.526,0.44949
21.627,0.44889
17.577,0.5311
18.1,0.51895
18.812,0.50064
21.51,0.44876
21.1,0.45474
19.648,0.48371
19.568,0.48196
17.076,0.53551
19.096,0.49154
18.654,0.50054
17.765,0.516
16.987,0.53513
16.251,0.54875
16.113,0.55277
17.342,0.5244
18.355,0.50152
18.918,0.4914
18.865,0.49109
15.359,0.56772
15.186,0.56908
14.957,0.5734
17.005,0.52327
14.513,0.58236
16.221,0.53992
17.295,0.51623
16.31,0.53848
17.146,0.52191
16.473,0.53605
15.05,0.5713
14.582,0.58128
16.638,0.53228
16.583,0.53136
16.294,0.53376
16.072,0.53995
15.539,0.55057
15.951,0.54007
14.405,0.57571
14.344,0.57705
17.007,0.51497
16.514,0.52568
14.997,0.56095
15.783,0.5409
16.302,0.52968
17.057,0.51146
16.384,0.52834
15.184,0.55469
17.423,0.50389
16.273,0.52872
16.495,0.52304
17.211,0.50863
15.738,0.54033
15.618,0.54281
15.267,0.5505
15.298,0.55059
15.407,0.54973
15.67,0.54209
16.016,0.53346
14.952,0.56133
14.754,0.56522
16.052,0.53387
15.76,0.53989
15.447,0.54761
15.258,0.54825
15.446,0.54391
16.254,0.52447
14.868,0.55586
13.687,0.58961
15.935,0.535
16.439,0.5224
15.073,0.55082
17.616,0.49638
17.83,0.49124
15.79,0.53198
16.331,0.52321
12.355,0.62493
12.754,0.61304
14.777,0.55788
13.351,0.5962
12.946,0.60637
13.2,0.5991
13.039,0.60119
12.833,0.6085
15.075,0.54897
15.313,0.54457
14.262,0.5709
12.522,0.61837
14.92,0.55504
15.201,0.54681
14.564,0.56032
13.354,0.59273
15.672,0.53391
14.048,0.57561
16.121,0.52599
17.1,0.50155
14.607,0.564
13.281,0.59705
16.175,0.5264
16.671,0.51361
14.508,0.56037
15.274,0.54625
14.982,0.55192
12.275,0.62369
12.945,0.60642
12.433,0.62035
14.222,0.57225
12.763,0.6093
15.525,0.53823
13.134,0.59705
13.23,0.59534
13.821,0.5819
14.474,0.56264
15.681,0.53745
13.765,0.58156
13.389,0.59311
13.595,0.58704
13.975,0.57633
13.963,0.57667
13.923,0.57648
13.499,0.58728
14.306,0.56741
12.833,0.60439
14.662,0.55778
14.907,0.5531
15.363,0.54231
15.726,0.53409
15.151,0.54628
15.469,0.53874
15.641,0.53472
13.685,0.58522
13.302,0.59406
14.475,0.5618
14.202,0.56763
13.806,0.57773
15.374,0.53865
13.648,0.58523
16.305,0.51914
15.812,0.53021
14.306,0.56767
14.093,0.57257
15.322,0.54251
15.031,0.55033
15.419,0.53958
14.09,0.57508
15.814,0.52997
13.397,0.59166
13.663,0.58313
15.173,0.54847
15.625,0.53579
15.189,0.54485
16.073,0.52603
14.696,0.55657
13.782,0.5807
14.617,0.55926
16.794,0.50871
16.656,0.51464
15.11,0.54851
16.184,0.52209
17.295,0.49714
15.025,0.54954
14.409,0.56358
16.608,0.5127
14.072,0.572
14.939,0.55146
15.965,0.52696
14.778,0.55362
16.188,0.52177
15.094,0.54754
13.823,0.58157
15.929,0.52875
15.332,0.54189
14.556,0.55837
13.474,0.58705
13.66,0.58176
14.34,0.56515
14.389,0.5647
13.718,0.58248
14.18,0.56936
14.653,0.55732
14.236,0.56781
13.647,0.58142
15.312,0.54094
14.169,0.56848
14.648,0.55707
14.234,0.56738
14.507,0.55864
14.779,0.55464
15.549,0.5354
15.571,0.53559
16.931,0.50237
14.124,0.57113
16.374,0.51566
15.083,0.54662
13.313,0.59193
12.639,0.60716
15.012,0.54954
16.7,0.5103
15.02,0.54603
16.34,0.51675
14.874,0.55116
15.856,0.52921
14.847,0.55265
15.977,0.52633
14.752,0.55361
15.048,0.54749
16.486,0.51486
15.733,0.53155
12.445,0.61637
12.999,0.60162
15.537,0.53568
14.296,0.56381
13.917,0.57334
14.046,0.57066
13.363,0.5872
13.916,0.57296
14.642,0.55666
14.621,0.55562
13.689,0.5806
12.958,0.59994
16.143,0.52064
15.26,0.5396
15.02,0.54582
15.243,0.5431
13.211,0.59076
13.414,0.5869
13.928,0.57514
14.643,0.55713
15.085,0.54589
14.496,0.55864
14.084,0.56908
14.593,0.5566
12.856,0.60065
14.546,0.5543
14.652,0.556
14.932,0.54763
15.445,0.53717
13.461,0.58594
16.853,0.50452
13.016,0.59772
14.752,0.55335
14.54,0.55789
15.217,0.54356
14.798,0.55164
16.717,0.50669
14.491,0.56099
14.266,0.56641
16.138,0.52023
14.066,0.56967
14.297,0.56363
15.165,0.54067
15.726,0.52994
12.394,0.61449
13.305,0.58656
14.326,0.56012
13.757,0.5754
16.32,0.51571
12.997,0.59704
13.295,0.58999
15.541,0.53354
15.421,0.5366
15.209,0.53887
15.413,0.53615
15.136,0.54043
14.829,0.55045
14.849,0.55131
14.807,0.55166
14.92,0.54869
12.516,0.61138
13.492,0.58538
15.659,0.53281
14.1,0.57002
12.991,0.59696
13.756,0.57547
15.891,0.52524
13.199,0.59161
15.299,0.53976
15.497,0.53442
13.451,0.58671
15.164,0.54276
14.425,0.55988
15.041,0.54629
15.676,0.53001
16.535,0.51174
15.928,0.52281
15.365,0.53701
13.9,0.57491
16.057,0.5216
15.864,0.52603
16.545,0.5114
16.033,0.52153
14.766,0.55115
12.755,0.6042
12.67,0.60622
12.766,0.60547
13.148,0.59611
13.554,0.58137
13.164,0.59395
13.093,0.59451
13.035,0.59478
13.744,0.57575
12.879,0.60168
12.671,0.60527
12.61,0.6082
14.193,0.56647
15.598,0.53184
14.876,0.54939
14.897,0.54918
15.968,0.52208
15.984,0.52127
16.671,0.50628
15.431,0.53428
15.162,0.54122
14.713,0.55186
15.024,0.54368
16.028,0.52153
15.722,0.53106
16.565,0.50978
16.075,0.51906
16.108,0.51861
15.802,0.52461
15.421,0.53591
16.095,0.52022
15.329,0.53718
15.559,0.53091
16.11,0.52163
14.346,0.56382
15.42,0.53522
14.153,0.56838
15.034,0.54623
15.237,0.53878
13.655,0.57819
15.366,0.53766
15.244,0.53975
13.828,0.57431
15.661,0.52993
16.344,0.51443
13.499,0.58549
13.324,0.59069
13.113,0.5948
14.378,0.5634
12.904,0.59926
13.848,0.57405
15.414,0.53492
14.667,0.55219
13.951,0.56937
14.533,0.55878
15.564,0.53241
14.698,0.55409
14.425,0.56048
14.15,0.56684
13.126,0.59211
15.635,0.5303
16.899,0.50344
16.322,0.5154
16.62,0.50881
14.884,0.54847
16.129,0.52122
15.39,0.53549
16.817,0.50438
15.015,0.54448
14.588,0.5533
13.483,0.58165
13.605,0.57791
15.56,0.53133
14.007,0.56906
14.013,0.57277
17.086,0.4981
14.665,0.5539
14.244,0.56606
15.413,0.53619
13.505,0.58412
14.91,0.54846
14.507,0.55661
14.145,0.56648
14.445,0.55968
14.617,0.55554
14.229,0.56352
16.41,0.512
16.912,0.50144
13.477,0.58254
16.63,0.51017
14.473,0.55671
13.553,0.58247
13.992,0.56976
13.809,0.57264
14.395,0.55877
14.692,0.55149
12.72,0.60284
13.157,0.59387
15.034,0.54589
13.361,0.58737
14.253,0.56317
15.625,0.53023
14.75,0.55118
13.111,0.59196
13.232,0.58995
13.53,0.5825
13.711,0.57796
14.237,0.56531
14.099,0.56766
12.675,0.60548
13.191,0.59189
15.366,0.5364
15.555,0.5312
13.739,0.57574
14.936,0.54486
13.135,0.59331
15.839,0.52539
13.649,0.57919
14.166,0.56802
15.252,0.53767
15.009,0.54354
13.885,0.57083
15.289,0.53949
13.879,0.57173
14.028,0.56896
13.952,0.57159
14.151,0.5662
13.868,0.57398
14.402,0.55948
14.192,0.56498
14.031,0.56813
13.401,0.585
13.926,0.57398
13.309,0.58597
13.722,0.57694
13.773,0.57599
13.745,0.57608
13.812,0.5741
15.686,0.52953
15.879,0.52502
15.375,0.53437
14.971,0.54492
15.762,0.52671
13.891,0.57283
12.97,0.59539
15.707,0.52727
13.805,0.57617
14.215,0.56575
15.567,0.53404
14.058,0.56856
14.701,0.5546
14.148,0.56506
13.797,0.57193
14.115,0.56491
14.557,0.55352
16.884,0.50109
16.145,0.51577
16.329,0.51046
16.075,0.51912
14.876,0.54584
15.37,0.53426
15.851,0.52453
16.92,0.50077
14.975,0.54389
15.676,0.52718
15.762,0.52666
16.628,0.50797
16.768,0.50594
14.708,0.55394
16.252,0.51746
14.72,0.55374
13.424,0.58526
16.453,0.50994
12.997,0.59629
14.439,0.55946
15.594,0.53086
16.451,0.51165
15.565,0.53109
14.478,0.56115
13.667,0.58058
15.141,0.53968
16.011,0.52116
14.795,0.54865
16.339,0.51378
16.305,0.51422
14.818,0.55044
17.115,0.49805
14.929,0.5466
15.627,0.53161
15.55,0.53244
15.955,0.52141
15.858,0.5231
16.017,0.51911
15.629,0.5316
16.38,0.51344
14.62,0.55579
15.556,0.5334
16.304,0.51653
15.402,0.538
15.236,0.53878
14.327,0.56105
15.451,0.53339
15.058,0.54425
15.491,0.5337
14.276,0.56196
14.357,0.55983
14.523,0.55504
15.07,0.54295
14.894,0.54807
14.229,0.56342
14.942,0.54537
14.265,0.56172
14.209,0.56314
16.491,0.50956
15.673,0.52817
16.075,0.51793
14.637,0.55542
13.651,0.57791
13.191,0.59193
13.185,0.59224
13.268,0.58854
14.619,0.55336
14.617,0.55195
14.209,0.56214
14.39,0.55963
15.407,0.53493
14.409,0.55993
13.374,0.58579
15.204,0.5409
16.618,0.50956
16.075,0.52152
16.431,0.51402
16.808,0.50449
16.236,0.51625
15.819,0.52516
17.187,0.49684
16.796,0.50548
17.057,0.50056
16.71,0.50831
15.547,0.53274
14.738,0.55177
15.402,0.53711
14.109,0.56872
14.229,0.56456
14.896,0.54812
16.298,0.51578
15.64,0.52981
15.445,0.53448
14.817,0.55002
15.837,0.52616
15.011,0.54646
14.73,0.5531
16.277,0.51676
14.527,0.55663
15.629,0.53038
16.087,0.52135
16.001,0.52258
14.925,0.54894
14.845,0.54992
15.612,0.5315
15.379,0.53654
16.481,0.51134
12.981,0.59534
14.823,0.54889
15.775,0.52657
16.07,0.52045
15.675,0.5289
13.398,0.58574
15.477,0.53388
14.874,0.54873
15.567,0.53178
16.248,0.51637
15.152,0.54128
15.17,0.54074
15.661,0.53041
15.556,0.53233
15.859,0.52427
15.865,0.52493
16.87,0.50392
14.845,0.54935
16.105,0.52007
16.696,0.50647
14.434,0.56115
16.843,0.50392
13.992,0.57034
16.029,0.52283
14.505,0.55877
14.832,0.55012
15.099,0.54308
15.258,0.53857
13.682,0.57851
15.146,0.54137
13.722,0.57518
13.568,0.58298
13.27,0.59012
13.708,0.57882
13.497,0.58568
15.265,0.54016
15.348,0.53913
14.259,0.56591
15.128,0.54222
14.743,0.55236
14.692,0.55434
13.932,0.57169
14.959,0.54733
14.02,0.56723
14.428,0.55854
14.115,0.56606
13.786,0.57551
14.886,0.54886
14.651,0.5543
13.876,0.57497
16.638,0.50926
16.518,0.50606
16.785,0.49789
15.446,0.52739
15.121,0.53675
15.939,0.51721
15.768,0.52303
14.645,0.5469
16.252,0.51088
15.723,0.52172
14.098,0.55988
16.464,0.50503
16.871,0.49795
16.259,0.51004
16.857,0.49684
15.927,0.51834
14.454,0.55535
15.834,0.52032
14.744,0.54471
16.068,0.51503
15.346,0.52902
14.355,0.55084
17.009,0.49344
13.821,0.56482
14.578,0.54766
14.164,0.55944
14.949,0.54134
15.116,0.5361
15.417,0.53101
14.041,0.56156
14.579,0.55012
14.055,0.56289
14.549,0.5505
15.241,0.53455
15.236,0.53339
14.89,0.54173
16.482,0.5052
17.989,0.47322
15.551,0.52641
18.112,0.47127
15.198,0.53412
15.719,0.52107
15.696,0.52204
15.18,0.53265
13.93,0.56405
15.404,0.52776
16.565,0.50318
15.23,0.53272
16.117,0.51352
17.422,0.4854
16.184,0.51228
15.984,0.51477
16.387,0.50779
15.408,0.53025
15.675,0.52368
12.782,0.59572
15.397,0.53062
12.972,0.59172
15.732,0.52254
14.382,0.55295
16.571,0.50257
17.84,0.47493
17.13,0.49025
17.215,0.48837
17.578,0.48072
17.042,0.49155
16.636,0.50112
15.028,0.53787
18.206,0.46886
16.764,0.49719
16.961,0.49285
14.029,0.5613
14.277,0.55501
14.383,0.55163
15.442,0.52678
14.4,0.55175
12.563,0.60015
14.924,0.53934
14.417,0.55327
15.131,0.53591
13.577,0.57157
15.8,0.51734
14.596,0.54581
15.043,0.53541
15.611,0.52254
15.852,0.51628
14.149,0.55752
12.984,0.58819
13.866,0.5646
14.558,0.54846
14.332,0.5526
14.912,0.53897
13.982,0.5613
12.917,0.58861
15.62,0.52231
15.118,0.53461
14.753,0.54389
14.894,0.53997
15.218,0.53382
14.69,0.54496
15.258,0.53074
14.547,0.54692
12.086,0.61235
12.322,0.60407
13.102,0.58412
13.771,0.56793
15.44,0.52697
12.897,0.59083
13.591,0.57196
15.327,0.53004
13.27,0.58059
14.556,0.54689
14.293,0.55295
14.679,0.54316
15.176,0.53385
14.84,0.5401
14.668,0.54446
13.071,0.58836
15.242,0.5325
13.849,0.5676
14.579,0.54738
15.239,0.53131
14.556,0.54686
14.138,0.55489
15.342,0.52915
13.784,0.56384
14.109,0.5568
14.149,0.55738
14.107,0.55845
13.921,0.56381
13.518,0.57266
15.103,0.5344
15.268,0.53266
15.816,0.51969
15.016,0.53659
14.721,0.54439
15.783,0.5199
16.004,0.51657
15.776,0.52079
15.076,0.53795
15.009,0.54069
16.193,0.51299
16.826,0.49822
14.866,0.54224
15.121,0.53507
14.393,0.55121
15.503,0.5265
14.613,0.54809
13.903,0.565
15.191,0.53516
13.242,0.58312
12.872,0.59243
13.124,0.58391
12.883,0.5901
13.072,0.58524
12.728,0.59539
15.351,0.52632
15.263,0.52886
15.575,0.52569
14.982,0.53707
15.024,0.53807
14.952,0.53827
15.529,0.52537
14.468,0.55079
14.682,0.544
15.075,0.53672
14.822,0.54173
14.735,0.54262
15.814,0.52026
13.135,0.58381
14.01,0.56365
15.332,0.53181
13.604,0.57221
13.597,0.57176
13.618,0.57068
12.764,0.59257
13.224,0.58052
12.76,0.59299
13.509,0.57411
13.598,0.57155
14.641,0.54618
14.573,0.5475
14.7,0.54483
15.479,0.52652
14.708,0.54315
15.688,0.52098
16.081,0.51428
15.279,0.53044
13.027,0.58704
14.301,0.55434
13.135,0.58502
13.793,0.56805
13.721,0.56877
13.706,0.56834
13.775,0.56602
13.332,0.58013
13.604,0.57255
13.348,0.57671
13.732,0.56858
14.559,0.54843
13.824,0.56641
13.73,0.5668
14.252,0.5564
14.565,0.54737
13.272,0.58018
15.092,0.5344
13.661,0.56948
13.21,0.58163
13.905,0.56395
12.76,0.59517
14.009,0.56203
12.735,0.59587
14.108,0.55911
12.737,0.59771
14.252,0.55682
13.304,0.5811
14.062,0.56095
13.024,0.58622
13.202,0.58156
13.969,0.56363
12.963,0.59081
13.948,0.56507
13.605,0.57172
13.202,0.584
13.53,0.57619
13.272,0.58075
13.717,0.57075
12.838,0.59177
14.545,0.54731
14.59,0.5477
13.896,0.56329
15.36,0.5287
13.377,0.5776
13.399,0.57928
13.261,0.58147
13.157,0.58352
14.571,0.54745
13.054,0.58522
13.287,0.57976
12.776,0.59353
14.747,0.54329
15.189,0.53327
14.995,0.53758
14.917,0.5384
14.668,0.54368
14.772,0.54228
15.556,0.52385
14.462,0.54967
13.981,0.55886
15.04,0.53593
14.624,0.54521
13.376,0.57752
13.438,0.5751
13.404,0.57732
15.406,0.52802
15.288,0.5306
14.863,0.54034
15.665,0.52083
16.004,0.51406
15.256,0.53126
16.394,0.50495
16.517,0.5017
14.117,0.55799
12.892,0.589
13.078,0.58492
12.787,0.59376
14.449,0.55018
13.631,0.57226
14.175,0.55764
13.735,0.5706
13.648,0.57234
14.904,0.54101
15.005,0.53905
14.689,0.5451
13.861,0.56398
15.008,0.5379
15.23,0.53231
15.79,0.51857
16.848,0.49606
16.256,0.50785
16.419,0.50479
15.41,0.5264
14.88,0.54011
14.495,0.55043
14.666,0.54583
14.972,0.5374
14.8,0.54214
14.876,0.53959
13.536,0.57435
13.648,0.57113
14.063,0.561
16.042,0.51461
15.33,0.53109
14.09,0.55999
15.495,0.52714
16.257,0.50906
14.326,0.55303
13.997,0.55993
14.148,0.55562
14.868,0.53915
15.945,0.51543
15.218,0.53001
15.648,0.52097
15.563,0.52499
12.883,0.59266
15.566,0.52491
16.364,0.5072
15.37,0.5281
14.493,0.54926
16.128,0.51065
15.477,0.52642
14.05,0.56111
14.083,0.55912
14.567,0.54802
14.634,0.54567
14.891,0.53971
14.19,0.55619
14.32,0.55304
13.931,0.56253
13.941,0.56335
15.129,0.53404
14.925,0.53978
14.936,0.53752
14.091,0.56055
13.877,0.56467
15.147,0.53429
15.791,0.51858
15.123,0.53319
15.874,0.51475
15.14,0.53299
14.239,0.55515
15.643,0.52237
15.906,0.51706
15.262,0.5309
15.499,0.52547
16.344,0.50655
15.101,0.53499
15.32,0.52939
14.787,0.54177
14.731,0.54282
15.001,0.53606
14.207,0.55805
16.08,0.51456
14.097,0.55989
13.053,0.58576
13.691,0.56955
14.274,0.55421
14.495,0.54838
14.433,0.55125
12.863,0.59162
13.301,0.58003
12.949,0.58884
15.155,0.53228
13.132,0.58312
13.366,0.57884
12.769,0.59474
13.967,0.56126
12.797,0.59393
13.054,0.58538
12.969,0.58793
15.807,0.51701
15.675,0.5206
15.808,0.51654
15.172,0.53099
15.664,0.52034
16.422,0.50556
15.658,0.5231
16.151,0.51089
13.877,0.56471
15.98,0.51445
16.603,0.50065
16.726,0.49791
14.124,0.55832
13.244,0.58157
14.592,0.54557
14.264,0.55486
15.686,0.52061
13.503,0.57335
13.362,0.57782
13.814,0.56705
13.353,0.57863
14.178,0.55699
13.087,0.58454
13.783,0.56687
15.034,0.53576
15.334,0.52947
15.732,0.52024
15.355,0.52827
15.345,0.52764
14.273,0.5538
15.11,0.53463
13.139,0.58244
14.853,0.53997
14.942,0.53822
15.677,0.52095
13.916,0.5629
12.851,0.59175
13.846,0.56414
13.049,0.58621
14.236,0.55504
13.832,0.56454
13.852,0.56394
13.848,0.56714
14.444,0.55123
13.765,0.56925
14.092,0.55983
14.04,0.56121
14.021,0.55967
14.218,0.55593
14.743,0.54132
14.29,0.55177
13.69,0.56775
14.39,0.55094
14.99,0.53719
15.206,0.53262
14.904,0.53775
14.855,0.54139
14.994,0.5383
14.052,0.55886
14.512,0.54643
14.185,0.55422
12.616,0.59645
13.641,0.56841
13.13,0.58165
13.242,0.57946
12.827,0.59052
13.514,0.57321
13.665,0.56885
13.586,0.57085
13.334,0.57711
13.718,0.56742
13.409,0.57543
15.788,0.51731
16.683,0.49821
14.763,0.54294
14.546,0.54687
14.605,0.54592
16.379,0.50585
16.037,0.5107
16.52,0.50259
14.091,0.55749
15.011,0.5351
15.487,0.52262
14.313,0.55398
14.713,0.54278
14.556,0.5462
14.287,0.55402
14.459,0.54991
15.038,0.53619
13.96,0.55851
14.494,0.54775
14.228,0.55259
14.906,0.5365
13.81,0.56222
16.301,0.50515
14.321,0.5529
14.259,0.55204
13.061,0.5853
14.496,0.54815
15.36,0.52551
14.022,0.55747
13.792,0.56336
15.459,0.52309
12.974,0.58346
13.9,0.56085
15.209,0.52916
12.997,0.58398
14.242,0.55169
14.366,0.54777
14.793,0.53743
16.256,0.50568
15.106,0.5296
16.234,0.50389
14,0.5575
15.676,0.51591
14.732,0.54041
15.532,0.51962
14.696,0.54039
15.078,0.53007
14.191,0.55177
14.402,0.5469
14.451,0.54501
14.125,0.5537
14.417,0.54534
13.76,0.56159
14.055,0.55461
14.795,0.53668
13.81,0.56089
14.612,0.54158
15.325,0.52357
13.642,0.56427
13.548,0.56644
15.077,0.52629
15.719,0.51153
15.102,0.52676
14.901,0.52995
15.286,0.52139
15.53,0.5172
15.602,0.51492
14.655,0.53848
15.331,0.52056
13.809,0.55783
14.793,0.53288
14.958,0.52926
15.283,0.52093
15.814,0.50876
14.948,0.52762
14.365,0.54242
14.292,0.54322
14.676,0.53434
13.833,0.55501
14.653,0.53473
14.368,0.54097
14.631,0.53451
14.595,0.53642
14.063,0.54713
14.188,0.54538
14.656,0.53423
14.316,0.54163
14.125,0.54535
14.506,0.53578
14.932,0.52572
14.969,0.52512
14.506,0.53584
14.37,0.53785
14.608,0.53232
14.8,0.52784
14.364,0.53695
15.622,0.50553
14.895,0.52166
15.422,0.51129
15.542,0.50959
15.888,0.50275
16.119,0.49463
16.135,0.49632
16.353,0.4927
14.359,0.53397
16.056,0.49624
15.806,0.50106
16.321,0.49094
15.183,0.51596
14.446,0.53197
14.248,0.53766
15.003,0.51969
15.154,0.516
14.659,0.52475
14.744,0.52105
14.294,0.5323
14.586,0.52409
14.162,0.53412
13.883,0.5401
13.821,0.54199
15.175,0.51061
15.271,0.50744
14.711,0.52087
14.634,0.52098
14.827,0.51583
14.325,0.52601
14.886,0.51293
14.028,0.53398
14.883,0.51162
14.857,0.51366
15.252,0.50359
14.345,0.52477
14.821,0.51358
14.588,0.51763
14.659,0.51655
14.682,0.51385
14.848,0.51078
15.306,0.49977
15.192,0.50108
15.535,0.49407
15.047,0.50361
14.248,0.52363
14.7,0.51183
15.008,0.50378
14.972,0.5025
15.14,0.49947
14.167,0.52051
13.172,0.53876
14.045,0.51899
13.938,0.52031
13.594,0.52778
12.849,0.54233
12.929,0.5418
12.849,0.5438
12.748,0.54545
12.747,0.54465
12.406,0.55204
12.419,0.55159
12.276,0.55447
12.176,0.55733
12.514,0.54912
12.228,0.55505
12.423,0.55019
12.218,0.5572
12.243,0.5536
12.382,0.55219
11.959,0.56177
12.154,0.55465
11.96,0.56052
11.519,0.568
11.297,0.57318
11.372,0.57035
11.425,0.56615
12.462,0.54464
12.06,0.55609
11.766,0.56404
11.756,0.55795
11.978,0.55645
11.633,0.55901
11.545,0.56076
11.304,0.56611
10.57,0.58642
10.49,0.58812
10.033,0.60153
10.188,0.59655
10.36,0.59162
10.121,0.59569
10.558,0.5867
11.191,0.57086
10.586,0.58139
10.223,0.58968
10.126,0.59445
10.517,0.58164
10.687,0.58251
10.027,0.60032
10.119,0.59589
10.247,0.59222
10.426,0.5909
10.239,0.58891
10.197,0.59507
10.271,0.58836
9.9029,0.59667
9.034,0.62412
11.009,0.57274
9.9507,0.5996
10.153,0.59024
10.569,0.58267
10.535,0.58593
9.5793,0.61342
10.243,0.59286
9.7164,0.60918
9.1894,0.62743
9.4837,0.61394
10.167,0.59253
9.0057,0.62531
8.315,0.64662
9.8556,0.60232
7.5328,0.67279
6.98,0.693
8.1348,0.65319
6.3263,0.72146
5.4218,0.76507
5.5004,0.77131
6.0331,0.74341
5.6009,0.76046
6.4353,0.71889
5.4576,0.76322
6.3205,0.7224
6.3419,0.72208
5.3829,0.76716
7.3042,0.6746
7.1343,0.67738
5.8234,0.74976
5.9896,0.73566
5.3426,0.76954
5.7161,0.74727
5.7157,0.74692
5.3305,0.76539
5.767,0.73874
5.893,0.73166
5.801,0.73737
6.6762,0.6917
6.7281,0.68784
6.269,0.72617
6.1755,0.71894
5.6046,0.74317
5.7452,0.73888
5.4849,0.75136
5.5511,0.7462
5.4238,0.7527
5.4625,0.7509
5.4743,0.74994
5.9436,0.72287
4.9757,0.78289
4.8266,0.78983
4.7911,0.79109
4.9012,0.78174
4.8382,0.78537
4.9931,0.77692
4.8813,0.78185
4.7294,0.79095
4.6908,0.79256
4.7008,0.79129
4.7285,0.78935
4.3867,0.80997
4.618,0.79346
4.7235,0.7877
4.4102,0.80739
4.7254,0.78713
4.8318,0.78209
4.5376,0.79601
4.5482,0.79744
4.6396,0.7895
4.5927,0.7901
4.7647,0.77817
4.3683,0.8039
4.473,0.79687
4.669,0.78461
4.9238,0.76465
4.9143,0.76718
4.8627,0.76736
4.671,0.77939
4.3399,0.80113
4.6516,0.78032
4.4942,0.79068
4.3029,0.80073
4.43,0.79233
4.8732,0.76961
4.8868,0.76236
4.87,0.76316
4.8591,0.76466
4.9459,0.76177
4.7212,0.77478
4.7613,0.77212
4.7403,0.77223
4.6982,0.77675
4.667,0.77526
4.824,0.76548
4.6592,0.77757
5.1986,0.74255
4.6373,0.77063
5.9882,0.69757
4.5964,0.77609
4.9364,0.76216
4.844,0.76689
4.811,0.76853
4.5976,0.77949
4.6912,0.77534
4.5956,0.77935
4.7273,0.7708
4.8892,0.76194
5.1638,0.74846
3.4193,0.84411
4.0769,0.79882
6.9994,0.63172
6.4874,0.65544
6.8509,0.63828
3.4723,0.8385
8.5638,0.5768
3.7586,0.82129
3.9665,0.80698
4.7047,0.76533
4.7571,0.76006
4.4087,0.77984
4.6757,0.76065
5.1486,0.73553
4.3414,0.77547
4.1194,0.78887
4.6382,0.75637
5.9816,0.67988
6.1152,0.67295
5.8245,0.69008
7.2345,0.61707
5.1527,0.72181
4.0776,0.78458
4.825,0.74555
3.6737,0.80932
4.006,0.78837
3.613,0.81532
3.995,0.79009
3.9243,0.7926
3.8682,0.79615
3.8222,0.79716
3.9456,0.78604
3.9838,0.783
3.7776,0.79554
4.0332,0.77924
3.9538,0.78413
3.7822,0.7917
4.1946,0.76919
4.2503,0.76444
4.1267,0.77168
4.0189,0.77741
4.1937,0.76386
4.515,0.74606
4.126,0.76762
3.8827,0.78491
3.5662,0.80146
4.0306,0.77323
4.1567,0.76509
4.1705,0.75441
4.3673,0.74231
4.308,0.74774
3.6743,0.79229
4.0188,0.76716
4.0771,0.76049
4.0186,0.7649
3.857,0.77592
3.5553,0.80035
3.672,0.79281
3.4726,0.80445
4.7538,0.71468
4.9561,0.697
4.4432,0.73295
3.9857,0.76378
4.6739,0.7148
5.7612,0.66059
4.3312,0.74623
4.6201,0.72517
3.5958,0.79452
4.8978,0.70056
5.168,0.68498
4.4044,0.74591
4.4868,0.72541
5.3525,0.68794
5.058,0.70391
3.2473,0.813
3.968,0.76304
5.4558,0.67827
3.7849,0.77798
4.5962,0.73075
4.293,0.74836
3.6967,0.78472
4.3976,0.74033
4.208,0.74741
4.0197,0.76139
3.748,0.77752
3.7349,0.77913
4.1593,0.75421
3.6338,0.78522
4.7903,0.71562
3.8923,0.76412
3.4454,0.79745
3.5068,0.78987
5.2001,0.68852
3.6053,0.7852
5.179,0.6911
3.9573,0.76221
4.8794,0.7084
3.8454,0.76535
3.9198,0.75933
3.7557,0.77201
3.9176,0.76016
4.5174,0.7187
4.7362,0.70629
4.6219,0.70998
4.1325,0.73964
4.8545,0.69429
4.4895,0.71556
3.905,0.754
3.5958,0.77978
4.0921,0.74909
3.493,0.79077
3.7173,0.78082
3.5813,0.78205
4.3822,0.74276
4.069,0.75258
3.6357,0.77869
4.1485,0.74717
3.5388,0.7844
3.5499,0.78366
4.9343,0.6974
5.7398,0.65321
5.0031,0.69285
4.7792,0.70804
4.522,0.72527
4.5804,0.7225
4.8814,0.70305
4.9638,0.69633
5.0194,0.69219
5.3989,0.66959
4.5837,0.71541
4.6003,0.71532
4.2512,0.73587
4.9742,0.69034
4.4614,0.72057
4.7675,0.70385
4.6145,0.71211
4.1217,0.74506
4.3478,0.72976
5.3198,0.67148
5.1212,0.68321
3.8961,0.76075
4.1193,0.74039
3.9694,0.75235
4.3168,0.73346
4.7796,0.70507
4.8208,0.70285
4.4723,0.72261
5.1298,0.68315
4.1179,0.74842
4.4186,0.72774
3.9621,0.75685
4.0238,0.75267
4.9161,0.6927
4.8298,0.70147
4.8209,0.70165
5.0042,0.69016
4.6008,0.71082
5.087,0.68595
4.5489,0.71419
4.5287,0.71566
3.9204,0.76351
3.7892,0.7725
5.0845,0.68509
4.1787,0.74103
4.5218,0.71884
4.4589,0.72696
4.8989,0.69255
4.3661,0.72446
4.9755,0.68532
4.7951,0.69735
4.4279,0.71977
4.8376,0.6965
5.0982,0.68208
4.1317,0.73751
4.6653,0.70467
4.8764,0.69237
4.6116,0.70968
4.2491,0.73116
4.7489,0.69861
4.5321,0.715
4.5438,0.71968
4.8451,0.69623
4.7876,0.70227
4.8671,0.69726
4.549,0.71484
4.8159,0.70078
4.8413,0.69779
4.8359,0.69058
4.8568,0.69583
4.6389,0.70652
3.9621,0.75383
4.0304,0.7487
4.5476,0.70932
4.3279,0.72277
4.413,0.71772
4.2165,0.73233
4.2333,0.72994
4.1171,0.74031
4.4214,0.71669
4.3417,0.72367
4.2598,0.72904
4.0489,0.74264
4.027,0.74539
4.4646,0.71476
4.2226,0.73016
3.9287,0.75209
3.8385,0.75623
3.9775,0.74745
4.0242,0.74101
3.8108,0.75463
3.8164,0.75622
3.6332,0.76886
4.2207,0.73689
4.1132,0.74056
4.0043,0.74237
3.6686,0.7693
4.2758,0.72694
4.1782,0.73832
4.0176,0.74872
3.8864,0.75698
4.0555,0.74317
4.2127,0.7321
4.5269,0.70793
3.8015,0.76202
4.0529,0.7408
4.4823,0.71144
4.778,0.69706
4.6413,0.70073
4.2949,0.72223
4.2795,0.72498
4.6967,0.69703
3.9946,0.74691
4.3337,0.71898
4.4453,0.71453
4.1311,0.73915
4.2472,0.72906
4.1888,0.73377
4.3105,0.72555
4.2637,0.72849
4.2171,0.73278
4.1136,0.73701
4.2619,0.73076
4.1386,0.73584
4.6274,0.70309
4.4393,0.71228
4.4648,0.70995
4.5498,0.70584
4.2743,0.7223
4.6361,0.70026
4.7099,0.69491
4.3514,0.71938
4.5486,0.7048
4.605,0.70537
4.5477,0.70847
4.3569,0.7173
4.3315,0.72319
4.578,0.7068
4.0183,0.73983
4.083,0.73552
4.6364,0.70137
5.3177,0.66502
4.1373,0.7281
4.0906,0.73246
4.0461,0.73842
4.7014,0.69734
4.9143,0.68017
4.5775,0.70939
5.043,0.68213
5.0235,0.68424
4.9145,0.68584
5.3996,0.66285
4.4758,0.71698
4.7486,0.70017
4.3077,0.7298
4.0018,0.74975
4.3265,0.72677
3.631,0.76681
3.9134,0.74189
3.8178,0.74951
4.1718,0.73089
3.2909,0.79445
4.8594,0.69525
3.6102,0.76722
4.73,0.70069
4.7376,0.70508
5.1131,0.68672
4.3444,0.72992
4.0972,0.73386
5.7096,0.63771
4.8442,0.68581
4.2067,0.72622
4.4626,0.7081
5.4454,0.65086
5.643,0.63915
4.5172,0.7046
3.6139,0.77207
3.7588,0.76009
4.7838,0.69177
4.853,0.68637
4.4935,0.70931
4.7764,0.69493
4.5679,0.7072
4.7984,0.68909
5.0347,0.67752
4.6869,0.70002
4.4266,0.71705
4.7581,0.69426
4.4039,0.7171
4.539,0.70823
4.3877,0.71774
4.3686,0.71956
4.4979,0.71159
4.678,0.69946
4.5713,0.69989
4.0177,0.7373
4.2599,0.71979
4.0046,0.73622
3.9427,0.74431
4.7058,0.69523
3.8878,0.74775
3.5925,0.76752
4.1254,0.72857
4.7226,0.69695
4.3884,0.71398
4.5447,0.70745
5.4684,0.65336
4.8115,0.68618
3.9708,0.73158
4.8014,0.6903
4.2304,0.72415
4.0203,0.74469
4.5044,0.70665
3.4712,0.77264
3.8054,0.74477
3.9174,0.73833
3.8144,0.74567
4.8472,0.68553
4.1915,0.72702
4.6839,0.69198
4.4293,0.70884
4.3891,0.70976
4.4546,0.70802
3.7452,0.75936
4.4882,0.70687
4.4255,0.70902
3.8187,0.7486
4.2097,0.72076
4.0301,0.73764
4.289,0.71841
3.721,0.75778
3.6393,0.76448
4.0025,0.73843
4.282,0.71982
3.9458,0.74441
4.297,0.71828
4.272,0.71744
4.5487,0.70153
4.1535,0.72808
4.3374,0.71403
4.0022,0.73961
2.9154,0.81778
4.7743,0.68605
4.7197,0.68948
4.1803,0.72533
4.5269,0.70057
4.1219,0.7318
4.4296,0.7077
4.7133,0.69067
4.3597,0.71893
4.1671,0.72843
4.5255,0.70586
4.6849,0.69479
5.1323,0.66305
4.6226,0.69683
4.6785,0.69446
5.2845,0.66222
4.7757,0.68927
4.6681,0.69092
4.6067,0.69921
4.5417,0.70216
4.7676,0.69193
4.4143,0.71171
4.08,0.73707
4.05,0.73365
4.3828,0.70672
4.8766,0.67561
4.7045,0.68906
4.6408,0.69373
4.3337,0.71188
4.5969,0.69793
4.5783,0.70268
2.9626,0.81098
4.3712,0.71437
4.8065,0.68357
4.7543,0.68911
4.3037,0.71358
4.4323,0.71467
4.2434,0.72354
4.8813,0.67728
5.5364,0.64616
4.6616,0.69646
4.9489,0.67397
4.6528,0.70025
5.3047,0.65775
4.7263,0.69557
4.1706,0.73219
4.115,0.73514
3.7804,0.75686
4.4994,0.70421
4.9016,0.68201
4.819,0.68343
3.2684,0.79254
4.2036,0.72584
4.5154,0.70471
4.3935,0.71252
3.9288,0.74269
3.7863,0.75475
3.8485,0.75236
3.9411,0.75018
4.4859,0.70781
3.5537,0.76636
3.6297,0.76514
3.8512,0.7456
3.7862,0.75096
3.9587,0.73751
3.9752,0.73865
3.7494,0.75399
4.3639,0.71024
3.8746,0.74408
4.1362,0.7231
3.9634,0.73983
3.965,0.73653
4.4483,0.70897
4.0757,0.73507
4.3202,0.71771
3.8685,0.74675
3.9873,0.73776
4.0101,0.73707
4.5292,0.70088
4.0472,0.73438
4.086,0.72829
4.1557,0.72176
4.3681,0.71048
3.9172,0.74431
3.6032,0.76214
3.7361,0.75264
4.2462,0.72042
4.679,0.68563
3.9555,0.7384
4.2083,0.72241
3.9952,0.73948
3.3963,0.77256
3.94,0.73194
3.6012,0.75688
3.4497,0.76851
3.7033,0.74729
4.2377,0.72066
4.7012,0.68893
3.7327,0.75886
3.6745,0.76137
3.7796,0.75363
4.1378,0.72687
3.8849,0.74961
4.2237,0.72054
4.0864,0.73431
3.0706,0.80746
3.629,0.76435
3.6747,0.76373
4.7812,0.68077
4.2791,0.71599
3.9543,0.73718
3.9567,0.73747
3.7147,0.75086
3.7572,0.74767
3.9959,0.73166
4.072,0.72968
3.8369,0.7425
3.908,0.7361
4.5004,0.6955
3.9603,0.7344
3.4716,0.76544
3.7122,0.75622
3.6242,0.76202
4.1033,0.73056
4.4969,0.70673
3.8845,0.74341
3.9176,0.74155
3.9852,0.7377
4.3849,0.7075
4.1951,0.72219
4.3444,0.71123
4.4233,0.70524
4.435,0.70686
4.6305,0.69333
3.7479,0.7492
3.2973,0.78619
3.7415,0.75326
3.792,0.74943
3.9092,0.74431
3.6241,0.76265
3.8367,0.74614
3.7516,0.75246
3.7404,0.75235
3.4429,0.78016
3.5755,0.76568
4.0358,0.72916
4.427,0.70115
3.887,0.73889
4.1865,0.72268
4.1475,0.72464
4.1205,0.7239
4.1253,0.72237
4.0406,0.732
3.7129,0.7532
4.5356,0.69823
4.2797,0.71845
5.0271,0.67541
4.6969,0.69424
4.2911,0.71844
4.4375,0.70823
5.3142,0.65799
4.2661,0.71241
3.9349,0.74419
3.9652,0.74098
4.4579,0.70705
4.4609,0.70662
4.1689,0.71674
3.6853,0.75469
3.8211,0.74823
4.1658,0.72029
4.0208,0.73675
3.8842,0.74355
4.1139,0.72653
3.6518,0.7631
4.0886,0.73021
3.9787,0.73488
4.3659,0.71163
3.8076,0.74857
3.6873,0.75862
3.8607,0.74416
4.4029,0.71121
4.2035,0.72133
4.5173,0.70295
4.3207,0.71541
4.1398,0.7257
4.2809,0.71976
4.1304,0.73018
4.3475,0.71765
4.2641,0.71527
4.4788,0.70533
4.6064,0.70098
4.0507,0.73419
4.2467,0.72044
3.9743,0.73331
4.0714,0.72858
4.3789,0.70978
4.1057,0.7229
4.0743,0.72564
4.1057,0.72378
3.8622,0.74161
4.0967,0.72556
3.9573,0.73794
4.2441,0.71742
4.2015,0.7197
3.9977,0.73067
3.9242,0.73738
4.017,0.73008
4.3531,0.70666
4.1415,0.72195
3.6026,0.76038
3.8348,0.74205
3.7462,0.75141
4.3959,0.70778
4.2604,0.71407
4.6805,0.68897
4.9258,0.67463
4.6137,0.69246
4.5844,0.69591
4.4523,0.70427
4.686,0.68932
4.016,0.72841
4.6888,0.68529
3.6094,0.76266
3.7397,0.75079
4.0115,0.73831
4.0841,0.72611
4.0982,0.73237
3.8301,0.7467
4.3202,0.71215
5.0854,0.66304
4.2198,0.71794
4.2463,0.71629
3.6973,0.75548
4.0763,0.72688
4.4803,0.70079
3.8974,0.74009
4.1356,0.72387
3.6712,0.75964
4.1617,0.72468
4.8593,0.67954
3.3216,0.78398
3.3692,0.77804
4.1678,0.7227
5.1621,0.66246
4.5062,0.69633
3.7744,0.74999
4.1098,0.72439
4.197,0.71946
4.3854,0.70747
4.9515,0.67092
4.2209,0.71688
3.6218,0.76906
4.5031,0.69849
4.1163,0.72225
4.3737,0.70818
3.8142,0.7416
4.025,0.73282
3.6677,0.75641
4.0904,0.72961
4.1317,0.72513
3.8935,0.74055
3.5486,0.76529
4.2073,0.72192
3.7192,0.75698
4.424,0.70105
4.492,0.69396
3.5001,0.76896
3.5438,0.76422
4.1827,0.71795
4.0948,0.72516
4.087,0.72574
4.0188,0.72746
3.7869,0.74665
4.4661,0.69729
4.6451,0.68592
4.1604,0.71811
4.2509,0.71403
4.3955,0.70333
4.2409,0.71352
4.3811,0.70752
4.8872,0.67636
4.795,0.67791
4.3492,0.71135
3.9787,0.73152
3.9518,0.72991
4.3138,0.70974
4.1511,0.71975
4.5973,0.69366
3.8235,0.74068
4.439,0.69861
4.4476,0.69648
3.787,0.74095
3.8669,0.74232
3.9113,0.73486
4.511,0.70178
4.6203,0.69075
3.7718,0.74585
3.7534,0.74711
3.968,0.72957
4.5084,0.69259
3.6485,0.75573
3.4037,0.77412
4.0058,0.73019
3.947,0.73277
4.2609,0.71194
3.8064,0.74441
4.3932,0.7084
4.4111,0.70931
4.6409,0.69584
4.4272,0.70606
4.4003,0.70845
4.6597,0.69367
3.685,0.74869
3.7755,0.74388
5.0174,0.66678
4.116,0.717
4.1765,0.71329
4.1741,0.7144
4.2395,0.7107
4.6576,0.68621
4.1244,0.72154
3.7927,0.74334
4.7165,0.68466
4.9646,0.67127
4.7291,0.68506
3.8166,0.73922
4.2458,0.71622
4.0836,0.72025
5.2206,0.65496
4.2446,0.71609
3.8453,0.73557
4.2754,0.71549
4.3792,0.70868
4.1405,0.72182
4.2909,0.71419
4.2066,0.72089
4.1932,0.72038
4.257,0.71322
4.1016,0.72698
4.5208,0.70363
4.4105,0.70992
4.4672,0.70448
3.7649,0.74753
3.8842,0.74389
4.093,0.72525
4.4045,0.70499
3.9988,0.72813
4.215,0.7122
3.6985,0.75184
4.1629,0.71889
4.2256,0.71397
4.3709,0.70396
3.8693,0.74024
3.8234,0.74279
3.7551,0.74896
4.426,0.70545
4.2477,0.7127
3.7376,0.7487
3.5701,0.76089
3.8034,0.74472
4.2868,0.71182
3.9673,0.73369
4.2351,0.71416
3.9611,0.73477
4.3335,0.70937
4.2484,0.71307
3.5864,0.75882
3.4063,0.76959
3.6656,0.74655
3.6126,0.75574
3.8246,0.73717
3.6037,0.76043
3.725,0.75524
3.6969,0.7522
3.7135,0.75075
4.0376,0.72646
3.9466,0.73574
3.8591,0.7413
4.1107,0.72595
3.8759,0.74133
3.9059,0.73449
3.9981,0.72884
3.9482,0.73637
4.2026,0.71407
3.3266,0.7686
3.3165,0.77035
3.4029,0.76167
3.3961,0.76362
3.1508,0.7851
3.2858,0.77484
3.1885,0.78447
4.3293,0.70634
4.1905,0.71601
4.3643,0.7068
4.609,0.69318
3.8216,0.7379
4.1634,0.72014
3.7772,0.74425
4.2927,0.71333
4.3063,0.71243
4.3827,0.70469
3.8215,0.74132
3.414,0.7744
4.1825,0.71892
4.0374,0.72869
4.0584,0.72467
4.0423,0.72219
3.2175,0.78063
4.4893,0.6991
4.0776,0.72283
3.4017,0.77037
3.6953,0.74696
3.9966,0.72881
3.7742,0.74089
4.324,0.70692
4.3474,0.70481
4.2372,0.7155
4.2883,0.71137
4.0115,0.72901
3.8096,0.74489
4.0953,0.72472
4.2577,0.71246
3.8545,0.73887
4.2802,0.70859
4.5065,0.69523
4.1321,0.72025
3.9617,0.72858
3.8078,0.74498
4.3609,0.70545
4.4145,0.70272
4.5364,0.69409
4.067,0.72836
3.9531,0.73727
3.5566,0.75819
4.1142,0.71815
4.6361,0.68841
3.8118,0.75162
4.1231,0.72641
4.0987,0.72402
4.2013,0.71537
3.557,0.75497
4.2341,0.71184
4.1458,0.71878
4.3488,0.70796
3.8834,0.7396
4.2451,0.71537
4.1182,0.72464
4.9207,0.67253
4.5253,0.69462
3.5254,0.76794
3.7497,0.75184
3.0894,0.79429
3.6931,0.74968
3.9759,0.73093
4.4165,0.70123
4.2029,0.71736
4.3277,0.70678
4.492,0.69641
4.2766,0.71275
3.8519,0.73953
3.9633,0.72792
4.494,0.69811
4.1427,0.71954
4.019,0.73136
4.5548,0.69471
4.187,0.71394
4.0283,0.73135
4.0399,0.72771
4.2925,0.71039
4.2436,0.71104
4.5479,0.69376
4.3975,0.69905
4.107,0.7271
4.2614,0.71427
4.899,0.67416
4.5405,0.69557
4.0562,0.73069
4.1396,0.72275
4.0712,0.72204
4.2437,0.71309
5.0161,0.6668
3.9038,0.72902
3.9165,0.73029
4.0155,0.71999
4.3334,0.69988
3.9344,0.73107
3.3887,0.7692
3.7293,0.74312
3.8288,0.73459
4.2631,0.70769
3.8764,0.73125
3.6697,0.74918
4.3603,0.70535
4.3612,0.70595
4.9716,0.67096
4.218,0.71606
3.7726,0.74755
3.8923,0.735
4.1638,0.72024
3.9978,0.73045
3.9282,0.73482
3.8115,0.74447
3.6641,0.75144
4.029,0.73005
3.5915,0.76349
3.7984,0.73801
3.2621,0.78136
3.7393,0.74867
3.8628,0.73888
3.6433,0.75528
3.6631,0.74901
3.6407,0.75385
3.9643,0.73297
4.0568,0.72754
3.227,0.78634
3.5559,0.76671
4.1707,0.71261
3.9083,0.72977
4.0586,0.72268
3.8772,0.73353
4.5652,0.69197
4.0011,0.72647
3.8757,0.73774
3.6407,0.75457
3.6598,0.75463
3.2962,0.77861
3.9442,0.73178
3.5101,0.75697
3.7917,0.74601
4.3038,0.70784
4.0079,0.72692
4.3739,0.70458
4.6184,0.68801
4.431,0.69786
4.3648,0.70017
4.6512,0.68462
4.6184,0.6839
3.6713,0.75339
4.0408,0.72458
3.697,0.74213
4.0142,0.72762
4.2443,0.71222
4.2328,0.7083
3.9184,0.73453
4.4267,0.69772
4.0377,0.7226
4.204,0.71032
4.0111,0.7267
3.9616,0.7317
3.4943,0.76537
4.3285,0.70287
3.9558,0.73214
3.5943,0.75095
3.7886,0.73734
4.3231,0.70688
4.0708,0.72362
3.842,0.7321
4.2421,0.71363
4.2883,0.70774
4.525,0.69296
3.9442,0.72633
3.7458,0.74293
3.7856,0.73965
3.4451,0.76308
3.7701,0.73835
3.928,0.72618
3.7557,0.73948
3.7421,0.7386
3.8826,0.73031
3.8496,0.73344
4.0879,0.7149
4.2778,0.69919
4.0871,0.71606
3.8764,0.73156
3.7483,0.73939
3.5568,0.74947
4.4451,0.69435
4.0362,0.72741
3.9749,0.72752
3.9381,0.73152
4.5186,0.6916
4.2196,0.71117
3.8744,0.73328
4.1806,0.71155
4.3818,0.69541
4.1861,0.71228
4.5897,0.68402
4.0843,0.71204
4.5617,0.68526
4.3471,0.69542
3.5987,0.7493
3.084,0.78358
3.5328,0.75662
4.1791,0.71008
4.1998,0.70752
3.0987,0.78827
3.664,0.74471
3.8129,0.72986
4.365,0.69183
3.0231,0.78827
3.0895,0.78193
4.1697,0.70182
3.8901,0.72475
3.5822,0.74552
3.7473,0.73518
3.8684,0.72838
3.8071,0.73063
3.7314,0.73318
3.2447,0.77062
3.1539,0.78195
3.5382,0.75086
3.35,0.76472
3.2483,0.77499
3.8918,0.72483
4.0304,0.71451
3.8857,0.72553
4.2057,0.70165
3.7526,0.73452
4.3901,0.68977
4.2431,0.69764
3.9435,0.71846
3.8706,0.72375
3.4305,0.76007
4.2444,0.69783
4.5162,0.67547
4.1043,0.70489
4.3607,0.68425
3.8729,0.71998
3.7785,0.72702
3.719,0.72989
3.3298,0.75273
3.6127,0.73982
3.8598,0.71739
3.2592,0.76546
4.1787,0.69658
3.8614,0.71784
3.4778,0.74876
3.7571,0.72831
3.8113,0.7211
4.2785,0.68721
3.7027,0.72509
3.0802,0.77656
3.1383,0.76752
3.9596,0.70262
3.8972,0.70705
3.5467,0.73287
3.2743,0.75607
3.8448,0.71162
3.4313,0.74075
3.3814,0.74428
3.3478,0.74468
4.2627,0.68009
3.6119,0.72788
4.0137,0.69427
3.8405,0.70946
3.7737,0.71741
4.0355,0.69503
4.1323,0.68747
2.4248,0.83488
3.4004,0.73402
3.9873,0.6925
3.9353,0.69543
3.3627,0.74216
3.358,0.74915
3.8176,0.70984
4.261,0.67669
3.7664,0.71063
3.5887,0.72272
2.9891,0.77941
3.1938,0.75239
3.9255,0.69638
3.5386,0.7223
3.0672,0.76502
3.5212,0.72689
3.3411,0.73961
2.4768,0.81913
4.2805,0.66925
3.4795,0.72769
2.5536,0.80962
3.0024,0.7705
3.4761,0.72564
3.6039,0.71527
3.4605,0.72502
2.6902,0.79567
3.839,0.69412
4.2865,0.66491
4.088,0.67699
3.5914,0.71539
3.8495,0.69609
3.954,0.68805
2.6813,0.79305
4.4949,0.65041
3.9379,0.68897
4.1623,0.66789
4.1702,0.66781
3.7551,0.69612
3.7251,0.70309
3.4037,0.72597
4.4811,0.65509
4.5737,0.65167
3.7487,0.70533
4.3147,0.66392
3.5787,0.70898
3.9144,0.68721
3.9805,0.68199
3.9392,0.69114
3.6501,0.70734
3.399,0.72712
3.319,0.72942
3.9789,0.67268
2.7636,0.77365
2.6687,0.78176
3.2614,0.72478
3.7225,0.68983
3.7935,0.68645
3.1091,0.74268
4.1439,0.65886
3.4739,0.7029
2.3844,0.80975
3.1292,0.73915
3.921,0.67028
3.0696,0.7459
3.2708,0.71913
3.2281,0.72495
3.4608,0.70104
3.6385,0.68917
3.162,0.73159
3.2954,0.72436
3.3011,0.72731
3.1368,0.73955
3.2783,0.72881
3.1152,0.74167
3.5361,0.71235
3.3743,0.71703
3.4568,0.70845
3.2355,0.72597
3.257,0.72345
2.717,0.77166
3.0025,0.74382
3.0351,0.74623
3.2522,0.72494
2.8411,0.76199
2.3696,0.80952
3.0541,0.74465
4.3799,0.63255
2.7127,0.76636
3.886,0.6693
3.8904,0.66712
3.8845,0.66718
3.6105,0.68463
3.8644,0.67067
3.5752,0.69056
3.2953,0.70876
2.6214,0.77429
2.9439,0.74471
2.9673,0.73869
3.3639,0.69892
4.0209,0.65187
2.8919,0.74321
3.0101,0.72976
2.9288,0.73458
3.8659,0.66103
3.492,0.69175
3.2096,0.70902
2.2751,0.8102
3.3972,0.70034
2.3576,0.80377
2.501,0.78132
3.5502,0.6787
3.7011,0.66968
3.4434,0.68384
3.7428,0.66038
3.8008,0.66079
3.4121,0.6889
3.9829,0.64632
3.53,0.68347
3.6461,0.67222
2.01,0.83637
3.0681,0.71874
2.5013,0.77357
3.3011,0.70268
3.3754,0.69462
3.8405,0.66005
3.3254,0.69613
3.3891,0.69204
3.7871,0.65786
3.5331,0.67891
3.331,0.69832
3.3067,0.7016
3.5437,0.68285
3.7694,0.66685
3.9268,0.65309
4.2316,0.62954
3.8743,0.65518
3.0634,0.72332
4.2054,0.63259
3.7838,0.66163
2.8399,0.73283
3.2247,0.70088
3.1964,0.70362
3.0655,0.7159
2.7658,0.7489
3.9855,0.64179
3.7397,0.66619
3.2147,0.69926
3.676,0.66514
3.8937,0.64633
3.8543,0.65062
4.0674,0.63302
4.406,0.60696
4.204,0.62104
3.7135,0.65818
3.5386,0.67308
3.2758,0.69245
3.5623,0.66693
3.6646,0.66048
4.143,0.62714
3.4755,0.67598
3.4554,0.68299
4.2478,0.61914
4.2781,0.62119
4.3708,0.61295
4.4502,0.60653
3.8436,0.64928
3.8579,0.6425
3.8858,0.6447
3.903,0.64012
3.5177,0.66752
5.2098,0.55713
4.5517,0.58671
4.6407,0.5812
3.6048,0.65682
5.0276,0.56121
4.1061,0.6225
4.2893,0.60814
2.5735,0.75225
1.987,0.81495
1.9297,0.82401
1.8305,0.83562
2.0979,0.80739
2.3965,0.77381
2.6076,0.75464
2.3157,0.78288
2.3658,0.77592
2.6478,0.75247
2.5546,0.75929
2.6577,0.74985
2.7175,0.74494
2.3378,0.77848
2.5986,0.75706
2.3693,0.77787
2.3683,0.77663
2.3728,0.7731
2.3001,0.77826
2.2833,0.78135
2.3233,0.77801
2.3052,0.77931
2.5877,0.75224
2.2762,0.78481
2.1367,0.7957
2.4137,0.76711
2.4442,0.76555
2.4803,0.76187
2.4345,0.76458
2.5886,0.75217
2.0895,0.79615
2.5312,0.75831
2.6227,0.74806
2.3352,0.776
2.5415,0.75566
2.5141,0.75907
2.4926,0.7608
2.7671,0.7366
2.742,0.73737
2.6193,0.74595
2.7031,0.73868
2.5506,0.74938
2.3337,0.77074
2.3413,0.77198
2.3489,0.7714
2.2708,0.77957
2.2529,0.77693
2.3226,0.76944
2.4912,0.75633
2.4607,0.75586
2.351,0.76796
2.5026,0.7558
2.4708,0.75805
2.6459,0.7404
2.4148,0.76151
2.5246,0.75218
2.6271,0.74066
2.4836,0.7532
2.4384,0.75944
2.8988,0.71769
2.4993,0.75189
2.5402,0.74775
2.384,0.7618
2.3048,0.76931
2.2813,0.77042
2.3259,0.76843
2.7113,0.73011
2.4257,0.75691
2.5179,0.74902
2.7287,0.73434
2.3967,0.76277
2.7016,0.73897
2.3716,0.76277
2.8795,0.71953
2.6821,0.73147
2.7973,0.72453
2.8484,0.72072
2.696,0.73657
2.5994,0.74355
2.6945,0.73738
2.6141,0.74526
3.0239,0.70315
2.7261,0.73245
2.5889,0.74647
2.4882,0.7561
2.5029,0.75351
2.4872,0.75298
2.6608,0.73705
2.5482,0.74437
2.478,0.74955
2.5164,0.74741
2.4632,0.75164
2.4162,0.75716
2.1239,0.78609
2.2972,0.76617
2.6617,0.73895
2.6572,0.73291
2.699,0.72733
2.9219,0.71157
2.7254,0.72802
2.6789,0.73202
2.5691,0.73945
2.5246,0.74204
2.4237,0.75711
2.4738,0.75192
2.5058,0.74885
2.6289,0.73631
2.4849,0.74865
2.472,0.74501
2.6239,0.73867
2.7559,0.72397
2.8502,0.7159
2.6783,0.73364
2.5701,0.74046
3.1389,0.687
2.0961,0.78864
2.261,0.77318
2.3017,0.76313
2.3955,0.75422
2.2872,0.76477
2.4554,0.74713
3.1296,0.69265
2.6379,0.7327
3.0587,0.7031
3.1832,0.69217
2.9256,0.70883
2.5482,0.74007
3.2416,0.6846
2.6014,0.73356
2.5244,0.74082
3.3226,0.67931
2.4456,0.74888
2.5651,0.74219
2.4871,0.75005
2.5263,0.74696
2.6111,0.73864
2.6148,0.73835
2.3118,0.76239
2.6025,0.73945
2.4072,0.75581
2.5594,0.73921
2.6395,0.73264
3.0852,0.69618
2.6572,0.73238
3.0925,0.69743
2.5058,0.74463
2.7792,0.72459
2.715,0.72943
2.7557,0.72589
2.5841,0.73629
2.5983,0.73494
2.5585,0.73863
2.5791,0.73614
3.0612,0.69878
2.7428,0.72694
3.2328,0.68001
2.7256,0.72362
2.6203,0.73241
2.6227,0.7332
2.6193,0.73092
2.6773,0.72906
2.5816,0.73727
2.5734,0.73794
2.8779,0.71275
3.0366,0.70111
2.7329,0.72249
3.113,0.68998
3.0963,0.69095
3.5372,0.65914
3.1737,0.68937
3.0294,0.70066
2.9102,0.70946
2.9779,0.70142
2.6095,0.7358
2.4637,0.74559
2.6161,0.73019
2.7789,0.71657
2.6133,0.73048
2.7191,0.72144
2.5185,0.73909
3.0703,0.6987
2.7344,0.72604
2.5549,0.74148
2.5967,0.7388
2.6141,0.73747
2.5044,0.74449
2.6908,0.72777
2.708,0.7224
2.6819,0.72567
3.1522,0.68734
2.6685,0.72817
2.8554,0.7154
2.9638,0.70711
2.8615,0.71723
3.215,0.68922
2.5956,0.73589
2.4876,0.7417
2.3934,0.75098
2.446,0.74577
2.5466,0.74183
2.5793,0.74068
2.5445,0.74465
2.697,0.72856
2.7098,0.72577
2.7429,0.72329
2.7002,0.72806
2.6088,0.73619
2.6912,0.72837
2.8362,0.71643
2.666,0.72971
2.7774,0.72168
2.7159,0.72224
2.6423,0.72606
2.8688,0.711
2.6281,0.72893
2.6023,0.7291
2.9173,0.70789
2.9583,0.70548
2.9206,0.70917
2.8735,0.71331
2.9497,0.70606
2.4974,0.74305
2.7308,0.72084
3.0528,0.69391
2.8636,0.70989
2.6647,0.72564
2.5994,0.73181
2.8347,0.71019
3.3275,0.67746
2.8368,0.71644
2.7643,0.71965
2.7843,0.71899
3.413,0.67446
2.6281,0.73405
2.6842,0.7277
2.6485,0.72994
2.5491,0.73857
2.8172,0.71615
2.7448,0.72003
2.6852,0.72603
2.9201,0.70701
2.8259,0.71592
2.6261,0.73073
2.8054,0.71784
2.8266,0.71821
2.8762,0.7078
2.7709,0.71645
2.7361,0.71879
2.9835,0.70192
3.1345,0.68956
2.7773,0.72201
3.2017,0.6875
2.9492,0.70934
2.8987,0.71455
3.183,0.68804
3.0786,0.69483
2.9633,0.70262
2.4645,0.74167
3.1835,0.68405
2.8062,0.71782
2.8117,0.71487
2.6909,0.72825
2.9685,0.70521
2.8404,0.71785
2.785,0.72297
2.8836,0.71287
3.0513,0.69769
2.957,0.7053
2.7043,0.72717
2.4897,0.74019
2.8062,0.71177
2.9758,0.70259
2.8908,0.70604
3.0196,0.69817
2.8775,0.71126
2.9843,0.7036
2.9201,0.7101
3.0033,0.70318
2.8522,0.71665
2.8742,0.7147
2.8055,0.7211
3.0016,0.69869
2.7006,0.72077
2.6362,0.72563
2.8108,0.71408
2.8932,0.70708
3.1411,0.68899
2.9516,0.70803
2.9671,0.70741
3.4395,0.6689
3.1393,0.6897
2.8247,0.71771
3.2023,0.68459
3.0186,0.69581
2.7594,0.71941
3.0782,0.6912
2.9697,0.70176
2.8317,0.71666
2.8403,0.71418
2.9061,0.70613
2.9174,0.70695
2.9685,0.70305
2.8669,0.71302
3.0141,0.69987
3.0411,0.69912
2.9315,0.70676
2.9292,0.70527
3.1514,0.68652
3.0544,0.69371
3.0295,0.69623
3.0552,0.69514
3.1149,0.69168
2.7417,0.72112
2.9327,0.71098
3.1563,0.69193
3.0558,0.69716
2.9662,0.70488
3.605,0.65287
3.6087,0.65152
2.9789,0.69648
2.9738,0.7019
3.0777,0.69451
3.0995,0.6952
2.9667,0.70206
2.7691,0.71627
2.8709,0.70982
3.0814,0.6933
2.6765,0.72581
3.0732,0.69682
2.9247,0.70005
3.0698,0.6897
3.0468,0.68985
3.1681,0.68463
2.8371,0.70964
2.7831,0.71511
2.9667,0.69913
2.9638,0.70047
3.1476,0.68949
3.1607,0.68827
3.2485,0.68175
3.5484,0.65855
2.946,0.70482
2.8815,0.70947
2.8975,0.70942
2.6515,0.7223
3.0123,0.69573
2.9291,0.70431
3.4577,0.66459
3.5259,0.6607
3.0383,0.69866
2.945,0.70549
2.8851,0.70526
2.899,0.70817
3.5144,0.65788
3.0853,0.69164
3.2627,0.67845
3.1026,0.69138
3.2485,0.68043
3.1925,0.68417
2.7912,0.71278
2.9977,0.70111
3.6931,0.64855
3.1483,0.68825
2.9546,0.69896
2.868,0.70699
2.5699,0.73191
2.8085,0.71675
2.9415,0.70266
3.0661,0.69178
2.8958,0.7073
2.8521,0.70786
2.6866,0.72394
2.9701,0.70373
3.1578,0.68989
3.1284,0.69358
2.9757,0.70558
2.989,0.70305
2.8266,0.71137
2.9858,0.69688
3.1857,0.68247
2.8693,0.70495
3.7457,0.64318
3.0962,0.69067
2.7605,0.7182
3.1112,0.69148
2.8444,0.71511
3.2418,0.6822
2.9989,0.70312
3.3153,0.67561
3.0388,0.69661
2.7777,0.70957
3.1396,0.6847
3.0269,0.6938
2.9487,0.70123
3.0816,0.69244
3.4045,0.6686
3.3651,0.67497
3.2271,0.68456
3.1121,0.6933
3.1042,0.69019
3.0386,0.69082
2.9723,0.69672
3.0697,0.6906
2.8527,0.70992
2.9812,0.69793
3.0529,0.69375
3.1418,0.68476
2.956,0.70302
3.0123,0.69775
3.1194,0.69226
2.8869,0.70761
3.0786,0.695
3.0139,0.69694
2.8321,0.70935
3.1056,0.68738
2.5967,0.72858
3.0675,0.6906
2.855,0.70427
2.9914,0.69941
3.0341,0.69623
3.0513,0.69587
3.039,0.69579
2.9133,0.70755
3.0473,0.69606
2.9708,0.7005
2.9396,0.69743
2.9182,0.70349
2.5258,0.73184
2.9754,0.69286
2.9092,0.69784
2.7202,0.71626
3.0417,0.6962
3.1001,0.69216
3.125,0.69053
2.8648,0.70539
3.1029,0.69128
2.8096,0.70932
2.8553,0.70677
2.9922,0.69899
3.0597,0.69219
3.1113,0.69019
2.7932,0.71554
2.9552,0.69951
2.8808,0.70807
2.806,0.70953
3.1549,0.68718
3.3186,0.6736
3.2785,0.67613
3.1764,0.6835
2.8978,0.70497
2.8847,0.70578
3.4654,0.65905
3.4441,0.66095
3.0048,0.69691
3.0595,0.693
2.972,0.69781
2.8739,0.7078
2.8981,0.70579
2.9804,0.69888
3.1045,0.69224
2.9794,0.6978
2.7126,0.71799
2.5558,0.72788
2.6736,0.7195
3.0076,0.69574
2.5718,0.7305
3.3469,0.66961
2.6685,0.72353
3.3026,0.67261
3.2032,0.68098
3.1665,0.68533
3.2211,0.6812
3.1516,0.68674
3.0079,0.69597
2.9168,0.70288
2.9106,0.70624
3.0733,0.69154
2.8492,0.70809
2.9406,0.70095
2.8707,0.70683
2.7671,0.71678
2.8252,0.71451
3.2417,0.67876
2.8299,0.7101
3.036,0.69418
2.7679,0.71266
2.2487,0.76092
2.7757,0.71091
3.2608,0.67683
2.9636,0.70032
3.7206,0.64331
2.8719,0.70228
2.5799,0.7303
2.8499,0.70689
3.1106,0.69074
2.9016,0.70355
2.804,0.71392
2.8994,0.70187
2.9276,0.70093
3.0362,0.69409
2.8237,0.70514
2.8066,0.70699
2.9499,0.69615
2.8291,0.70456
3.3575,0.67063
2.8498,0.70667
2.7081,0.71948
3.2936,0.67427
3.5895,0.64993
2.6174,0.72888
2.6595,0.72406
3.3798,0.66798
2.7597,0.71412
2.7485,0.71482
2.828,0.7075
2.7144,0.71988
2.8653,0.71089
2.8193,0.71497
2.9472,0.70181
2.905,0.70429
2.8836,0.70725
2.6931,0.71815
2.6421,0.72364
3.4634,0.66054
2.6793,0.72024
3.098,0.6882
3.0064,0.69242
2.6872,0.71792
3.0735,0.6896
2.7845,0.70978
2.7126,0.71694
2.7321,0.71596
2.6275,0.72462
2.8821,0.70078
2.8211,0.7052
2.8811,0.69821
2.9132,0.69792
2.8792,0.7004
2.7767,0.71059
3.4945,0.66081
3.1001,0.68973
2.9324,0.69999
3.0557,0.68932
3.0489,0.69239
2.6038,0.72994
3.2943,0.6752
3.0677,0.6916
2.799,0.71425
3.1309,0.68525
2.9358,0.70628
2.9183,0.70731
3.1301,0.6857
2.9603,0.70125
3.0054,0.69652
3.0456,0.69483
2.9043,0.70671
2.9287,0.70296
2.828,0.70231
2.7875,0.70545
2.7541,0.7095
2.8591,0.69828
2.8979,0.70017
2.9495,0.69472
3.004,0.69401
3.2001,0.6808
3.1399,0.68631
3.1828,0.68347
3.1402,0.68611
3.0773,0.69156
3.4254,0.66328
2.8979,0.69793
2.8621,0.70001
2.8149,0.7041
3.9159,0.62084
3.5835,0.64749
2.9547,0.69882
3.568,0.65165
3.6738,0.64553
3.5691,0.65068
3.2808,0.67274
3.1316,0.68374
2.6379,0.72132
2.9537,0.69517
2.8857,0.69997
2.938,0.6966
2.7706,0.71342
2.7361,0.71435
2.9177,0.70425
3.0294,0.6958
2.9896,0.69888
2.6513,0.72615
2.8452,0.71109
2.751,0.71098
2.6613,0.72179
2.9749,0.69752
3.1135,0.68518
3.0332,0.69156
3.1523,0.68516
2.8652,0.70804
2.9248,0.70382
3.1543,0.68822
3.2687,0.67771
2.9866,0.69808
3.0128,0.69543
2.9939,0.69595
3.257,0.67514
3.361,0.66541
2.9517,0.69865
2.9183,0.69977
3.0191,0.69151
2.9236,0.70156
2.984,0.69509
2.9419,0.70094
2.7011,0.72054
2.6702,0.71962
2.7441,0.71405
2.7632,0.71633
2.9121,0.70311
3.1423,0.68256
3.2993,0.66895
3.386,0.66355
3.1351,0.68287
2.9271,0.69373
2.7807,0.70728
3.2812,0.67676
3.1279,0.69057
3.0236,0.70046
3.244,0.68008
3.0603,0.69176
3.0855,0.68514
3.0444,0.68838
2.7622,0.71629
2.9492,0.6967
2.9459,0.69966
2.9621,0.69863
3.1567,0.68443
2.9455,0.70228
2.7463,0.71427
3.0135,0.69455
3.0457,0.69282
3.0204,0.69227
3.2249,0.67589
3.0401,0.69148
3.1017,0.68584
3.2371,0.67552
3.1852,0.68122
3.0106,0.69665
3.0128,0.69731
3.2385,0.67892
3.1042,0.68983
3.2069,0.68175
3.1333,0.68808
3.0898,0.69007
2.9123,0.7016
2.9696,0.69652
3.0905,0.68489
2.977,0.69484
3.0167,0.69156
2.8825,0.70599
2.8053,0.71529
2.8672,0.71063
3.1523,0.6867
3.1548,0.68594
2.9184,0.70453
3.3168,0.66986
3.1454,0.67949
3.1199,0.68053
3.1861,0.67355
3.2019,0.67406
3.3549,0.66223
3.1379,0.67948
3.284,0.67312
3.2256,0.67876
3.1739,0.68372
3.1004,0.68859
2.9563,0.69924
3.0165,0.69353
2.6479,0.71692
2.599,0.72266
2.7071,0.71066
2.9645,0.69535
3.1216,0.68336
2.9856,0.69498
3.163,0.68217
3.2007,0.6822
3.087,0.69323
3.0905,0.68955
3.1408,0.68244
2.8932,0.70152
3.1281,0.67989
2.6889,0.71059
3.0066,0.6934
2.6908,0.71331
2.828,0.70233
2.885,0.69822
2.8862,0.69944
3.1075,0.68807
2.9696,0.70094
2.5872,0.72748
2.8851,0.7063
2.8431,0.70391
3.0834,0.68281
2.9852,0.69088
2.9646,0.69339
3.1455,0.67679
3.0692,0.68829
3.4728,0.65947
3.2635,0.67545
2.9733,0.7014
3.0789,0.6898
3.1573,0.68211
3.1616,0.68238
2.9523,0.69836
3.2833,0.67094
3.3294,0.66761
3.2981,0.66991
3.3627,0.66436
3.2613,0.67276
3.3775,0.6666
3.2196,0.67903
3.1418,0.68541
3.1337,0.68632
3.4448,0.6615
3.2475,0.67482
3.16,0.68282
3.1703,0.68055
3.0121,0.6932
3.161,0.68187
2.9366,0.69821
3.1501,0.6805
3.0672,0.68752
3.0551,0.69005
3.0573,0.69072
2.9536,0.70052
3.1576,0.68474
2.9284,0.70311
2.9871,0.69675
3.4106,0.66166
3.2426,0.67456
3.044,0.68929
3.0602,0.68688
3.109,0.68089
3.0224,0.68868
3.0232,0.69309
3.0606,0.68847
3.0524,0.68936
2.9897,0.69232
3.0192,0.69279
3.0529,0.685
2.7347,0.70971
3.0392,0.68869
2.6689,0.71298
3.6556,0.64193
3.5947,0.64652
3.1106,0.68487
3.2499,0.67386
3.1078,0.68461
3.0999,0.68631
3.3338,0.66609
3.2922,0.66899
3.3115,0.66663
2.4649,0.7383
2.489,0.7348
3.2469,0.67418
2.9828,0.69769
3.022,0.69297
2.6811,0.71794
3.0252,0.69347
3.0278,0.69042
3.1383,0.68109
3.2283,0.67653
2.8568,0.70011
3.1308,0.68589
3.0493,0.692
3.0749,0.68875
3.2183,0.67306
2.8934,0.70288
2.8891,0.70347
2.7433,0.71601
2.9886,0.69415
3.1079,0.68493
3.1017,0.68545
2.97,0.69298
3.1127,0.68716
3.2029,0.67872
2.9742,0.69749
3.0332,0.68978
2.8598,0.70877
2.9058,0.69684
2.7788,0.71215
2.8421,0.70365
2.7627,0.70956
2.8237,0.70411
2.8791,0.69843
2.8575,0.70517
2.9918,0.6965
2.9265,0.70151
2.8557,0.70323
2.5922,0.72672
2.6925,0.71821
3.1787,0.68039
3.2335,0.67468
3.0607,0.68996
3.3857,0.66626
2.953,0.69511
3.2519,0.67634
3.0713,0.68588
3.0919,0.68497
2.869,0.7048
3.3236,0.6694
3.1745,0.68123
2.9857,0.69812
2.9523,0.7
2.8743,0.70866
2.9332,0.70254
2.8707,0.70711
2.854,0.70721
3.1468,0.68212
2.9054,0.70188
2.9695,0.69415
2.8806,0.70057
2.8192,0.70717
2.9612,0.69547
2.923,0.69987
2.9465,0.70007
2.9413,0.70099
2.7744,0.71342
2.8589,0.70496
2.8214,0.70826
2.9321,0.69695
2.7351,0.71377
2.8028,0.70685
2.9277,0.69409
3.0038,0.6908
2.9777,0.69386
2.769,0.71333
2.8093,0.70803
3.0313,0.6926
2.8433,0.70947
2.9457,0.7013
2.9768,0.69803
2.909,0.70202
2.9446,0.69747
3.2887,0.66818
3.0362,0.68739
2.828,0.70076
2.9325,0.69691
3.0107,0.69016
2.7442,0.71093
2.8019,0.70857
3.1612,0.68482
3.0793,0.69102
3.4005,0.66241
3.1885,0.6773
2.867,0.70041
2.8567,0.69999
2.9584,0.69215
3.2833,0.66904
2.9712,0.69464
2.9568,0.69892
2.8999,0.70275
2.7933,0.71201
2.9308,0.69879
2.8585,0.70567
2.7778,0.70859
2.8241,0.70242
3.0932,0.68211
3.0279,0.68393
2.9433,0.69116
2.8839,0.69521
3.0384,0.68394
2.8109,0.71281
2.8805,0.70787
2.8723,0.70745
2.6129,0.72855
3.0448,0.6892
2.9361,0.69642
2.9517,0.69332
3.0519,0.68611
3.1192,0.68083
2.9751,0.69189
2.8491,0.69952
3.0867,0.68691
2.9893,0.69506
3.2784,0.67633
2.9234,0.69945
2.8643,0.70489
2.5635,0.72779
2.7594,0.70897
2.9192,0.69658
3.3236,0.66653
2.6688,0.71521
2.8468,0.70138
2.8639,0.70766
2.8153,0.71232
2.7145,0.7205
2.9258,0.7
2.9533,0.69692
3.0057,0.69122
2.9189,0.69858
2.9127,0.69791
3.2653,0.67042
2.7515,0.70745
2.7442,0.70909
2.6739,0.7186
3.2357,0.67839
3.0484,0.69524
3.0275,0.69514
3.0012,0.69515
2.9701,0.69594
3.0722,0.68171
3.1621,0.6791
3.2114,0.67576
3.1094,0.68464
2.9888,0.69603
3.1564,0.68363
3.0962,0.68312
2.9704,0.69895
3.082,0.68985
2.9827,0.69788
2.8822,0.7035
2.9496,0.69162
2.953,0.69098
2.9188,0.69307
2.7632,0.70838
2.9934,0.69247
3.0523,0.68873
3.0145,0.69367
2.8372,0.7066
3.014,0.69213
2.7155,0.71923
2.6758,0.7203
2.9598,0.69505
2.7896,0.70931
2.8543,0.70435
2.9324,0.69778
2.8411,0.70444
2.9154,0.69983
2.9728,0.69489
3.3715,0.66788
3.1229,0.68632
2.8277,0.71475
2.8754,0.71132
2.9892,0.70104
2.962,0.70192
3.0243,0.69267
2.9362,0.69904
2.9761,0.69462
2.9766,0.69453
3.0201,0.69172
2.8772,0.70627
2.9547,0.70038
3.0372,0.6956
3.3805,0.6719
3.1543,0.6881
2.9312,0.70639
3.0254,0.69627
3.082,0.69123
2.7457,0.71588
2.8757,0.70636
3.1802,0.67912
3.0491,0.69092
3.0897,0.69008
3.0332,0.69503
2.949,0.70574
2.7651,0.71319
3.2373,0.68418
2.9589,0.70622
3.0078,0.69944
2.9841,0.69871
2.9985,0.69627
2.9615,0.69875
2.9171,0.70259
2.8937,0.70589
2.8563,0.7099
2.8682,0.70961
2.7428,0.72289
2.9408,0.70783
2.8821,0.71508
2.7781,0.71877
2.6315,0.73318
2.9328,0.7069
2.831,0.71538
2.7344,0.71841
2.7029,0.72148
2.8931,0.7085
2.9922,0.69902
3.0767,0.69536
2.8709,0.71367
2.8223,0.71407
2.9921,0.70375
2.9878,0.70495
2.7737,0.72334
2.8523,0.71494
2.9154,0.70768
2.8704,0.70871
3.0452,0.69577
3.0871,0.69061
2.7137,0.72398
2.7714,0.71899
3.0705,0.68899
3.3174,0.67341
3.2952,0.67869
2.5908,0.73939
2.9977,0.70462
3.0169,0.70101
2.9216,0.70708
2.8901,0.70858
2.8108,0.71424
2.9685,0.70073
2.9947,0.69935
3.0725,0.69518
2.7596,0.72452
2.8917,0.71236
2.9122,0.71098
2.9269,0.71288
3.3147,0.68091
3.0578,0.69652
3.4715,0.65561
2.7143,0.72417
2.8369,0.7118
2.8226,0.71473
2.6933,0.72881
3.2071,0.68499
2.9364,0.71131
2.9637,0.70483
2.8826,0.71664
3.1025,0.69862
2.9816,0.70891
2.8015,0.72402
2.7473,0.72684
2.6789,0.73053
2.8765,0.7117
2.8682,0.71243
2.8239,0.71658
2.7766,0.72467
2.8218,0.7221
3.147,0.6957
3.0091,0.70698
3.0003,0.70711
3.1469,0.69768
3.3011,0.68384
2.905,0.71266
2.8892,0.71736
2.8748,0.71794
2.7986,0.71907
2.785,0.72472
2.7655,0.72606
2.9828,0.70657
3.4037,0.66981
3.4727,0.66799
2.903,0.71656
3.1868,0.69577
3.119,0.70135
3.1804,0.69836
3.0645,0.70585
3.0734,0.70397
3.0001,0.70842
2.9307,0.71612
2.9228,0.71064
2.8858,0.71246
3.4633,0.65998
3.1787,0.69353
3.0363,0.70598
3.0126,0.70795
3.0265,0.70886
3.0661,0.70575
3.0373,0.70957
3.1496,0.69977
3.1415,0.70019
3.3687,0.67974
3.5213,0.66291
3.5016,0.66764
2.8851,0.71713
2.9893,0.71234
2.8397,0.72571
3.0489,0.70757
3.0732,0.70483
3.0974,0.70644
3.2646,0.69174
4.24,0.61128
2.7925,0.72863
2.9475,0.71382
2.9626,0.71242
2.9639,0.71011
4.0986,0.62362
2.8223,0.72518
2.8202,0.7253
3.3411,0.67507
2.9178,0.71631
2.9535,0.71901
3.0517,0.71083
3.0245,0.71336
2.942,0.72066
3.1829,0.70079
3.6939,0.65289
4.7303,0.581
4.6378,0.58274
2.9401,0.71502
2.8836,0.71986
2.818,0.72884
2.9963,0.71679
3.2348,0.69593
3.0527,0.7103
2.9024,0.72392
3.5174,0.67112
3.1292,0.70663
3.1662,0.69875
3.1858,0.70102
3.3153,0.68844
3.117,0.70558
3.2009,0.69699
3.5084,0.67125
3.1856,0.69859
3.3016,0.68964
3.1203,0.70731
3.0277,0.7152
2.9675,0.71618
2.948,0.7173
3.0239,0.71376
3.0972,0.70854
2.9147,0.72578
2.9454,0.72428
2.908,0.72832
2.9102,0.72816
2.9443,0.724
2.9277,0.72336
2.9716,0.72116
2.7192,0.74321
3.0183,0.71778
2.9304,0.7245
3.0809,0.70973
3.8942,0.64638
4.3695,0.60816
4.7069,0.58797
5.2064,0.5547
3.9229,0.63794
3.2558,0.68868
4.5964,0.59415
4.2836,0.60967
3.5156,0.67533
4.9296,0.57157
3.3767,0.69147
3.4093,0.68601
3.053,0.71916
4.6383,0.59561
4.7511,0.58447
4.2064,0.62339
4.4852,0.60136
3.0831,0.71347
3.5765,0.67475
4.7251,0.58914
4.269,0.6199
4.1292,0.63092
4.7794,0.58882
4.475,0.61076
2.9219,0.72788
3.1521,0.70799
3.6219,0.66403
3.4325,0.68307
3.4937,0.67609
3.0302,0.72049
3.3971,0.68513
4.2157,0.6241
4.4988,0.60778
4.5345,0.60641
3.9083,0.64933
4.691,0.59763
4.5409,0.60608
5.0533,0.57142
3.9663,0.64503
4.6037,0.59963
3.7277,0.66535
4.0242,0.63924
4.2399,0.62695
4.4656,0.61017
4.2834,0.62526
4.207,0.62832
4.0088,0.64464
4.0436,0.64273
4.0498,0.64278
3.8223,0.65856
3.6208,0.66712
3.2359,0.70089
4.3149,0.61581
4.4702,0.60539
5.4012,0.55147
4.817,0.58448
4.0105,0.63925
3.3249,0.69494
3.2743,0.70102
2.7051,0.74991
3.1248,0.71741
3.1558,0.71531
2.639,0.75994
4.1263,0.63137
4.3696,0.62152
4.4365,0.61478
4.8393,0.58635
3.9845,0.6482
4.7527,0.59278
3.2926,0.70612
4.6745,0.60049
4.7651,0.59505
4.5413,0.6099
4.412,0.61717
5.2955,0.56173
4.8297,0.59129
5.1177,0.57583
4.9226,0.58527
5.1085,0.5745
4.9225,0.58462
4.5563,0.61021
4.7839,0.59379
3.7256,0.66988
5.0691,0.57553
4.7424,0.59874
4.4335,0.61588
3.578,0.68516
4.6575,0.60468
4.5495,0.61341
4.2585,0.63445
4.302,0.63153
4.1964,0.63751
4.2537,0.63046
4.3544,0.62284
4.1025,0.6416
4.2514,0.63118
4.2523,0.62643
4.591,0.60228
4.8177,0.58403
4.2614,0.62606
4.1915,0.63371
4.6974,0.60451
4.1801,0.63939
4.6864,0.60739
4.6888,0.60642
4.4566,0.62094
4.5809,0.61153
4.4418,0.61897
4.6269,0.60768
4.6727,0.60131
4.3525,0.62523
4.7392,0.60197
4.5181,0.61461
4.328,0.62778
4.2425,0.63478
4.0327,0.65109
4.0604,0.64959
4.3655,0.62977
4.543,0.61892
4.2309,0.64007
4.3982,0.62735
4.2476,0.63632
4.1717,0.63985
3.8087,0.66813
4.4678,0.62078
3.6621,0.6793
4.5688,0.61285
3.9935,0.6555
4.1297,0.64364
4.3093,0.63079
3.737,0.67676
4.4073,0.62824
4.1871,0.64337
4.2251,0.63702
4.1178,0.64531
4.5457,0.61559
4.6828,0.60627
3.8866,0.66444
3.7717,0.67123
3.7667,0.67105
3.6814,0.67936
3.5199,0.69163
3.7069,0.67791
3.6861,0.68228
3.6875,0.68357
5.1457,0.57906
5.2219,0.57627
4.5959,0.61808
5.3725,0.56889
4.547,0.6174
3.7696,0.67726
3.7382,0.67585
4.3954,0.62453
3.8978,0.66493
4.3065,0.63594
4.4246,0.62737
4.0522,0.6512
4.9001,0.59286
3.8239,0.66682
4.0373,0.65503
4.1192,0.65272
4.4539,0.6281
4.0354,0.65952
4.3664,0.63429
3.9099,0.66726
4.1411,0.64875
4.0914,0.65256
3.9585,0.66199
4.146,0.64732
4.3099,0.63413
4.0602,0.65163
4.0012,0.65466
3.9748,0.65919
4.3073,0.63399
3.7746,0.67716
3.7942,0.6748
5.1803,0.57724
4.1568,0.64692
4.2551,0.63855
3.934,0.6644
4.3097,0.6344
3.8593,0.67138
4.0019,0.65889
4.1881,0.64488
3.897,0.6706
4.6429,0.61467
3.9606,0.66392
4.1592,0.64841
4.5394,0.61924
4.0931,0.65522
4.621,0.61654
4.8859,0.60178
4.5481,0.62463
4.5365,0.62298
4.5797,0.6231
4.2068,0.64592
4.4521,0.6302
4.5054,0.62464
4.4922,0.62754
3.6398,0.69262
3.6086,0.69605
4.1891,0.64574
4.2078,0.64808
4.4204,0.63511
4.1302,0.65756
4.457,0.63192
4.4696,0.62817
4.4958,0.62707
3.3167,0.72163
3.922,0.6673
3.2478,0.72717
3.9014,0.67135
4.2202,0.64302
4.5054,0.62487
4.0016,0.66416
3.6318,0.69219
3.8493,0.67264
4.3998,0.63562
3.7447,0.68842
3.9914,0.66973
4.2536,0.64843
4.0736,0.66483
4.2974,0.64739
3.8535,0.67788
3.5732,0.70286
3.6171,0.70034
3.5033,0.70795
3.5479,0.70477
4.1048,0.66103
4.6801,0.62086
3.8106,0.68566
3.7713,0.68865
4.4187,0.63797
4.6507,0.6224
4.4676,0.6347
4.5873,0.62665
4.2617,0.65109
4.1861,0.65852
3.842,0.68414
4.3542,0.64517
4.3651,0.64371
4.8748,0.61114
4.4366,0.63928
4.2868,0.64816
4.4127,0.63992
4.1573,0.65729
4.2818,0.65007
4.0567,0.66909
4.1539,0.66048
4.2999,0.65163
4.0729,0.66549
3.5408,0.71158
4.4997,0.63419
4.1754,0.65605
4.4089,0.64372
4.0877,0.66657
3.8122,0.687
3.4685,0.71176
3.959,0.67781
3.9482,0.67824
3.7187,0.69387
3.7824,0.68734
4.2027,0.66002
3.7024,0.69596
3.9526,0.67888
4.1113,0.66528
4.2735,0.65244
4.4043,0.64291
4.0133,0.6716
3.9435,0.67653
4.021,0.67035
3.631,0.70513
3.749,0.69259
3.8772,0.6844
3.6531,0.70075
3.7151,0.69657
3.4062,0.72375
4.1131,0.66231
4.1349,0.66132
3.6,0.70534
3.8451,0.68682
3.8958,0.68029
3.7328,0.69253
3.9043,0.68118
4.0218,0.67106
4.1535,0.66068
4.1136,0.66221
3.8697,0.68459
3.8414,0.68581
4.7143,0.62235
4.1615,0.66072
4.1722,0.65722
4.0974,0.66426
3.89,0.68023
3.7202,0.69701
3.7969,0.69344
3.6344,0.7048
3.5353,0.71248
3.4966,0.71652
3.6828,0.69881
3.8123,0.69274
4.3532,0.6471
4.0323,0.67364
3.8249,0.6866
3.9627,0.67872
3.6396,0.70512
4.015,0.67615
4.0179,0.67388
3.7114,0.69657
3.6792,0.69883
3.8855,0.68612
3.6614,0.70432
3.8804,0.68549
3.7049,0.69976
3.9061,0.6829
3.6952,0.70026
3.7857,0.69257
3.719,0.69821
3.6201,0.70635
3.8596,0.68539
4.2702,0.65331
3.9874,0.67547
3.977,0.67806
3.7141,0.69708
4.0477,0.67077
4.5071,0.63989
3.992,0.6764
4.1546,0.66489
3.5261,0.71667
3.8496,0.68974
3.7089,0.69987
3.7466,0.69697
3.9669,0.67787
4.076,0.66845
3.655,0.70137
4.0784,0.67011
3.6379,0.70394
3.7237,0.69864
4.0343,0.67568
3.8827,0.68843
3.9872,0.67918
3.6709,0.70294
3.6558,0.70515
3.7259,0.69824
3.5764,0.71192
4.0852,0.67132
3.8679,0.68883
3.8806,0.68849
4.0133,0.67544
4.3963,0.64821
3.8096,0.68851
3.7556,0.69518
3.3122,0.73488
3.936,0.68102
3.4557,0.72043
3.8692,0.68428
3.2873,0.73667
3.7787,0.69229
3.7733,0.69395
4.1695,0.66225
3.7512,0.69484
3.9231,0.68803
3.938,0.68479
3.7371,0.69795
3.7954,0.69276
3.8475,0.69305
3.8346,0.69354
4.003,0.67893
3.9721,0.67972
3.6941,0.70029
3.7192,0.70259
3.8488,0.68868
3.6812,0.70332
3.665,0.70529
4.0909,0.67138
3.9596,0.68308
3.9539,0.68615
3.8415,0.69627
3.8744,0.6945
3.7345,0.70442
3.7168,0.70532
3.568,0.71609
3.3086,0.74039
3.8567,0.69089
3.7867,0.69764
3.8454,0.6935
4.1885,0.67007
4.0663,0.67699
4.0598,0.67941
4.1311,0.6751
3.8801,0.692
4.1673,0.67224
4.0629,0.67782
4.0756,0.67827
3.9825,0.6854
4.0429,0.67942
3.9726,0.68425
3.8153,0.68755
3.7556,0.69737
3.9132,0.68507
3.7448,0.69949
3.7819,0.69764
3.2277,0.74773
3.2833,0.74376
3.7553,0.7028
3.7667,0.70038
3.7373,0.70346
3.7129,0.70317
3.6703,0.70669
3.6985,0.70406
3.9666,0.68242
3.7529,0.69774
3.808,0.69135
3.9088,0.68712
3.5815,0.71308
3.5897,0.71332
3.8476,0.68965
3.8864,0.68943
3.8975,0.68856
3.8342,0.69325
3.7763,0.69955
3.8471,0.69484
3.6651,0.71003
3.6175,0.71346
3.5971,0.71345
3.4441,0.72504
3.8008,0.69602
3.532,0.71923
3.9974,0.68255
3.6194,0.71312
3.6345,0.71294
3.8047,0.69866
3.6656,0.7114
3.8431,0.69515
3.4673,0.7296
3.5773,0.71919
4.2508,0.66666
4.229,0.66898
3.9024,0.69133
3.8239,0.69676
3.4437,0.73182
3.9782,0.68451
3.4547,0.73196
3.3312,0.74067
3.8418,0.69551
3.8604,0.69244
4.0347,0.6813
3.6511,0.71354
3.7517,0.7016
3.7973,0.69732
3.6603,0.70905
3.7291,0.7065
3.9632,0.68804
3.8652,0.69604
3.8831,0.69309
3.9065,0.69102
3.5223,0.72167
3.9149,0.68958
3.5852,0.71615
3.5884,0.71772
3.7359,0.70784
3.8679,0.69652
3.7807,0.70251
3.6247,0.71543
3.8032,0.69963
3.7789,0.70332
3.7927,0.70036
3.6293,0.71729
3.4718,0.72982
3.8112,0.70105
3.9076,0.69307
3.7447,0.7048
3.8743,0.69272
4.0262,0.68172
3.844,0.6984
3.762,0.7026
3.7037,0.71155
4.017,0.6859
4.1081,0.67909
4.0136,0.68587
3.9369,0.69187
3.7091,0.70644
3.8397,0.69827
3.788,0.70168
4.0707,0.68051
3.431,0.73482
3.5465,0.72005
3.5167,0.72312
3.9423,0.68942
3.8158,0.69983
3.731,0.70549
3.9557,0.68954
3.3168,0.74491
3.5951,0.71508
3.3125,0.74177
3.6021,0.71468
3.3635,0.7352
3.5133,0.72455
3.4784,0.72799
3.6373,0.71355
3.4477,0.73133
3.427,0.73023
3.4795,0.72467
3.2914,0.74318
3.4377,0.72786
3.4045,0.73259
3.624,0.71888
3.8791,0.69546
3.6841,0.70885
3.47,0.72724
3.385,0.73535
3.4932,0.72378
3.5211,0.72408
3.6132,0.71684
3.7075,0.70889
3.6828,0.71128
3.5852,0.71931
3.4403,0.73158
3.5887,0.71899
3.5156,0.72412
3.4718,0.73076
3.6594,0.71223
3.7255,0.70678
3.5041,0.72607
3.5887,0.71738
3.7453,0.70615
3.4589,0.72967
3.4872,0.72425
3.321,0.74481
3.6555,0.71455
3.8194,0.70031
3.7197,0.70611
3.6756,0.7123
3.7925,0.70556
3.7503,0.70977
3.577,0.72364
3.6709,0.71574
3.509,0.729
3.6779,0.7149
3.6052,0.71691
3.5579,0.72275
3.6615,0.71168
3.7482,0.70846
3.4062,0.73674
3.7939,0.70568
3.9527,0.69476
3.8955,0.69603
3.7903,0.70384
3.1031,0.76611
3.3103,0.74735
3.2476,0.75031
3.2509,0.74922
3.2906,0.74386
3.7734,0.70914
3.8678,0.7021
3.8224,0.70584
3.5628,0.72813
3.8837,0.70254
3.8694,0.70023
3.6477,0.72114
3.6347,0.72151
3.8165,0.70468
3.6861,0.71642
3.8931,0.6984
3.6845,0.71946
3.4223,0.7356
3.5341,0.73257
3.4177,0.74144
3.4999,0.73499
3.9404,0.69759
3.9534,0.69562
3.8351,0.70458
3.1378,0.76037
3.5974,0.71713
3.9786,0.69452
3.862,0.70419
3.3442,0.74581
3.7222,0.71178
3.701,0.71313
3.6541,0.71673
3.7461,0.70927
3.7204,0.71067
3.5844,0.72486
3.6528,0.71849
3.6935,0.71258
3.5241,0.72536
3.3379,0.74822
3.2651,0.75396
3.5533,0.72754
3.8756,0.69628
3.9642,0.69079
