71.98,-0.11773
70.721,-0.10862
67.416,-0.12166
70.495,-0.11953
70.015,-0.12181
70.859,-0.12612
70.591,-0.12276
71.234,-0.11412
70.502,-0.12635
70.565,-0.12126
70.964,-0.12346
70.996,-0.11998
71.384,-0.1163
69.26,-0.11674
69.469,-0.11868
69.648,-0.11941
67.966,-0.11732
68.092,-0.11889
67.669,-0.11226
68.353,-0.12001
68.114,-0.11811
68.222,-0.11628
68.156,-0.12122
67.619,-0.11565
67.075,-0.11147
67.567,-0.11549
67.661,-0.11532
68.269,-0.11578
67.525,-0.11815
67.679,-0.11163
66.757,-0.11156
67.126,-0.11363
67.581,-0.11705
67.713,-0.11887
67.522,-0.11772
67.428,-0.1157
67.177,-0.11586
66.833,-0.11293
69.566,-0.1194
69.941,-0.11531
74.515,-0.10425
69.703,-0.1219
67.254,-0.11048
69.853,-0.12235
69.553,-0.11826
69.506,-0.11795
69.398,-0.1108
69.26,-0.11198
69.383,-0.11614
68.781,-0.11746
68.954,-0.10924
69.243,-0.11032
68.677,-0.10658
69.139,-0.11169
68.952,-0.11054
68.9,-0.11607
68.735,-0.1149
69.035,-0.10665
68.886,-0.11652
69.274,-0.11455
69.687,-0.11488
69.001,-0.11655
69.379,-0.10958
69.701,-0.12216
68.872,-0.1132
73.46,-0.11658
70.37,-0.12482
71.065,-0.10945
70.047,-0.12026
69.669,-0.11581
70.106,-0.12186
69.393,-0.119
73.864,-0.1065
73.961,-0.10939
68.869,-0.10945
73.934,-0.10877
68.907,-0.11707
73.742,-0.10886
69.431,-0.11156
69.51,-0.11923
69.213,-0.11038
69.561,-0.11031
69.483,-0.11318
69.079,-0.11406
68.713,-0.11454
69.357,-0.12131
68.912,-0.11528
68.863,-0.11789
68.487,-0.11418
68.793,-0.11522
68.696,-0.11603
68.963,-0.11618
68.953,-0.11741
68.953,-0.1159
68.992,-0.1174
68.749,-0.11601
69.588,-0.12614
69.193,-0.11787
69.108,-0.11713
69.47,-0.12177
69.181,-0.12119
69.409,-0.12325
68.963,-0.11848
69.561,-0.12052
69.341,-0.12007
73.442,-0.11594
73.922,-0.12002
69.459,-0.12103
69.078,-0.12404
69.253,-0.12263
70.309,-0.132
74.835,-0.11887
68.673,-0.12259
68.433,-0.11765
69.262,-0.12614
74.853,-0.12403
69.773,-0.12545
75.186,-0.12126
74.842,-0.12048
75.196,-0.1222
74,-0.11957
73.746,-0.11898
73.699,-0.12365
74.775,-0.12473
74.379,-0.11932
75.384,-0.12358
75.603,-0.1204
74.927,-0.11512
74.321,-0.11773
75.522,-0.11978
74.357,-0.11959
75.854,-0.12141
74.742,-0.12267
74.685,-0.12044
74.544,-0.12025
74.646,-0.12059
74.989,-0.11643
75.799,-0.11612
74.623,-0.11679
75.047,-0.12049
74.986,-0.11811
76.403,-0.12774
76.892,-0.12228
76.228,-0.1259
75.297,-0.12365
74.01,-0.11946
76.207,-0.12568
76.11,-0.11687
76.763,-0.12334
77.245,-0.1283
75.823,-0.1165
75.74,-0.12027
75.6,-0.11855
76.909,-0.12085
75.808,-0.11939
76.729,-0.1233
77.313,-0.12932
77.264,-0.12726
76.281,-0.11395
77.236,-0.12524
76.35,-0.11134
76.474,-0.11219
75.293,-0.12353
76.835,-0.10917
76.262,-0.10879
76.528,-0.10928
76.235,-0.11684
76.015,-0.11619
76.556,-0.11907
67.585,-0.1206
76.564,-0.1166
76.814,-0.11805
76.321,-0.10664
76.755,-0.11565
77.547,-0.12125
76.966,-0.11416
77.385,-0.11227
76.733,-0.11692
77.042,-0.11554
77.835,-0.1233
77.418,-0.13155
76.166,-0.12889
76.946,-0.12718
77.171,-0.12953
71.256,-0.12319
77.367,-0.12245
78.094,-0.12416
76.997,-0.10981
76.316,-0.11337
76.297,-0.11774
76.917,-0.11061
76.641,-0.10997
76.775,-0.11135
77.038,-0.10983
76.976,-0.11408
77.421,-0.11346
77.322,-0.11376
77.497,-0.11922
77.132,-0.11732
79.168,-0.11446
77.819,-0.11738
77.257,-0.11356
78.203,-0.11804
78.614,-0.11847
77.563,-0.11847
71.228,-0.12298
78.597,-0.12902
78.284,-0.11718
77.79,-0.11542
78.127,-0.11761
77.853,-0.11136
78.479,-0.11998
78.534,-0.12016
78.165,-0.12066
77.684,-0.11774
78.543,-0.11258
78.389,-0.11343
79.003,-0.12368
78.149,-0.10786
78.308,-0.11606
76.334,-0.10363
76.429,-0.10684
76.212,-0.11245
75.024,-0.10211
76.737,-0.091659
76.725,-0.09934
75.058,-0.10063
72.66,-0.096678
74.259,-0.079622
74.304,-0.082259
74.621,-0.095367
74.082,-0.084789
73.699,-0.085426
74.195,-0.089064
74.619,-0.07846
73.196,-0.077205
72.237,-0.07043
72.055,-0.072628
72.58,-0.072103
73.081,-0.06605
73.342,-0.075458
74.014,-0.075143
73.899,-0.076667
72.887,-0.064954
73.214,-0.066663
73.505,-0.073623
72.94,-0.070161
72.314,-0.062376
72.305,-0.06671
72.024,-0.068886
73.038,-0.074908
71.293,-0.054345
72.678,-0.072277
72.574,-0.069633
72.081,-0.070565
71.702,-0.070871
72.363,-0.075911
72.05,-0.070903
71.191,-0.07118
70.899,-0.062956
70.872,-0.064547
70.712,-0.069459
69.988,-0.063202
69.724,-0.058864
69.48,-0.047851
70.017,-0.052067
70.55,-0.05516
70.279,-0.055536
70.249,-0.052366
71.836,-0.064069
73.284,-0.077397
77.522,-0.10636
77.448,-0.10501
78.237,-0.10935
76.711,-0.097643
78.258,-0.10804
80.141,-0.11978
81.022,-0.1219
79.681,-0.11401
79.718,-0.11081
80.173,-0.11235
80.919,-0.1261
81.59,-0.12856
80.489,-0.11421
81.491,-0.12068
84.538,-0.13997
83.02,-0.1238
84.226,-0.13391
79.334,-0.10377
78.69,-0.099315
78.258,-0.093151
78.663,-0.094306
77.206,-0.086333
80.539,-0.10126
77.822,-0.086841
77.359,-0.087077
76.123,-0.074683
76.725,-0.0766
76.081,-0.078802
76.827,-0.080809
77.186,-0.085675
75.121,-0.072891
75.998,-0.07613
78.781,-0.094278
80.348,-0.10192
73.921,-0.063761
72.551,-0.055777
71.23,-0.045025
68.71,-0.028095
67.426,-0.019552
64.575,0.00074643
63.104,0.011091
63.827,0.014227
62.282,0.021645
60.799,0.033161
57.934,0.055449
58.189,0.050865
57.73,0.0506
56.165,0.06329
55.024,0.069171
53.713,0.079684
50.615,0.10028
52.773,0.085225
46.674,0.13309
47.489,0.12343
48.534,0.11712
46.622,0.13197
43.55,0.16209
42.068,0.17142
38.716,0.21315
37.339,0.22342
36.908,0.23881
36.092,0.24194
33.573,0.27041
28.895,0.32808
25.676,0.36751
27.878,0.34087
28.019,0.33311
24.635,0.38612
23.316,0.40393
20.679,0.44861
17.883,0.50642
15.077,0.55543
14.135,0.58736
12.698,0.62454
9.0161,0.75763
10.058,0.71023
15.898,0.57698
6.9214,0.84096
13.379,0.65394
7.4651,0.80315
7.6355,0.79556
6.971,0.81837
10.033,0.72675
6.1117,0.86706
9.3529,0.76572
9.3938,0.75567
7.2063,0.83237
7.0495,0.83545
6.8419,0.8568
5.4819,0.9085
5.1417,0.93673
4.675,0.97382
5.119,0.94178
5.2144,0.93673
4.9083,0.95754
4.6794,0.9713
4.3331,0.98966
4.8009,0.95545
4.665,0.96462
4.926,0.94663
5.1295,0.93405
4.612,0.96278
4.8489,0.95689
4.6492,0.96733
4.9081,0.94829
4.6192,0.9563
4.8209,0.9435
4.8687,0.94102
4.9437,0.93566
5.0815,0.92236
5.0228,0.92768
5.3181,0.90859
5.2289,0.90883
5.1191,0.90674
5.0603,0.91093
5.7158,0.8666
5.9117,0.85536
5.3851,0.88158
5.8061,0.86435
6.2361,0.841
6.1753,0.84184
6.71,0.81825
6.6586,0.82094
6.4804,0.81942
6.5574,0.81936
6.3348,0.82316
7.3494,0.77982
7.6957,0.76752
7.0657,0.79295
6.2804,0.82155
6.3083,0.81502
6.8806,0.79528
6.7877,0.79748
7.0432,0.78703
7.186,0.77808
7.121,0.78204
7.3102,0.77081
7.4336,0.76295
7.602,0.75648
7.7981,0.74875
7.7118,0.75179
7.3437,0.76451
7.7212,0.74808
7.2476,0.76592
7.5276,0.75504
7.1801,0.76589
7.1375,0.76773
7.0809,0.767
7.2369,0.75988
7.7843,0.736
7.3518,0.75333
7.4114,0.74951
7.4152,0.74852
7.1533,0.7571
7.5507,0.74055
7.3996,0.74571
7.364,0.74675
7.51,0.73937
7.1624,0.75332
6.9447,0.76055
7.1976,0.74951
7.2327,0.74659
7.2964,0.74271
7.2675,0.74498
7.3058,0.74073
6.9575,0.75244
6.8298,0.75728
6.7541,0.75981
6.9824,0.75083
6.8803,0.75466
6.9819,0.74835
6.8874,0.75161
6.7856,0.75302
7.4317,0.72825
7.3577,0.72972
7.4304,0.72681
7.3065,0.72984
7.1653,0.73565
6.9961,0.74084
7.1544,0.73362
7.1901,0.73087
7.2422,0.72825
7.0813,0.7336
7.2816,0.72563
7.0129,0.73356
6.9076,0.73574
6.8682,0.73646
7.2171,0.72199
7.1075,0.72646
6.9352,0.73236
6.8572,0.73619
6.9888,0.72976
7.2289,0.71948
7.4778,0.71038
7.2187,0.71954
7.3052,0.71526
6.9052,0.72902
6.8645,0.73111
6.8839,0.7292
6.8008,0.73237
6.9041,0.72956
6.8733,0.72837
6.6708,0.73644
6.8844,0.72806
6.871,0.72831
6.8,0.73131
6.8473,0.72885
7.0435,0.72098
6.751,0.73228
6.7627,0.72969
6.7885,0.72943
6.6517,0.73296
7.2344,0.71011
7.2718,0.70798
7.3245,0.70628
7.5271,0.69834
7.4043,0.70175
7.1376,0.71015
7.3685,0.70207
7.1328,0.71055
7.0329,0.71274
7.4057,0.69939
7.1679,0.70913
7.246,0.70508
7.0452,0.71279
7.127,0.70901
7.1579,0.70592
7.072,0.71027
7.5287,0.68942
7.5264,0.6903
7.4482,0.69414
7.156,0.70303
7.033,0.70735
7.4954,0.69303
7.5105,0.69214
7.0742,0.70703
6.6816,0.71551
7.2637,0.69977
7.6901,0.6834
7.561,0.68851
8.1666,0.66308
7.7784,0.6757
7.5918,0.68537
7.3834,0.68993
6.9449,0.70242
7.4129,0.69268
7.5735,0.68539
7.4486,0.68799
7.9677,0.67091
7.9445,0.67157
7.5262,0.68485
7.8622,0.67365
8.2683,0.66037
8.0757,0.66626
7.9182,0.66957
6.9007,0.7024
7.4072,0.68369
7.4457,0.68371
7.4488,0.68385
7.1688,0.69025
7.9916,0.66829
8.4073,0.65426
8.505,0.65021
8.6413,0.6467
7.1734,0.68977
7.5254,0.68429
8.619,0.64592
7.0041,0.69608
7.6334,0.67798
7.1457,0.69642
7.5044,0.67456
8.0293,0.6643
6.8081,0.70187
6.6337,0.71221
7.1113,0.68962
6.8892,0.70184
6.8419,0.70342
6.7242,0.70735
7.0193,0.6953
6.6229,0.70902
6.6192,0.71063
7.5439,0.67802
6.407,0.71531
6.8153,0.69963
7.2767,0.68565
6.9764,0.69829
6.825,0.70008
7.0155,0.69809
7.5608,0.6785
7.4682,0.68065
7.577,0.67722
7.2348,0.68944
7.4259,0.68216
6.3571,0.72341
6.4309,0.71961
6.6875,0.70853
6.9327,0.69916
7.3766,0.68091
7.2755,0.68499
6.9378,0.69871
6.764,0.7057
6.4786,0.71469
6.5026,0.71562
6.8142,0.70282
6.9099,0.70002
7.4276,0.68194
6.5979,0.71294
7.5054,0.67826
7.4078,0.68177
7.7702,0.66995
7.6807,0.67204
7.7886,0.66908
7.4723,0.68159
7.588,0.67653
7.4863,0.67932
6.8287,0.70401
7.0675,0.68987
8.277,0.65473
7.9972,0.66457
8.3715,0.65176
8.5441,0.64609
7.419,0.67699
8.2224,0.65666
8.0172,0.66358
6.8306,0.69858
7.7641,0.66627
7.2646,0.68362
7.3624,0.68135
7.2622,0.68523
7.1283,0.69397
7.3125,0.68411
7.2723,0.68798
7.4889,0.6777
6.9613,0.69951
6.845,0.70272
7.0799,0.69432
7.4205,0.68295
6.8998,0.69903
6.9562,0.69583
6.9592,0.69805
6.8921,0.69866
7.2695,0.6878
7.0579,0.69482
7.0797,0.6933
7.5834,0.6743
7.1237,0.68989
7.3374,0.68208
7.6265,0.67459
7.7801,0.66931
7.7921,0.66909
6.817,0.69932
6.871,0.69564
6.5643,0.70814
7.5034,0.67901
7.0729,0.69437
7.273,0.686
7.2162,0.68779
7.2448,0.68622
7.1157,0.68934
7.5268,0.67766
7.0739,0.69345
7.1054,0.69328
7.9095,0.6637
7.4404,0.67863
8.0276,0.66089
7.7677,0.66847
7.2321,0.68344
7.8399,0.66484
7.2678,0.68403
6.8904,0.69658
7.0195,0.69062
6.858,0.69829
6.898,0.69762
7.3143,0.68482
6.77,0.70244
7.6523,0.67159
7.0346,0.69131
7.2944,0.68552
7.7425,0.6681
7.0614,0.68671
7.015,0.68896
6.8611,0.69382
7.5643,0.6748
7.5793,0.67277
8.6432,0.63913
8.3266,0.64886
7.3244,0.68095
7.3313,0.68236
7.7222,0.66862
7.6151,0.67278
7.3452,0.67784
6.9874,0.68998
7.5501,0.67381
7.8085,0.66522
7.5014,0.67432
7.0805,0.6903
7.3567,0.68108
7.0481,0.6873
7.4832,0.67362
6.6845,0.70132
7.022,0.68831
8.4907,0.64268
8.9203,0.6294
8.3602,0.64618
6.7765,0.6949
8.5876,0.6386
7.3813,0.67276
6.9937,0.68776
7.1216,0.68183
7.3205,0.6741
7.2506,0.67487
8.7029,0.63446
9.1464,0.62158
6.9826,0.68694
5.7929,0.72637
7.531,0.66662
8.0611,0.65314
7.7638,0.66172
8.4493,0.64237
7.9808,0.65848
6.7882,0.6944
7.9681,0.65943
6.9703,0.68975
7.5271,0.66469
7.5414,0.6683
6.8008,0.68692
6.8792,0.68652
6.8124,0.69114
7.1126,0.67739
6.9555,0.68446
7.183,0.67666
7.481,0.66534
7.219,0.67605
7.199,0.67696
7.4826,0.66555
7.5162,0.66332
7.6926,0.65654
6.7867,0.69067
7.4191,0.6671
7.7659,0.65377
8.0085,0.64461
7.4155,0.66511
7.5326,0.66051
6.3976,0.69569
8.0912,0.64262
7.9819,0.64678
7.5561,0.66165
7.4323,0.66702
7.2644,0.67388
8.6498,0.62931
8.0524,0.64634
7.3056,0.66906
7.7491,0.65303
8.427,0.63381
7.713,0.65424
6.5753,0.68572
9.5279,0.60588
8.1685,0.63985
8.1482,0.64144
8.1288,0.64223
8.7996,0.62712
9.1561,0.6181
5.6732,0.72166
6.8248,0.67851
7.4719,0.66206
7.2536,0.67088
7.3364,0.66913
6.9048,0.68538
7.0612,0.67694
7.0105,0.6776
7.1802,0.67497
7.303,0.6688
8.2916,0.64461
7.9326,0.65385
7.2435,0.67844
8.2468,0.64157
7.2886,0.66962
8.0161,0.64908
8.0107,0.64949
8.1775,0.64402
7.2279,0.67461
8.048,0.65374
7.9574,0.65217
7.1161,0.67802
7.8885,0.65834
8.123,0.64469
7.0664,0.68016
7.2653,0.67471
7.6175,0.66049
8.4161,0.63857
6.6018,0.69739
7.7651,0.65712
7.8997,0.65261
7.0407,0.67702
7.4066,0.67015
7.4259,0.66694
7.1873,0.67423
8.2126,0.64526
8.037,0.6491
7.7564,0.6614
8.0616,0.65094
8.0056,0.65251
8.0794,0.65154
8.4872,0.63827
8.3749,0.63863
8.6931,0.63141
8.2229,0.64558
7.0635,0.68054
7.0668,0.67809
3.9421,0.81804
7.3576,0.66864
8.0383,0.65173
7.9972,0.65339
8.4998,0.6357
8.1063,0.6485
7.7444,0.65786
7.8391,0.65737
7.8542,0.657
7.8344,0.65764
7.8075,0.65859
7.2331,0.67954
7.9607,0.65404
7.5085,0.66566
7.9253,0.65372
7.2913,0.6735
7.6567,0.66278
7.1341,0.68393
7.5066,0.66958
7.4961,0.67023
7.9254,0.65399
7.1557,0.6823
7.3711,0.6738
7.3278,0.6745
7.5741,0.66339
7.0865,0.67818
6.8257,0.68869
7.3391,0.67009
7.2612,0.67301
6.9458,0.68585
7.3814,0.66988
7.5653,0.66645
7.4592,0.66972
7.0207,0.68138
6.8925,0.68641
6.9632,0.6867
6.7451,0.68652
8.439,0.63835
6.9893,0.68131
7.3377,0.67009
7.4805,0.6673
6.9722,0.68071
6.9859,0.67924
7.847,0.65427
7.9453,0.65135
7.6606,0.66225
8.0592,0.6474
8.1546,0.64537
7.4389,0.672
7.7044,0.6619
7.3785,0.67234
7.8495,0.6562
7.6453,0.66224
7.247,0.67745
7.4276,0.67051
7.6327,0.66249
7.7021,0.66046
7.6804,0.66193
7.813,0.65837
6.6166,0.69092
6.7461,0.69386
7.0211,0.68487
7.838,0.65654
7.4741,0.66742
6.9751,0.68496
7.4308,0.66717
7.5022,0.66515
7.3755,0.67065
7.8659,0.6536
6.5962,0.69376
6.5352,0.69653
6.7111,0.69011
7.4996,0.66677
7.6585,0.66094
7.675,0.66179
7.7759,0.6575
7.8826,0.65334
7.9358,0.6514
7.019,0.67649
7.8125,0.65487
6.6781,0.6896
6.6222,0.69084
7.002,0.67578
7.7066,0.65741
8.1622,0.6455
7.8637,0.65555
8.242,0.6404
7.9307,0.65127
8.0416,0.64857
7.8842,0.65309
8.0297,0.64858
7.7235,0.65908
7.7406,0.6573
7.0804,0.67477
8.2935,0.63979
8.5888,0.63003
8.453,0.63623
7.6684,0.66115
7.8309,0.65731
8.4126,0.63455
6.8696,0.68218
7.2816,0.6656
7.7781,0.65576
7.4862,0.65905
5.6595,0.72163
8.4595,0.63419
8.2907,0.63908
8.754,0.62453
8.182,0.64007
8.0855,0.64141
6.3035,0.69605
7.0515,0.67525
7.1444,0.67122
6.978,0.67633
8.0178,0.64512
7.0901,0.67088
7.2757,0.66376
7.3118,0.66308
7.1839,0.66769
6.9268,0.67707
8.4341,0.6356
8.9598,0.61638
8.2137,0.63806
9.1008,0.61519
9.3253,0.60827
9.1096,0.61521
8.9134,0.62017
8.7865,0.62381
6.8546,0.6811
7.6414,0.65219
8.1553,0.63466
7.6185,0.65292
8.4809,0.63115
8.1321,0.64177
7.8165,0.653
8.5175,0.63099
7.5717,0.65627
8.5669,0.62949
6.1751,0.70104
6.3051,0.69524
8.2546,0.63644
8.6497,0.62752
6.4722,0.68956
6.7263,0.67878
8.1305,0.64005
9.2319,0.6105
6.5042,0.68707
6.4431,0.68823
6.7406,0.67569
8.7669,0.62246
6.7161,0.67888
8.2434,0.63115
8.9645,0.61775
7.1891,0.66793
7.7283,0.64871
7.6235,0.652
8.6521,0.63023
8.8012,0.62471
8.5947,0.63003
8.6662,0.6273
7.8151,0.64809
6.3448,0.70141
7.7126,0.65444
6.1488,0.70233
7.7184,0.65662
7.944,0.64846
7.7019,0.656
6.4233,0.69843
8.238,0.64033
8.3243,0.63715
8.4888,0.63021
7.928,0.6493
8.4246,0.63298
7.7763,0.65179
8.2369,0.64078
8.4133,0.63278
6.9323,0.67754
6.5524,0.69114
7.8681,0.65211
7.4219,0.66647
7.7666,0.65821
8.1252,0.64509
8.0972,0.64657
7.9042,0.65414
7.3456,0.66932
8.0902,0.64483
7.6484,0.66166
8.2009,0.64303
7.9254,0.64901
7.7942,0.65597
7.8222,0.65411
8.0054,0.64659
8.1835,0.64292
8.2915,0.63864
7.8085,0.6543
7.5586,0.66407
7.7239,0.65939
7.4479,0.66826
7.4171,0.66858
7.5197,0.66547
7.8719,0.65299
7.8153,0.65556
7.3859,0.67064
7.5154,0.66569
7.3056,0.67047
6.9735,0.67712
6.0475,0.70932
7.1444,0.67187
7.7196,0.6563
8.0992,0.64517
7.7713,0.65494
7.295,0.66944
7.2476,0.67551
7.2892,0.67333
7.3906,0.66904
7.4868,0.66438
7.3071,0.67146
7.4359,0.66479
7.2905,0.67075
8.1869,0.64367
6.8139,0.68456
6.9669,0.68079
6.9903,0.6759
6.9659,0.67807
6.6385,0.69013
8.0472,0.64709
6.6157,0.69145
6.8832,0.67947
7.0458,0.67899
6.9067,0.67828
7.9372,0.64907
7.7231,0.65551
7.7277,0.655
7.48,0.66471
6.569,0.69244
7.2103,0.67596
6.4571,0.69592
7.662,0.65883
6.6898,0.68845
6.6305,0.69006
7.7809,0.65682
7.2876,0.67258
7.9232,0.65197
7.6238,0.66133
7.6094,0.66113
7.3905,0.66859
7.4713,0.66701
7.9762,0.64805
7.8416,0.65386
7.5434,0.66071
7.7266,0.65896
6.9036,0.67804
7.7768,0.65579
7.5263,0.66557
7.5273,0.66358
7.3545,0.67126
7.2914,0.67093
7.5588,0.66234
7.4022,0.66892
7.6343,0.66215
7.5011,0.66549
7.801,0.65523
7.0674,0.67338
7.9144,0.65056
7.6494,0.65973
8.2833,0.63557
7.651,0.65937
7.8682,0.6541
8.1313,0.64545
7.7882,0.65443
7.6005,0.66245
7.7829,0.65545
7.1017,0.67648
7.0285,0.67577
7.7199,0.65669
7.7424,0.65568
8.0686,0.647
8.0852,0.6402
6.9348,0.68198
8.1834,0.64293
7.5529,0.65929
7.3703,0.66798
7.5964,0.66157
7.3158,0.66733
7.5121,0.65926
6.6664,0.68755
5.9925,0.70772
8.0591,0.64511
7.6055,0.66206
7.4694,0.66373
7.6894,0.65566
7.244,0.66391
8.2299,0.63488
7.8718,0.64986
6.8441,0.67964
6.9011,0.67706
8.1357,0.64308
6.8089,0.68276
8.362,0.63523
6.5465,0.69074
6.9623,0.67729
6.8411,0.68224
6.5579,0.6922
7.2857,0.66658
7.1315,0.67213
7.0265,0.67378
7.5362,0.6625
6.8101,0.68147
6.5791,0.69341
6.8149,0.68137
7.368,0.66073
6.9316,0.67607
8.4146,0.63079
8.4181,0.63071
8.0176,0.64377
6.5386,0.68683
7.9194,0.65028
7.4045,0.65754
7.0986,0.66575
7.024,0.66657
7.5173,0.6545
8.3656,0.63337
7.4253,0.65854
6.9915,0.67314
7.7776,0.65154
7.3367,0.66241
7.3884,0.66072
7.1181,0.66874
7.2063,0.66594
8.0352,0.64366
8.1258,0.64066
7.4915,0.65696
7.4636,0.65653
8.0044,0.64486
7.8427,0.64903
7.1631,0.66831
8.6744,0.62638
8.6738,0.62599
8.5155,0.6308
9.5841,0.59766
9.1472,0.60984
9.4389,0.60231
7.123,0.66888
7.7,0.64768
9.5949,0.59699
7.4662,0.65739
6.7685,0.6764
7.2026,0.66471
8.8567,0.62086
8.8125,0.62006
8.7438,0.62284
8.6811,0.62346
6.2283,0.69305
9.1681,0.61092
1.004,1.1028
6.1263,0.6967
8.5558,0.6279
7.4966,0.65598
7.124,0.67059
6.7461,0.68518
9.4132,0.60256
8.7344,0.62464
8.1738,0.64268
8.1214,0.64479
7.8993,0.65223
8.1941,0.64178
8.3762,0.63568
8.3324,0.63545
8.4079,0.63356
8.1385,0.64361
7.3999,0.65884
7.0325,0.6738
8.1499,0.64179
7.7184,0.65679
8.3781,0.6349
7.6847,0.65937
8.0442,0.64711
7.9496,0.64831
7.9807,0.64791
7.716,0.65632
7.9653,0.64678
8.0379,0.64717
7.5998,0.66243
6.7484,0.68778
7.7045,0.65397
7.2991,0.67143
6.9695,0.67864
6.6311,0.69111
7.6398,0.66015
7.1847,0.67067
7.56,0.66209
6.9204,0.68036
6.7254,0.68441
6.5529,0.69515
6.5739,0.69272
6.067,0.70654
8.7586,0.6207
7.9948,0.64747
7.9181,0.6498
8.146,0.64272
8.09,0.6453
8.0695,0.64802
7.8775,0.65238
8.3091,0.63766
7.7539,0.65511
7.8995,0.64808
7.9748,0.64924
7.3196,0.6722
8.1466,0.64063
8.1056,0.64292
8.0377,0.64529
8.2378,0.63857
8.1586,0.63957
7.415,0.66802
8.001,0.64567
8.2258,0.64023
7.6792,0.65537
7.9714,0.64755
7.6715,0.65869
7.6464,0.65867
7.6619,0.66059
7.4003,0.66978
7.1573,0.67824
7.6391,0.66196
7.5454,0.66423
7.6724,0.65943
7.7839,0.65668
7.4503,0.6698
7.8261,0.65452
7.5686,0.66424
7.5805,0.6632
7.5789,0.66208
7.4421,0.6668
7.1411,0.67788
7.1461,0.67725
7.367,0.66967
7.397,0.66846
7.5398,0.66456
7.1664,0.67613
6.7576,0.68629
7.4414,0.66774
6.834,0.68292
6.9954,0.68389
7.3913,0.66881
7.6501,0.65931
8.1183,0.64617
8.0499,0.64682
7.8752,0.65068
7.5346,0.661
7.8125,0.65698
7.8134,0.65366
6.8707,0.68409
7.5953,0.66278
7.6868,0.65765
7.2802,0.67168
7.5301,0.66306
7.3881,0.67023
7.2539,0.67229
7.6767,0.65908
8.0002,0.65017
7.7357,0.65883
7.4887,0.6678
7.556,0.66233
8.4049,0.63679
7.6101,0.65933
7.6186,0.65985
7.6376,0.66055
7.4855,0.66449
8.3165,0.64041
7.1691,0.67556
8.3611,0.63492
8.427,0.63496
8.1334,0.64367
7.944,0.64864
7.9032,0.64845
7.3784,0.66721
7.6827,0.65622
7.5796,0.66007
7.3009,0.66388
7.8713,0.65013
8.3535,0.63625
8.1085,0.64512
8.1868,0.64252
8.1734,0.64252
8.2657,0.63959
8.1417,0.64389
8.3768,0.63512
8.139,0.64241
8.6409,0.6265
8.2547,0.63925
6.9111,0.67799
8.5703,0.62849
8.6347,0.62662
8.6693,0.62636
8.5188,0.63106
7.2883,0.66322
7.2508,0.66211
7.4997,0.65327
7.4213,0.65965
6.6942,0.67734
6.9422,0.66713
7.1617,0.66856
7.4972,0.65455
7.6361,0.65032
8.9868,0.61671
7.6826,0.65572
7.7131,0.65467
7.5285,0.65355
7.3618,0.65805
8.1446,0.63691
7.3461,0.65816
7.3755,0.65639
7.3959,0.6561
7.268,0.66124
7.236,0.66085
7.3031,0.65775
9.3462,0.60074
8.9934,0.61092
6.9829,0.66234
8.3962,0.62941
8.8901,0.61294
7.2513,0.66045
8.7539,0.61823
8.8073,0.61608
7.3534,0.65562
7.4692,0.65211
8.9621,0.61131
8.5774,0.62278
7.7612,0.64184
7.4259,0.65326
7.2624,0.65721
6.9594,0.6688
7.2287,0.65866
7.4694,0.64877
7.2091,0.65827
7.6587,0.63991
7.5286,0.64608
8.5103,0.6225
8.5703,0.61978
8.1373,0.62929
7.9616,0.63471
7.3613,0.65142
6.9256,0.6677
7.4984,0.64992
6.9678,0.66567
7.4429,0.6518
8.0361,0.63686
6.9542,0.66464
7.4706,0.64629
7.9333,0.63892
7.019,0.66377
7.151,0.65785
8.7015,0.6151
9.3398,0.59753
8.6263,0.61556
8.4662,0.62105
7.644,0.63931
7.8482,0.63811
8.3105,0.62213
7.684,0.63671
6.8528,0.66613
7.5974,0.63754
7.23,0.65204
7.3379,0.64721
8.5792,0.6142
7.02,0.6581
6.9661,0.66185
7.7473,0.63197
7.4496,0.6419
7.3347,0.64628
6.8359,0.66466
8.1809,0.62057
7.3857,0.64478
7.9908,0.62678
7.5165,0.6356
7.4374,0.64033
8.3403,0.61395
8.3048,0.61413
7.5459,0.64166
8.2543,0.61346
6.7164,0.66307
8.7093,0.60015
8.4853,0.61038
7.6971,0.62566
7.0666,0.64834
7.4018,0.63551
7.2463,0.64156
7.2738,0.639
7.9462,0.62482
8.2331,0.61664
7.2774,0.64262
8.1358,0.61327
7.7567,0.62433
7.2289,0.64397
7.0656,0.64537
7.1842,0.63939
7.1385,0.64707
7.3001,0.63715
7.3871,0.63636
6.8829,0.65229
8.0155,0.61547
7.6046,0.63022
8.1741,0.60924
7.5755,0.62621
8.0712,0.61119
7.1251,0.63486
7.8271,0.61696
6.9956,0.6392
7.0656,0.63895
8.2031,0.60563
8.0739,0.60787
7.1996,0.63293
8.34,0.60194
8.6716,0.59091
8.2868,0.60003
8.0461,0.6103
8.1402,0.6037
8.1912,0.59969
8.0619,0.60783
7.8468,0.61314
8.0746,0.60561
8.3476,0.59494
8.9896,0.57588
7.1097,0.62631
2.928,0.83362
8.2898,0.59441
2.9584,0.83024
8.3322,0.58612
8.4087,0.58719
8.4369,0.58784
8.1587,0.59312
7.945,0.60095
8.5244,0.58282
7.933,0.60211
8.2747,0.5898
8.4409,0.58259
8.5027,0.58302
8.7605,0.57391
8.2981,0.58553
8.3125,0.58685
8.5755,0.57868
8.6013,0.57317
8.6778,0.57182
8.478,0.57599
6.5322,0.63165
8.4323,0.57839
8.3118,0.58242
8.4274,0.58004
8.4114,0.57927
8.41,0.57705
8.4358,0.57598
8.7657,0.56511
9.2289,0.5521
8.5789,0.56932
8.7787,0.56307
8.9648,0.55752
9.2738,0.54753
8.5294,0.56937
9.194,0.54925
8.8304,0.55857
8.1224,0.57665
7.0569,0.60318
7.2597,0.59459
9.2581,0.54463
8.3443,0.56565
7.2131,0.59431
6.9321,0.60319
7.1379,0.59667
6.5902,0.61646
7.1098,0.59644
6.8354,0.60521
6.7859,0.60709
11.942,0.48215
11.723,0.48459
11.268,0.49266
9.9482,0.51746
9.6538,0.52523
9.4821,0.5297
9.5124,0.52686
9.8596,0.51633
10.175,0.50689
12.295,0.46193
10.111,0.50999
10.812,0.49259
14.86,0.41977
12.56,0.45797
12.294,0.46628
8.5139,0.54442
11.647,0.48056
10.31,0.5004
10.015,0.49855
9.8121,0.50382
12.703,0.45177
9.8795,0.50228
13.677,0.43149
12.234,0.46089
11.728,0.4651
13.479,0.43581
12.392,0.45697
10.51,0.48518
9.1934,0.51432
4.2417,0.70289
4.7932,0.68114
9.2291,0.51345
13.03,0.44069
9.4341,0.50713
11.924,0.46182
9.5599,0.50256
14.094,0.41511
9.5632,0.50734
9.7135,0.50068
9.4062,0.50348
8.4495,0.52432
12.534,0.44262
9.4118,0.50246
10.538,0.47629
11.152,0.46103
5.9504,0.61894
11.957,0.44584
13.647,0.4168
8.6924,0.51559
9.504,0.496
9.4694,0.50001
9.6625,0.49271
10.684,0.47213
9.8576,0.48572
9.9016,0.48683
10.036,0.48234
8.6215,0.52168
9.0252,0.5121
12.019,0.44531
10.431,0.4753
12.419,0.43549
11.809,0.44396
9.7781,0.48778
8.8896,0.51083
10.38,0.48202
9.6247,0.48826
10.082,0.47865
10.945,0.46828
8.2957,0.52651
9.8578,0.48301
12.3,0.43547
12.052,0.44027
12.815,0.42484
12.583,0.42831
10.141,0.48537
12.692,0.42416
11.625,0.44456
11.381,0.45008
12.505,0.4245
11.871,0.43854
12.028,0.4338
12.384,0.42672
11.276,0.44549
11.112,0.45322
8.6383,0.51534
9.5762,0.48934
8.1056,0.53109
9.3391,0.49497
8.2499,0.52534
8.1647,0.52845
8.0968,0.52933
7.7884,0.53727
9.2375,0.49704
10.853,0.44844
12.383,0.42011
12.13,0.42484
12.645,0.41521
11.542,0.43646
9.9545,0.47549
12.684,0.4122
9.1845,0.49509
11.505,0.43803
12.28,0.42012
9.4153,0.48856
12.018,0.4257
12.133,0.42236
7.5746,0.54212
7.9923,0.52766
9.8825,0.46301
10.633,0.45459
7.6343,0.53454
11.46,0.4339
7.66,0.52356
7.7998,0.52744
0.58581,1.0897
7.2691,0.54366
7.6194,0.53581
7.6024,0.5355
7.3353,0.54136
7.7395,0.53123
7.7781,0.52829
12.157,0.41388
4.5885,0.65112
9.8749,0.4684
11.419,0.42987
7.5688,0.53264
10.808,0.44281
11.134,0.43493
11.401,0.42921
7.6522,0.52973
10.155,0.45747
7.7836,0.52398
6.2595,0.57633
6.6567,0.56072
6.2188,0.57713
6.169,0.579
6.1524,0.57952
7.0174,0.54544
7.3898,0.53425
7.3767,0.532
7.4942,0.52902
7.0723,0.54378
7.2458,0.53679
7.7273,0.52083
8.2054,0.50694
8.066,0.50998
8.1431,0.50804
6.8314,0.55064
10.63,0.43786
7.9481,0.51211
7.7187,0.51861
9.6141,0.46275
9.4602,0.46722
6.9991,0.54055
10.642,0.43567
7.4807,0.52378
11.964,0.40423
9.002,0.47739
6.9223,0.5414
9.6796,0.45958
6.5815,0.55247
10.855,0.42922
10.434,0.43793
11.134,0.4213
10.363,0.43923
6.1393,0.56869
10.835,0.42769
10.907,0.42474
11.805,0.40291
6.6616,0.54602
10.171,0.44241
10.716,0.42862
10.343,0.43793
10.61,0.43118
6.7569,0.5432
10.802,0.42579
10.217,0.44099
10.615,0.42958
11.057,0.41937
11.107,0.41741
10.455,0.43288
10.214,0.43908
1.6307,0.86101
1.5695,0.87063
10.24,0.43763
10.326,0.43555
9.5177,0.45684
9.6985,0.45233
9.3436,0.46199
9.4328,0.4592
9.9289,0.44272
9.9876,0.44081
10.467,0.42917
10.454,0.42938
5.6776,0.58264
5.8011,0.57627
9.5163,0.45418
9.7235,0.44777
9.5804,0.45099
10.274,0.4325
9.8048,0.44535
9.3674,0.45489
9.4122,0.45407
9.0306,0.46404
8.5357,0.47841
8.6457,0.47376
8.6856,0.4732
8.4934,0.47812
8.6764,0.47254
9.3016,0.45428
8.5721,0.47645
9.0477,0.46323
8.9646,0.46536
5.2318,0.59888
9.4433,0.4528
9.0363,0.46346
8.3659,0.47217
6.4016,0.54492
7.1465,0.50935
7.815,0.49183
9.0592,0.46165
9.391,0.45234
5.5522,0.58127
8.8639,0.46656
9.5549,0.44742
5.9096,0.56446
9.8784,0.43728
5.4731,0.58443
8.2793,0.48577
8.4454,0.47945
8.3589,0.48064
5.7578,0.57062
7.9805,0.49327
5.2146,0.59649
5.0149,0.60676
9.1759,0.45743
8.2735,0.48208
8.4929,0.47669
5.2899,0.59204
7.0043,0.5245
8.6995,0.47039
8.5963,0.47337
8.9001,0.46432
8.0444,0.49228
8.5921,0.47399
8.2698,0.48447
8.6203,0.474
5.1652,0.59947
8.7483,0.47018
8.2598,0.48372
9.0759,0.46024
8.2876,0.48186
8.581,0.47041
8.4267,0.4753
5.1209,0.60093
1.7063,0.84592
8.3334,0.47981
1.6032,0.86041
5.1548,0.59582
5.3673,0.58778
5.5029,0.58224
6.4733,0.54308
5.4342,0.58569
5.2922,0.59155
5.7782,0.56757
5.7906,0.56776
5.4346,0.58303
5.5769,0.57591
5.4558,0.58314
4.9871,0.60514
8.2593,0.48175
7.0448,0.52046
8.7083,0.46658
5.6814,0.57026
6.6238,0.53643
7.0375,0.52055
5.495,0.58064
7.3072,0.51324
5.3635,0.58826
8.555,0.47267
8.9856,0.46034
8.4993,0.47449
9.378,0.44928
4.9779,0.60705
4.9318,0.60782
7.0657,0.51955
10.211,0.42468
5.1091,0.5995
9.0208,0.45742
8.5493,0.46972
8.5271,0.47076
5.6254,0.57487
5.6783,0.57102
9.2183,0.45065
5.6405,0.57408
9.0434,0.45553
6.1978,0.54913
9.5115,0.44272
8.9221,0.45955
8.4338,0.47435
5.7849,0.56699
8.3841,0.47633
5.7875,0.56869
5.9211,0.56278
5.6043,0.5771
5.5041,0.58196
8.0617,0.48788
6.1099,0.55666
6.0394,0.55675
4.9464,0.60812
6.139,0.55383
5.1858,0.59341
5.2651,0.59175
5.5163,0.58113
7.6201,0.50023
5.5175,0.57943
5.3515,0.58735
5.1211,0.59808
5.5106,0.57906
8.9624,0.45833
9.2164,0.45146
5.6845,0.57372
5.5516,0.57769
9.0424,0.45808
4.8152,0.6138
5.0968,0.59639
4.9862,0.60458
8.7866,0.45923
9.0127,0.45547
4.8572,0.61107
5.0603,0.59993
5.1983,0.59248
5.0102,0.60236
8.5926,0.46871
4.9953,0.6031
8.7863,0.45978
4.7026,0.61837
7.9268,0.4903
8.6562,0.46796
8.6384,0.4667
6.9146,0.52259
6.7079,0.53234
5.3058,0.58799
4.7022,0.61738
4.7226,0.61585
8.4234,0.47419
8.8016,0.46103
8.2143,0.47917
6.5897,0.5358
6.7061,0.53072
8.4738,0.47149
8.5444,0.47043
8.7931,0.46153
9.0945,0.45259
8.5294,0.47039
8.6436,0.46644
8.0716,0.48511
8.6514,0.46563
7.6571,0.49748
8.3057,0.47771
8.931,0.45771
7.6963,0.4946
7.5673,0.4984
7.3172,0.50752
7.7398,0.4929
7.7684,0.49096
8.0385,0.48545
7.6633,0.49714
8.5347,0.46877
8.4125,0.47338
8.0966,0.48344
8.2699,0.47633
8.262,0.46872
6.4493,0.53881
7.9898,0.4852
8.1707,0.47946
8.0677,0.48418
8.0315,0.48454
7.4135,0.49587
8.0418,0.48284
8.0046,0.4741
8.5583,0.46731
8.3548,0.47014
8.3431,0.47208
5.0611,0.5956
9.1415,0.45183
5.3564,0.58274
6.758,0.52707
6.8666,0.5235
4.6897,0.61623
8.7714,0.4607
9.1532,0.44858
9.2631,0.4446
9.1641,0.44693
9.362,0.44256
8.7586,0.46114
4.7545,0.60959
4.6028,0.61939
8.5815,0.46632
6.774,0.53017
7.095,0.51749
7.3823,0.50931
6.6811,0.53409
5.1986,0.59584
6.4774,0.54227
6.6763,0.53272
6.6456,0.53569
7.4029,0.50577
3.8003,0.66716
4.1831,0.64438
6.918,0.52421
7.1166,0.51753
7.2142,0.51375
7.3071,0.51128
7.1024,0.51844
7.7283,0.49509
5.5072,0.58105
5.668,0.57329
5.4368,0.58499
5.3155,0.58997
6.2574,0.54678
5.9462,0.55772
5.2432,0.59116
7.026,0.51632
7.6661,0.4956
6.8664,0.52497
7.2334,0.51097
6.8562,0.52642
4.093,0.64942
4.1587,0.64542
3.8565,0.66791
5.0894,0.60394
4.0986,0.64674
4.0689,0.65002
3.6633,0.67643
3.5257,0.6856
3.5184,0.68641
3.9403,0.65742
3.6114,0.67994
3.8146,0.66647
3.7185,0.67317
3.8222,0.66583
3.8586,0.66395
3.7057,0.67386
4.0079,0.65601
3.9718,0.66008
5.6061,0.5751
5.5886,0.57637
5.5536,0.5785
3.7875,0.66716
4.6775,0.61761
3.9809,0.65873
4.0133,0.65682
4.2228,0.64305
4.7877,0.61172
4.1311,0.6491
5.3052,0.58964
5.4929,0.58054
3.4003,0.69721
3.2695,0.69979
6.1613,0.54997
6.0481,0.55443
3.8718,0.66507
3.8486,0.66711
5.9793,0.55742
3.8335,0.66741
3.769,0.67404
6.3506,0.54174
3.747,0.67478
4.4357,0.62713
4.0743,0.65029
4.4235,0.63117
4.3947,0.63436
4.5444,0.62691
8.2857,0.47447
4.7595,0.61322
6.0314,0.55934
4.214,0.64653
4.553,0.62292
4.653,0.61873
5.7937,0.56674
5.6709,0.57277
3.7825,0.6688
3.9824,0.65631
5.6445,0.57104
3.7353,0.6722
3.8171,0.66489
4.0429,0.65053
3.8432,0.66843
4.0998,0.65213
3.9357,0.66236
3.9336,0.66299
3.6983,0.67934
4.2893,0.63947
4.4936,0.62925
4.3261,0.64052
6.8517,0.52185
7.1859,0.50957
6.8472,0.52159
4.6002,0.62307
5.1091,0.59458
7.2864,0.50581
6.8156,0.52457
6.8639,0.52053
4.6663,0.61518
4.9367,0.60425
6.4477,0.53772
4.8588,0.60519
4.6354,0.61638
4.7352,0.61272
4.8776,0.60655
5.1533,0.59236
4.6586,0.6178
3.979,0.65685
4.7244,0.61604
4.8715,0.60656
5.1442,0.59397
4.2042,0.64508
7.1022,0.51292
5.3147,0.58611
5.5275,0.57526
5.4457,0.57935
5.5337,0.57477
4.4407,0.62945
5.5385,0.57472
5.4698,0.57403
4.38,0.63345
5.5459,0.572
4.8667,0.6026
4.6828,0.61312
4.7238,0.61088
6.3772,0.53957
6.697,0.52598
6.2214,0.5447
5.884,0.56052
6.6624,0.52695
6.4516,0.53512
4.0654,0.65294
6.032,0.55292
5.99,0.55578
5.7661,0.56576
7.5436,0.49913
6.4608,0.53437
8.6035,0.45902
6.6605,0.52596
6.7096,0.52371
6.2706,0.54178
7.9086,0.48103
7.6181,0.49054
5.4763,0.57308
4.8326,0.60078
8.8641,0.44721
7.4711,0.49115
7.8681,0.478
9.4621,0.42979
8.6414,0.45456
7.0598,0.5082
7.5134,0.4917
8.0206,0.47477
8.0979,0.47397
7.803,0.48378
4.585,0.61565
6.6099,0.5277
7.4408,0.49568
4.7722,0.60657
4.6735,0.61096
4.8456,0.60221
4.4252,0.6239
4.5635,0.61668
6.3399,0.53427
4.2604,0.6328
4.3262,0.62832
4.3609,0.62792
6.1886,0.54239
4.4116,0.62389
4.1706,0.63858
4.4002,0.62642
5.633,0.56954
4.1129,0.64551
4.0501,0.64974
5.9941,0.5555
6.3572,0.53831
5.8198,0.55789
5.0195,0.5972
5.886,0.55799
6.325,0.53884
5.913,0.55652
5.6762,0.56649
3.8954,0.66048
6.3696,0.53626
4.3051,0.62703
4.3915,0.62451
4.2294,0.63778
4.2796,0.63619
0.29394,1.203
4.2817,0.63541
3.945,0.65343
3.7266,0.66749
4.0865,0.65065
3.9797,0.65228
4.7777,0.60483
4.5392,0.61742
6.4304,0.53124
6.502,0.53027
4.1426,0.64113
5.1787,0.58865
3.9486,0.65536
4.5747,0.61776
1.477,0.87743
0.20508,1.2793
5.1459,0.59019
1.4672,0.87505
5.6435,0.56795
3.9938,0.65347
5.7589,0.56415
4.1481,0.64056
6.3632,0.53554
5.5356,0.5726
5.5798,0.57225
6.1311,0.54519
5.39,0.57888
5.6032,0.57078
4.0442,0.64665
5.1293,0.58897
5.3695,0.57792
5.5021,0.57549
5.7003,0.56454
5.2358,0.58589
5.7574,0.55916
5.1883,0.58843
5.3221,0.58067
6.4256,0.52753
5.9757,0.55363
6.4409,0.53286
6.9318,0.51601
6.3802,0.53435
4.0223,0.64677
3.9903,0.64446
4.9656,0.59429
6.9154,0.5121
5.7158,0.56317
5.3468,0.58199
3.7774,0.66617
4.1545,0.63968
6.0776,0.5473
5.8995,0.55596
5.9258,0.55328
5.5927,0.56992
5.2836,0.58484
5.4243,0.5786
4.1305,0.64505
4.0012,0.64841
4.4263,0.62547
3.9056,0.65699
4.9098,0.60229
4.2938,0.63268
4.3602,0.63005
4.2872,0.6348
5.4738,0.57701
4.356,0.63035
2.503,0.75992
3.9485,0.65303
4.6092,0.61533
4.5432,0.62265
3.997,0.65184
4.6099,0.61436
3.8978,0.65845
3.9101,0.65853
4.1477,0.64315
4.5199,0.62067
4.7588,0.6095
4.8882,0.60212
4.2916,0.63341
4.3811,0.6302
4.1923,0.63747
4.3225,0.63175
4.1547,0.64027
4.2912,0.63671
4.1524,0.64166
4.1231,0.64359
3.9892,0.65353
3.6728,0.6709
3.9096,0.65553
4.7909,0.60632
4.0908,0.64522
4.4643,0.62239
4.0224,0.64879
4.1299,0.64208
4.1359,0.64044
6.1003,0.5469
4.4106,0.62525
4.1171,0.6427
4.3766,0.62523
5.9238,0.55276
4.7979,0.60579
4.3479,0.63133
4.0988,0.64315
4.0577,0.65111
4.153,0.64183
5.5357,0.57167
5.9787,0.55282
5.6488,0.56616
5.6919,0.56622
6.0037,0.55347
6.1545,0.5454
5.8896,0.55824
5.7771,0.56032
6.5284,0.53069
3.8242,0.66462
3.8075,0.66455
3.6299,0.6789
4.2345,0.63756
3.8665,0.66167
4.3321,0.63264
3.6961,0.67012
5.5229,0.57297
3.8133,0.66435
5.9021,0.55793
6.1615,0.54661
6.1821,0.54638
6.0867,0.54704
5.9359,0.55466
6.3189,0.54035
4.1375,0.64488
6.612,0.52918
6.0214,0.551
5.729,0.56262
6.0795,0.55049
5.8829,0.55925
6.1914,0.54337
5.5686,0.57397
5.5856,0.57262
6.0834,0.54721
5.7833,0.56334
5.9706,0.55622
5.919,0.55794
5.3777,0.58116
5.179,0.59039
5.1946,0.58807
5.1078,0.59246
5.4486,0.57488
5.193,0.58882
5.2813,0.58643
6.3542,0.53949
5.2332,0.58825
5.1286,0.59353
5.0779,0.59563
5.0551,0.59713
5.1828,0.59214
4.9695,0.60145
5.4524,0.57336
4.501,0.62292
5.3725,0.58246
4.906,0.60031
5.0357,0.59584
4.8346,0.60718
5.3933,0.57955
5.0527,0.5962
5.5369,0.57213
5.1548,0.59335
4.8677,0.60985
4.8826,0.60471
4.5431,0.62551
3.5006,0.68353
4.6343,0.61937
4.3896,0.63282
4.8176,0.60829
4.4335,0.62948
4.5299,0.62444
4.6905,0.6154
4.6607,0.61489
4.6796,0.61484
5.1007,0.59586
4.5697,0.62047
4.5231,0.62644
4.3525,0.63468
4.5762,0.62031
4.2756,0.63971
4.4572,0.62797
4.3815,0.63136
3.7706,0.66315
4.9462,0.60336
3.6435,0.67206
3.3637,0.69333
3.4131,0.69059
4.5688,0.62225
4.8515,0.60654
5.279,0.58613
4.7854,0.61039
4.8046,0.61039
5.748,0.56574
4.6252,0.62043
3.6756,0.67435
4.5894,0.61791
4.6979,0.61471
5.1299,0.59006
5.105,0.59063
4.5339,0.62206
4.5005,0.62315
4.7129,0.61112
3.4607,0.69006
3.4849,0.68709
5.1192,0.5905
5.2172,0.58909
4.8012,0.60814
4.706,0.61049
4.1365,0.64258
4.6107,0.62084
4.1664,0.64192
3.7524,0.66448
4.6346,0.62166
3.8909,0.65508
4.3648,0.63153
4.022,0.64747
4.107,0.64454
4.1971,0.64055
4.2375,0.64046
4.1503,0.64373
4.6561,0.61673
4.3303,0.636
4.4491,0.62822
4.6973,0.61911
4.4816,0.6295
4.594,0.61935
4.6062,0.62201
4.3855,0.63371
4.4964,0.62395
3.2071,0.71238
3.5154,0.67995
4.71,0.61058
4.443,0.62932
4.3587,0.6345
4.5783,0.61879
4.481,0.62599
3.36,0.696
3.4596,0.68694
3.606,0.67701
3.8365,0.66254
4.6818,0.61311
3.7382,0.66934
4.2078,0.63798
3.6573,0.6712
4.0217,0.64966
4.6157,0.61436
5.3161,0.58517
3.577,0.6828
4.2018,0.63923
4.1541,0.64431
4.4113,0.6284
3.6121,0.67643
4.5751,0.62003
3.8329,0.65955
3.4798,0.68627
5.0614,0.59599
3.1192,0.71576
4.928,0.60074
5.3088,0.58156
3.9232,0.6555
5.27,0.58627
3.6595,0.67301
4.9493,0.59691
1.5888,0.85971
3.443,0.68804
3.7048,0.66856
5.0466,0.59095
5.0449,0.59768
5.0503,0.59166
5.233,0.5833
5.1251,0.58919
4.3596,0.6288
5.5269,0.57172
5.3811,0.57566
5.264,0.58413
4.4521,0.62399
4.355,0.6265
5.4104,0.57717
3.5272,0.68203
5.3544,0.58133
4.9554,0.60036
5.0548,0.59571
4.9936,0.59979
5.0194,0.59361
5.0538,0.5967
5.2985,0.58495
3.543,0.68043
3.6149,0.67646
3.3542,0.69446
3.6069,0.67543
4.8672,0.60055
5.1211,0.58651
4.5691,0.61747
5.8899,0.5561
6.1098,0.54758
5.046,0.59346
5.2181,0.5857
5.0159,0.59505
3.922,0.65409
4.1507,0.64009
4.2852,0.6325
4.1768,0.63817
4.5299,0.62198
5.0988,0.59507
5.5148,0.5728
5.0624,0.60032
1.3545,0.89555
6.0628,0.54996
3.7312,0.66603
4.1923,0.63628
3.6285,0.67155
5.6637,0.56306
4.2554,0.63267
3.8226,0.65877
5.4727,0.5706
5.3939,0.57644
5.411,0.57468
4.0579,0.64367
4.2685,0.63113
4.0416,0.64413
4.0078,0.64836
4.3268,0.62931
3.6775,0.66893
3.9755,0.64956
3.7813,0.66154
4.2746,0.63563
3.5808,0.67869
3.7111,0.66751
3.5696,0.67787
6.0185,0.54934
3.5219,0.68134
4.0561,0.64538
4.2399,0.63569
5.8991,0.55626
5.3314,0.57646
3.8795,0.6602
5.7134,0.55939
5.8469,0.55299
3.9149,0.65274
5.6034,0.56686
5.4385,0.57409
5.3283,0.5781
5.6591,0.56475
5.6834,0.56332
5.6871,0.56176
5.7676,0.55937
3.8664,0.65717
3.8536,0.66027
4.0229,0.64867
3.9525,0.65236
5.3719,0.57732
4.172,0.63831
5.9933,0.54926
5.6863,0.56429
5.8691,0.55585
5.7236,0.56257
5.5916,0.56711
5.554,0.56884
5.4563,0.57384
5.6871,0.56448
6.1202,0.54326
5.1858,0.58463
4.8758,0.60642
5.7138,0.56454
5.1846,0.58581
5.0826,0.59162
5.559,0.56914
4.6842,0.61134
4.9615,0.60034
5.3426,0.58051
5.7044,0.56177
5.1132,0.58963
5.6287,0.56593
5.786,0.56192
5.0139,0.59459
3.5478,0.67568
3.2726,0.69812
3.3314,0.69181
3.3603,0.69222
5.261,0.58225
5.2237,0.58552
5.4366,0.57758
5.9122,0.55347
5.3866,0.57884
6.1831,0.54416
6.0894,0.54847
5.223,0.58807
4.4071,0.62788
5.2535,0.58467
5.8825,0.55361
5.3758,0.57658
5.3253,0.57959
5.3658,0.57744
5.6527,0.56419
4.8253,0.60517
5.9287,0.55365
5.6905,0.562
5.6807,0.56349
4.4127,0.6253
4.3444,0.63145
5.2631,0.585
5.0293,0.59571
4.5373,0.62221
4.7582,0.60849
5.0659,0.59095
4.6787,0.61233
4.8871,0.60001
4.925,0.59961
4.6937,0.61145
4.762,0.60825
4.8968,0.59936
5.0468,0.59168
4.9647,0.59487
4.8752,0.60078
4.9956,0.59438
4.3262,0.62572
4.7643,0.60839
4.6733,0.61465
4.5225,0.62215
4.7444,0.60747
4.4931,0.62416
4.6323,0.61432
5.0498,0.59147
4.9121,0.59588
4.8872,0.60097
5.3754,0.57484
4.7818,0.60528
5.2206,0.58313
4.9426,0.5968
4.7526,0.60844
4.5636,0.61757
5.0961,0.58766
5.2476,0.58192
4.9115,0.59901
4.6195,0.6137
4.1865,0.63603
4.1914,0.63512
4.8108,0.60655
3.4457,0.6815
4.6929,0.60945
4.8529,0.599
4.4392,0.61923
4.8556,0.59756
5.0691,0.58664
4.3835,0.62291
3.4102,0.68034
4.0538,0.64233
4.9464,0.59491
3.1247,0.70734
4.3932,0.62427
3.0346,0.71171
3.3435,0.68751
3.1633,0.69889
3.1553,0.70029
4.5221,0.61723
4.1233,0.63419
3.2644,0.69493
3.3924,0.68264
3.1509,0.7019
3.0994,0.70746
3.002,0.71376
2.9234,0.72087
3.1563,0.70062
3.0311,0.71133
2.778,0.73466
2.8546,0.72684
2.9892,0.71373
4.9436,0.59376
4.5463,0.61487
2.84,0.728
3.1077,0.70015
2.9858,0.71872
3.0082,0.70926
2.88,0.72164
2.8154,0.72789
2.9242,0.71619
3.1192,0.701
2.6912,0.73963
4.6058,0.61286
4.3656,0.62539
4.5916,0.61216
4.7192,0.60376
3.0252,0.71076
3.2291,0.69088
3.0088,0.71308
3.054,0.70613
3.2713,0.68876
2.9457,0.71577
4.8348,0.59761
4.9006,0.59449
4.2584,0.63189
4.4072,0.62044
4.7359,0.60257
4.5435,0.61475
3.0567,0.70324
3.2913,0.6909
4.9118,0.58958
4.6423,0.60522
5.0736,0.58278
3.8258,0.64956
2.9022,0.72312
4.0653,0.63651
3.9467,0.64575
2.7525,0.73272
4.2261,0.63062
2.8927,0.71994
4.557,0.60808
3.4769,0.67272
3.0645,0.70636
4.5745,0.61141
3.114,0.70156
3.5013,0.67568
3.3105,0.68463
3.5101,0.67191
3.4669,0.67337
4.7641,0.59485
3.6154,0.66408
4.5225,0.6098
3.6845,0.64846
3.3295,0.68767
3.87,0.6464
4.3511,0.61254
3.3404,0.68393
3.7862,0.64937
3.989,0.63389
3.7221,0.65174
3.1322,0.69057
3.5717,0.66391
2.8361,0.72258
3.7634,0.6472
2.9907,0.7084
3.2091,0.68769
4.1593,0.62238
4.3057,0.62031
4.8334,0.58622
2.9328,0.70968
3.1059,0.69749
3.1703,0.69565
4.9511,0.57837
3.2857,0.68844
3.5758,0.66034
3.0207,0.70775
4.9773,0.57044
3.7075,0.64657
5.5588,0.52092
3.6979,0.65509
3.0479,0.6986
3.3445,0.66876
3.3905,0.67052
3.3389,0.67989
3.2457,0.6826
3.1207,0.69617
3.4569,0.66047
3.5186,0.65812
2.1631,0.77181
3.3321,0.67741
3.6414,0.64984
3.2983,0.68121
3.6109,0.6577
3.8057,0.62799
3.5702,0.661
4.2616,0.61275
4.4256,0.60363
4.6765,0.59014
3.853,0.63178
3.9613,0.6338
3.235,0.67124
1.5442,0.83582
1.6311,0.81486
3.5234,0.63872
2.804,0.71249
2.8151,0.71531
3.849,0.63361
2.8152,0.71566
2.7702,0.71639
2.6049,0.73974
2.8641,0.7107
3.2996,0.6534
3.662,0.63626
3.543,0.65752
3.5761,0.65697
4.5736,0.5887
3.637,0.64534
3.8827,0.62849
2.7108,0.71912
4.8533,0.57476
3.8335,0.6334
4.643,0.58768
4.591,0.59523
4.3573,0.60629
3.1201,0.68736
2.8049,0.7163
2.7495,0.70799
3.1374,0.67751
3.8103,0.63503
3.9911,0.62672
3.5381,0.6652
3.1766,0.68864
3.8264,0.63369
2.7531,0.7098
3.1308,0.67989
2.8437,0.69849
4.0469,0.62037
3.6637,0.64533
4.1595,0.60506
4.165,0.60667
4.2341,0.60231
3.7523,0.64324
4.0575,0.62285
4.9242,0.56198
4.1619,0.60441
3.1438,0.67558
3.0139,0.683
4.0356,0.61632
3.489,0.6464
2.4291,0.72212
4.1659,0.60344
2.571,0.72417
3.5423,0.64702
4.2758,0.59565
3.9825,0.61698
3.8446,0.63098
4.2184,0.61022
4.4941,0.58297
3.9138,0.62228
4.3681,0.59221
2.8914,0.69851
4.2504,0.60098
2.765,0.70167
2.4706,0.7372
3.5624,0.63907
3.5419,0.64552
3.8933,0.62277
3.8779,0.62199
3.8555,0.62482
3.7211,0.63689
2.7895,0.70384
3.9066,0.62578
3.0189,0.67257
2.9859,0.67696
2.6716,0.71903
3.4137,0.65882
4.2309,0.59947
4.0448,0.60977
4.0942,0.60793
3.6064,0.64048
3.8235,0.62287
3.5947,0.63882
3.356,0.66013
3.4129,0.65298
2.7927,0.68978
2.9044,0.67848
2.9692,0.67797
3.1505,0.66548
3.7532,0.62267
3.6618,0.63471
3.66,0.63482
3.8728,0.62444
3.7245,0.63656
3.7934,0.62633
3.5806,0.64048
3.6261,0.63774
3.4743,0.65518
3.6482,0.63302
3.1646,0.66885
4.1514,0.60387
3.5201,0.64434
3.5952,0.62858
2.7631,0.69411
3.3918,0.64904
3.9125,0.6135
2.1627,0.76055
3.357,0.65424
3.2831,0.66069
2.6857,0.69165
2.71,0.69276
2.6603,0.69442
2.3218,0.7327
3.2006,0.66839
3.3957,0.64599
3.2728,0.65794
2.9801,0.6709
3.0785,0.67815
3.4276,0.64368
3.1833,0.65753
3.2881,0.65251
4.038,0.58465
3.9999,0.60057
3.237,0.65603
3.3052,0.65622
3.1627,0.664
3.2525,0.65763
3.0206,0.67245
2.7475,0.70655
3.6701,0.61982
3.5398,0.63431
3.1821,0.66725
3.4217,0.63568
2.1907,0.74904
2.2451,0.74205
3.4096,0.63992
2.2846,0.731
2.099,0.75599
2.0203,0.763
0.68767,0.99852
2.3125,0.72744
0.67319,1.0023
2.3923,0.71838
2.0719,0.75452
2.466,0.71282
3.1402,0.65012
1.8985,0.77499
2.8155,0.69106
2.0941,0.75592
2.6423,0.70429
1.9785,0.77285
2.1977,0.73811
1.9958,0.76871
1.9483,0.77772
2.1739,0.74486
3.7311,0.6115
3.7801,0.60963
2.6399,0.70526
2.9477,0.67056
3.0981,0.65728
2.8581,0.67388
1.9685,0.75957
1.7668,0.79519
3.0308,0.66236
3.0396,0.66188
2.8723,0.67905
2.9748,0.66727
3.2555,0.64715
2.5196,0.70813
1.9921,0.76094
1.9484,0.7696
1.8346,0.78673
2.0409,0.75353
2.2107,0.72636
1.9183,0.77673
2.1491,0.74038
2.0305,0.75733
1.7873,0.79296
2.0842,0.74863
1.9409,0.76566
1.9675,0.76087
1.9558,0.75758
2.0377,0.75234
2.1925,0.72169
1.9292,0.76611
1.9149,0.77614
2.0504,0.74881
2.2452,0.72812
2.1767,0.73482
2.2032,0.73473
2.1533,0.738
2.1134,0.74734
2.0843,0.74836
2.1496,0.73343
1.6819,0.80034
2.1975,0.72041
2.166,0.73659
2.0168,0.75442
2.9052,0.66782
2.8883,0.67168
3.1892,0.64397
3.4027,0.63029
2.1045,0.75268
2.489,0.70171
2.8296,0.67242
2.2495,0.72284
1.8328,0.77591
2.9473,0.65914
2.177,0.73336
2.1304,0.73262
2.2878,0.71742
2.2586,0.71741
2.3774,0.70869
2.0551,0.74942
2.2309,0.72822
2.1711,0.7354
2.107,0.74453
1.9867,0.75839
2.2443,0.71879
1.8398,0.78607
2.3382,0.71551
2.4341,0.7042
2.4525,0.70074
2.3823,0.71881
2.1594,0.73559
3.2999,0.60634
2.6077,0.6847
2.2793,0.71929
2.3998,0.70827
2.406,0.69043
2.1135,0.74018
2.2733,0.71915
2.0579,0.74976
3.7137,0.6005
3.0254,0.65628
3.5111,0.61308
3.1429,0.6395
2.7722,0.671
2.8309,0.66418
3.0413,0.65129
3.9496,0.58589
2.0118,0.75057
1.9275,0.76506
2.4211,0.70192
2.0847,0.74671
0.50053,1.0718
2.0217,0.75143
1.9917,0.75842
2.16,0.73653
2.035,0.75266
2.071,0.74801
2.0328,0.75101
2.2459,0.72636
2.2795,0.72282
2.1233,0.73859
2.0112,0.75571
2.8414,0.67249
3.1242,0.64699
2.3211,0.71903
2.3636,0.71624
2.3726,0.71061
2.403,0.70832
3.2974,0.63358
2.4731,0.70164
3.2648,0.63715
1.969,0.76231
1.8292,0.78861
1.9199,0.76902
2.3319,0.72147
2.0522,0.75023
2.2035,0.73647
2.3431,0.72171
3.7955,0.60074
2.6827,0.68321
2.4876,0.69841
2.3027,0.71561
1.8367,0.77382
2.6251,0.68553
3.2192,0.63971
3.095,0.65211
2.4306,0.71016
2.6516,0.6848
2.2529,0.72974
2.5052,0.69823
2.2977,0.72204
2.7883,0.67163
2.3752,0.71106
2.5281,0.69379
2.4718,0.70449
3.3457,0.6317
2.2594,0.7321
2.444,0.70557
2.4188,0.70875
2.301,0.72635
2.9907,0.66019
2.8442,0.66768
2.6094,0.69182
3.3812,0.62413
2.6477,0.68088
2.39,0.70819
2.3651,0.71804
2.9021,0.67445
2.6587,0.68306
3.2871,0.63247
2.4737,0.71058
3.3263,0.63623
2.8369,0.67667
3.1036,0.65331
3.1586,0.64387
3.6197,0.61069
3.2052,0.6385
1.9308,0.76527
1.3786,0.83975
3.01,0.6576
2.0566,0.75267
3.1504,0.65023
3.9381,0.57388
3.4263,0.62644
3.2033,0.64923
3.6864,0.60444
3.1171,0.65084
2.2267,0.72686
1.1891,0.87854
3.6701,0.6064
50.197,-0.24516
2.5591,0.69657
2.516,0.69909
3.0081,0.65396
3.2083,0.63478
2.9138,0.66345
2.846,0.66975
2.7605,0.67669
3.3063,0.63084
3.5304,0.61184
2.9428,0.66058
3.253,0.63411
3.5923,0.60445
2.0433,0.74191
2.8241,0.67497
3.8031,0.56828
1.983,0.75695
2.0389,0.74879
2.9125,0.66763
3.05,0.64947
2.6006,0.69471
2.6577,0.6878
2.9582,0.65807
2.9009,0.66594
2.7193,0.68424
3.033,0.65128
3.0423,0.64974
2.7957,0.67205
2.892,0.6657
2.5193,0.70718
2.7301,0.68258
2.7851,0.66349
3.5072,0.61306
3.3586,0.62251
3.1141,0.64099
3.3474,0.61769
3.3706,0.62728
2.7519,0.68406
2.7434,0.68886
2.6689,0.68292
2.8528,0.6714
3.2734,0.63288
0.27425,1.1813
3.0652,0.65179
2.8068,0.6746
2.9208,0.65993
2.7725,0.67396
2.7366,0.6742
3.2678,0.62831
2.5929,0.68821
2.5912,0.69054
3.531,0.57216
2.526,0.70909
2.1581,0.71526
2.5235,0.69603
2.9806,0.65434
4.2203,0.53574
3.5132,0.62057
2.4746,0.70491
4.062,0.57626
2.679,0.68989
1.866,0.76479
3.0354,0.64577
2.9416,0.63722
2.4079,0.70035
3.5069,0.57492
2.8897,0.6565
3.7462,0.58152
2.4869,0.69864
2.6741,0.67471
2.8439,0.65562
3.9161,0.54313
3.9765,0.57309
1.9715,0.75226
1.8769,0.76444
2.6999,0.67692
2.9906,0.64666
2.5116,0.69613
2.8576,0.66247
2.8708,0.65928
52.6,-0.25857
2.8432,0.66454
3.6956,0.5705
3.1276,0.63846
2.8077,0.66956
1.8089,0.77298
1.6089,0.80733
52.302,-0.23176
3.1869,0.63421
2.1863,0.70628
1.5708,0.81873
2.9576,0.65191
2.8254,0.65786
3.2602,0.62232
3.6966,0.58674
3.0682,0.63694
3.1982,0.62535
2.5664,0.69343
1.7456,0.77657
3.019,0.6485
2.7273,0.68342
3.2943,0.62469
1.7732,0.77562
2.1784,0.71258
1.8885,0.76228
1.7671,0.77773
1.9188,0.75579
1.7277,0.78475
2.0341,0.74158
1.6976,0.79082
3.0039,0.6437
1.7032,0.78793
1.8451,0.77121
1.8026,0.77636
1.8981,0.75427
2.1672,0.71803
1.7487,0.78251
2.4704,0.69706
2.3945,0.69969
2.581,0.68448
3.3007,0.61904
2.2404,0.71681
1.5838,0.80388
1.4682,0.82672
1.7676,0.77579
1.9803,0.7512
1.7093,0.78912
1.9094,0.76297
1.8107,0.77051
2.4638,0.6794
1.7908,0.77552
2.0793,0.73963
2.7357,0.67327
2.448,0.6914
2.0558,0.73784
1.8733,0.76367
2.0327,0.73204
1.9451,0.75371
1.9249,0.75075
1.9157,0.75434
1.9442,0.75206
3.6146,0.59836
1.9759,0.73987
2.0204,0.74366
2.0003,0.75005
2.3651,0.7018
2.1466,0.72591
2.3643,0.70632
2.3043,0.71914
3.6222,0.58552
3.2679,0.62095
3.1356,0.63598
3.2319,0.61873
3.4695,0.6088
3.5419,0.60054
3.3834,0.61346
3.625,0.59177
2.1276,0.73549
3.0587,0.62908
2.5263,0.69636
3.1151,0.63518
2.6026,0.67929
2.7655,0.66767
2.6821,0.67402
4.0274,0.56851
2.2725,0.71228
2.3152,0.70378
2.1026,0.73635
2.0894,0.73578
3.445,0.61549
2.2672,0.72013
1.97,0.7496
2.1511,0.73304
1.9715,0.7526
3.477,0.61006
3.6771,0.59506
2.8655,0.65657
2.4083,0.69832
3.3077,0.62407
2.4448,0.69317
0.77981,0.95586
2.9647,0.65731
1.2621,0.85676
3.6741,0.59904
2.8699,0.66701
3.8924,0.5697
3.8284,0.59079
3.9271,0.58119
3.9841,0.57735
3.8296,0.59336
3.6295,0.60209
3.8713,0.58845
3.8827,0.57928
2.248,0.71612
2.4528,0.68796
3.9902,0.5773
2.228,0.72279
2.3863,0.70287
2.4554,0.69182
4.1606,0.56185
3.801,0.58661
3.3903,0.61248
3.6698,0.59232
3.1822,0.6347
1.2257,0.85976
3.0421,0.64662
2.1975,0.72744
2.5353,0.69289
2.1561,0.73474
2.4668,0.7003
3.2327,0.63305
3.1116,0.64168
3.356,0.62215
3.0132,0.64844
3.7668,0.59258
1.9886,0.75687
2.4319,0.6966
2.342,0.69391
2.2293,0.72332
2.1284,0.73357
2.1104,0.7307
3.0781,0.64031
2.3853,0.70746
2.1161,0.7336
3.0835,0.6432
2.2241,0.71612
2.0473,0.74397
2.0566,0.73654
2.1246,0.72994
3.4148,0.61842
3.445,0.61847
3.6363,0.60838
3.4907,0.61563
3.3829,0.61787
3.6031,0.6095
3.8073,0.5962
3.7505,0.59726
3.7282,0.59815
2.431,0.69566
3.4028,0.62557
3.3354,0.62468
3.0171,0.64508
2.9164,0.65511
2.5931,0.67399
2.7228,0.67668
2.8547,0.66405
2.8444,0.64925
2.5264,0.67885
2.9785,0.65764
3.4319,0.61653
3.2012,0.63128
2.7347,0.67131
2.9238,0.64933
3.3052,0.62672
2.9212,0.66201
2.9754,0.65607
3.6375,0.59219
3.5359,0.60589
2.799,0.66424
3.5242,0.60215
3.4132,0.61325
2.7199,0.67266
3.1055,0.64172
3.313,0.61774
3.0609,0.64822
2.3446,0.71624
2.6211,0.67934
3.3502,0.6247
2.9887,0.65704
3.0974,0.64291
3.0796,0.64173
2.8046,0.66796
2.8261,0.6648
3.2345,0.6305
2.6455,0.68215
2.8793,0.6543
2.4726,0.69325
2.392,0.70274
2.9627,0.65878
2.8316,0.6736
3.0945,0.63473
3.0542,0.64948
2.8286,0.67263
3.2576,0.61929
2.6795,0.68177
3.4136,0.60346
2.5788,0.69395
3.8994,0.54165
2.9244,0.65563
3.4117,0.62047
2.2444,0.7128
2.4455,0.68678
2.2417,0.71701
3.3922,0.62108
2.7239,0.68169
3.0269,0.65187
3.1426,0.62748
2.9849,0.64829
2.6908,0.67876
2.7618,0.66729
2.7926,0.662
3.5984,0.57085
3.638,0.57389
2.9413,0.65064
3.5889,0.58054
2.9076,0.65299
3.0157,0.6425
2.7792,0.66679
3.5662,0.57958
3.0083,0.63362
2.8726,0.65992
2.7598,0.67287
3.1472,0.62468
2.5512,0.69341
3.2619,0.61079
2.6384,0.68252
3.0121,0.64856
4.6867,0.46099
2.081,0.73593
4.0346,0.54358
1.8841,0.75827
3.0284,0.64421
3.0171,0.64707
3.1837,0.62392
2.9437,0.62039
1.7604,0.77301
1.445,0.82849
2.7741,0.67256
2.2181,0.69102
1.8776,0.75596
1.992,0.73572
0.78267,0.94977
3.4377,0.60074
1.9266,0.74559
2.6877,0.67346
2.7296,0.65837
2.7539,0.65904
1.8335,0.75133
1.8108,0.75668
2.5565,0.63333
2.233,0.6885
1.8824,0.73889
1.9012,0.75556
2.8301,0.66246
1.9605,0.73266
2.1368,0.70878
1.5779,0.80445
3.024,0.64394
3.2279,0.6241
1.7472,0.77936
1.6747,0.7905
2.4334,0.65763
1.8242,0.76621
2.3323,0.69998
1.9781,0.74638
3.1849,0.62774
2.696,0.67255
2.488,0.69652
3.018,0.62896
3.6158,0.57112
2.7452,0.67229
1.8433,0.76872
1.8405,0.76501
3.2311,0.62303
2.4761,0.68473
2.0028,0.73744
1.6897,0.7936
1.7776,0.77276
1.6154,0.80273
1.6678,0.78814
2.654,0.68093
2.2196,0.70317
2.3466,0.69628
2.2567,0.6983
1.9785,0.74152
1.9865,0.73837
2.3183,0.67579
2.0359,0.73553
2.2046,0.71398
2.0514,0.73955
1.7569,0.78441
1.8446,0.75669
2.0154,0.73513
1.9038,0.75764
1.9241,0.75003
2.2517,0.69371
2.1288,0.72071
2.255,0.69451
2.0669,0.72913
1.8837,0.74557
1.9946,0.73379
2.7562,0.66848
2.0217,0.73945
2.0673,0.73293
1.9522,0.75147
1.9864,0.74036
2.0288,0.7382
1.6995,0.7798
2.0754,0.72587
1.516,0.81496
1.9885,0.72632
1.6634,0.78495
1.6113,0.80319
2.2402,0.71201
2.2738,0.71242
1.5633,0.80214
1.9688,0.74747
3.2705,0.6186
3.5383,0.6038
2.243,0.70834
2.137,0.72232
2.3168,0.70611
2.4151,0.69745
2.3455,0.70121
2.368,0.70499
2.6179,0.67755
3.1278,0.6241
3.0654,0.63771
2.0416,0.74463
2.7266,0.65182
2.2901,0.71455
2.216,0.71801
2.0066,0.73974
2.427,0.69472
2.2548,0.70794
1.9924,0.7479
2.4138,0.69344
2.2918,0.70658
2.0494,0.73842
2.5767,0.67962
2.5471,0.68208
2.4072,0.69387
2.4102,0.69371
2.6458,0.66694
2.0098,0.74627
2.3169,0.70956
2.1849,0.71985
2.4146,0.69178
2.2697,0.70814
2.137,0.72586
2.281,0.70648
2.3385,0.70319
2.4517,0.68561
2.1278,0.72644
2.1169,0.72603
2.1056,0.72673
57.884,-0.28957
2.4132,0.69113
2.1982,0.71017
2.2281,0.71535
2.1049,0.72655
2.4637,0.68833
2.2032,0.71369
2.0363,0.73879
2.0743,0.73682
3.8098,0.57877
2.1512,0.71748
2.2378,0.71788
1.9695,0.75425
2.1361,0.7222
0.52747,1.0564
1.9514,0.75649
1.9558,0.74946
3.5177,0.60604
3.3607,0.61979
1.6598,0.79716
1.8875,0.76303
2.691,0.68219
3.3657,0.61309
1.7925,0.76865
3.5896,0.59578
2.2705,0.71462
3.4354,0.61061
3.8445,0.5804
3.4988,0.6022
3.4873,0.60237
2.208,0.71755
2.0184,0.7416
2.5167,0.67661
2.1457,0.72525
2.0254,0.74298
3.7633,0.59043
3.2533,0.6256
3.0551,0.64313
2.8126,0.67331
3.5463,0.59791
2.7046,0.67636
2.2121,0.71722
3.491,0.61065
2.1053,0.7345
2.8436,0.65802
2.555,0.68095
2.4533,0.67616
3.3411,0.61825
3.2733,0.62774
3.7299,0.59252
3.7649,0.59012
3.1213,0.63126
3.1065,0.63272
2.0908,0.72861
3.8556,0.58593
2.1038,0.72826
3.7151,0.5853
3.3128,0.61121
2.0109,0.74044
2.9167,0.65969
2.6639,0.683
2.9049,0.65566
4.1903,0.54603
3.1768,0.63503
3.69,0.5924
3.2687,0.62498
3.3183,0.61733
3.4618,0.60556
3.9158,0.57528
4.4205,0.51147
3.6574,0.59174
3.3565,0.6211
2.9869,0.65517
3.1873,0.63112
2.2696,0.71116
3.6507,0.56661
3.1265,0.62507
2.555,0.68528
2.1299,0.72436
1.7915,0.76712
3.2054,0.62472
1.9083,0.75131
3.9336,0.57677
3.1115,0.64008
2.3902,0.69664
2.8757,0.65875
3.2238,0.63156
2.6898,0.67682
2.8702,0.6601
3.0884,0.63668
3.1928,0.62739
2.9811,0.64527
2.7519,0.67314
3.3159,0.59491
2.8609,0.6586
1.6741,0.78827
2.9629,0.65005
3.2202,0.63007
4.0448,0.54162
2.8436,0.66036
1.9886,0.74249
4.758,0.47978
1.7731,0.77394
1.864,0.75647
1.7763,0.77103
3.1395,0.62782
1.7361,0.778
1.6796,0.78338
2.3455,0.67336
1.9996,0.72795
2.0893,0.70982
2.7553,0.67083
2.9413,0.65019
3.436,0.59126
3.4312,0.61196
3.0267,0.62492
2.8947,0.64993
1.6594,0.78074
2.6137,0.68028
2.744,0.65515
4.6251,0.47706
1.8267,0.7664
1.7767,0.75612
1.8012,0.74303
4.5303,0.4884
3.0486,0.64116
3.519,0.59058
2.5834,0.68529
2.7329,0.66384
2.8999,0.64916
2.9756,0.63833
1.9569,0.73906
1.5121,0.81091
2.8696,0.60935
3.027,0.63842
2.3704,0.66721
3.2178,0.56214
3.2159,0.62151
1.4481,0.81967
1.7811,0.77458
3.3002,0.61236
2.0542,0.72734
1.7056,0.77763
3.0064,0.62252
3.5329,0.59168
2.4233,0.65306
2.9651,0.64964
2.377,0.67177
3.375,0.60634
2.5651,0.64614
3.8519,0.51345
3.0314,0.63205
3.3006,0.60633
2.7088,0.66904
2.9484,0.64754
3.1466,0.57566
1.6921,0.78724
2.5952,0.6566
2.7774,0.66501
2.7848,0.66053
2.1175,0.72311
1.4867,0.81409
1.6315,0.77981
1.4998,0.8162
2.6416,0.67112
1.5624,0.80488
2.453,0.70127
2.6704,0.64085
2.5254,0.67974
1.9687,0.74514
1.9174,0.75018
1.9619,0.7371
2.0984,0.72551
3.1927,0.56774
2.2614,0.71067
2.3772,0.6598
2.5297,0.68673
2.5026,0.66543
2.0229,0.72352
2.3852,0.65934
2.4818,0.68722
2.3383,0.67995
2.0309,0.7166
2.0325,0.73062
2.3216,0.6851
3.8572,0.57814
1.6045,0.7932
2.8767,0.615
2.6273,0.67644
2.264,0.67946
1.7036,0.78153
1.5898,0.79512
1.9079,0.75331
1.7315,0.77084
3.2886,0.57294
1.7063,0.78612
3.4377,0.55656
2.3884,0.67811
2.422,0.6832
3.6291,0.58567
3.1192,0.63073
2.8362,0.65711
2.2594,0.7008
3.0574,0.58405
2.3231,0.7063
2.1324,0.72467
1.6926,0.78467
2.0846,0.72074
1.9103,0.7397
2.5403,0.67877
2.0021,0.73713
1.8527,0.75712
2.019,0.73178
2.0407,0.73169
2.4513,0.68514
1.9395,0.74699
1.8979,0.746
1.6609,0.78539
1.9927,0.73503
2.4921,0.67419
2.7832,0.661
3.293,0.61564
2.1548,0.72008
1.7634,0.76424
2.1191,0.71714
2.7689,0.66211
2.0894,0.71435
1.7665,0.77036
2.3237,0.67718
2.0006,0.73528
1.992,0.73416
2.4687,0.65997
1.9991,0.73295
2.6085,0.64624
2.5951,0.67183
1.8073,0.76005
2.507,0.67984
2.2911,0.7032
51.323,-0.26219
1.7653,0.77257
1.786,0.7704
1.9975,0.73659
2.0844,0.72417
2.0626,0.72898
1.9472,0.74279
2.1449,0.71644
2.3728,0.6943
2.0642,0.73224
3.4723,0.59891
1.925,0.7478
2.2605,0.70601
2.5713,0.67655
2.2223,0.72446
2.1166,0.72979
2.7633,0.6577
2.0745,0.73283
2.4277,0.69812
2.2552,0.71338
2.168,0.72261
2.0558,0.73597
2.4596,0.68225
2.5831,0.66803
3.047,0.62601
2.1536,0.71528
2.1669,0.71907
2.4824,0.67121
2.0883,0.72593
2.3012,0.70063
2.6082,0.65136
3.6445,0.59546
2.1529,0.7239
2.0973,0.73302
2.1053,0.72896
3.7436,0.58675
2.2049,0.71316
2.6862,0.66505
2.5566,0.67759
3.5229,0.60094
2.8033,0.64907
3.2906,0.61224
3.4291,0.60956
2.5347,0.68151
1.9923,0.74246
2.0253,0.7386
2.4306,0.695
2.5227,0.68161
2.4736,0.68724
2.4146,0.68857
2.7757,0.66104
2.7152,0.65766
2.2956,0.70716
2.5237,0.67633
2.9748,0.64062
2.5865,0.67848
3.4268,0.58363
2.8694,0.653
2.3266,0.70757
2.5067,0.68554
2.631,0.67344
2.1507,0.72718
2.1376,0.73106
2.6087,0.67863
1.9623,0.74835
2.0718,0.72926
3.3491,0.6248
2.0736,0.73383
2.2855,0.70626
2.3878,0.69774
3.2473,0.62895
2.7467,0.66856
2.5595,0.68267
2.0291,0.73657
1.7659,0.77516
2.0612,0.73934
2.3527,0.70547
2.2308,0.7044
1.7727,0.77668
3.6963,0.59028
3.4483,0.60518
3.1963,0.63452
3.4568,0.61324
3.7729,0.59481
3.2815,0.61471
2.7087,0.67104
2.5173,0.69205
3.6977,0.59502
2.5086,0.69846
2.3901,0.69736
3.4605,0.61465
3.9709,0.57854
3.9899,0.57853
4.4647,0.53796
3.5667,0.60489
3.5769,0.60719
3.3975,0.62086
2.2971,0.71062
2.0699,0.73584
3.2898,0.62459
2.308,0.70844
2.2402,0.71722
2.0292,0.74582
2.1378,0.72792
2.2717,0.71131
1.9919,0.75071
3.4662,0.61087
3.348,0.61969
3.2012,0.63179
3.5053,0.61119
2.6078,0.68188
3.2814,0.6295
3.0971,0.64338
4.2804,0.55055
2.2446,0.72197
3.3026,0.62723
2.1608,0.72992
1.9757,0.75877
2.6361,0.70317
2.3722,0.70308
3.052,0.64471
2.6705,0.68865
1.8644,0.76321
2.3421,0.69654
2.0697,0.73141
2.0439,0.73508
4.4583,0.5146
3.186,0.63835
3.3208,0.59689
2.2651,0.72122
2.5279,0.67778
2.2221,0.72276
2.3621,0.70719
2.0779,0.73331
3.265,0.62433
2.1476,0.72889
2.5682,0.67452
3.3558,0.62598
3.0864,0.64683
3.7354,0.59229
3.1424,0.64352
2.011,0.74203
2.65,0.6985
2.333,0.70254
2.0638,0.73076
2.3337,0.72023
2.767,0.67201
3.4833,0.57603
2.7531,0.66971
2.2612,0.73201
2.9644,0.65003
1.8608,0.76848
2.9222,0.6564
2.3939,0.71627
2.9611,0.64788
3.552,0.58441
2.2926,0.72913
2.5547,0.70669
2.7941,0.67329
2.6559,0.70125
3.0133,0.64823
2.4043,0.72354
2.8423,0.67637
3.864,0.55849
3.2639,0.63885
4.6097,0.50059
3.3686,0.6163
2.6254,0.69823
3.1741,0.61653
3.0315,0.65236
3.1279,0.63602
2.821,0.59019
3.0636,0.65044
2.9788,0.64268
3.2187,0.64367
4.6977,0.50277
2.3487,0.7207
2.8287,0.6867
3.1345,0.65044
5.3242,0.4566
3.2763,0.62076
5.808,0.40731
5.2392,0.46182
3.7575,0.6066
3.6558,0.58008
3.5693,0.58662
4.2576,0.53914
2.5068,0.71275
3.0197,0.65005
3.7191,0.57313
3.2581,0.62127
3.1429,0.63162
3.1424,0.62905
3.3925,0.62068
2.4146,0.69762
2.1365,0.74179
1.6497,0.80864
2.7876,0.63804
2.8973,0.64385
3.5201,0.57702
1.9172,0.76644
3.4059,0.60459
3.1606,0.63726
2.124,0.75173
3.3943,0.61422
2.0266,0.74793
1.716,0.79816
3.2119,0.61977
3.4853,0.60536
3.4123,0.6341
2.733,0.67594
2.5305,0.70137
2.3874,0.70696
2.5756,0.66219
2.6696,0.66191
1.9801,0.76003
2.5305,0.6763
2.0941,0.73535
2.6739,0.65489
2.1674,0.72587
2.1172,0.7271
2.8182,0.63369
2.4521,0.68623
1.9439,0.75179
2.6852,0.64019
4.0809,0.55056
2.1216,0.73582
2.5734,0.67446
2.1595,0.72778
1.731,0.78881
2.3306,0.69521
1.5976,0.82178
4.1507,0.55526
2.2925,0.71547
3.9585,0.56218
3.5463,0.6103
3.6731,0.60018
3.7052,0.60666
1.7263,0.80028
2.2187,0.72039
1.9378,0.76903
2.852,0.68063
3.5985,0.60935
3.1644,0.65066
3.2579,0.64353
2.4026,0.71243
3.0776,0.66035
1.3448,0.85451
2.2299,0.7395
2.6252,0.69986
1.9312,0.77605
2.7348,0.69612
2.3534,0.72573
1.7646,0.80567
3.7397,0.61345
3.4355,0.64508
2.4412,0.72748
3.137,0.6615
1.7236,0.80836
1.7389,0.80333
2.4233,0.72819
2.0364,0.76614
2.6761,0.69801
2.1917,0.74193
3.5207,0.63052
2.2432,0.73907
2.5264,0.69996
1.8544,0.79194
1.8951,0.79271
2.2519,0.74461
2.0627,0.76347
2.0371,0.77045
1.7979,0.80178
2.2224,0.74099
2.2737,0.73521
1.9677,0.77353
2.0161,0.76234
2.2473,0.73624
2.0375,0.76391
2.5569,0.69331
3.317,0.6434
2.6992,0.68573
2.6224,0.69208
2.0107,0.76677
3.3144,0.64729
2.5148,0.71088
1.9824,0.77157
2.4438,0.72726
2.6951,0.69879
2.3691,0.73129
0.5541,1.0617
2.7955,0.69106
2.4119,0.73338
2.3584,0.73291
2.435,0.72266
2.2032,0.74885
2.3889,0.7274
2.2863,0.74061
2.3206,0.7364
2.5658,0.71089
3.027,0.67217
2.8573,0.68374
2.8847,0.6851
2.9118,0.6828
2.7837,0.68929
2.5952,0.7072
2.4836,0.7238
2.8526,0.67515
2.6983,0.69861
2.6096,0.71019
2.5081,0.71412
2.7612,0.69343
2.5984,0.71147
3.8733,0.58599
3.2534,0.65477
2.9685,0.6717
2.706,0.69933
3.2509,0.64965
2.7057,0.69612
2.6069,0.71267
2.4627,0.7287
3.5919,0.63287
4.3627,0.58333
3.9743,0.60696
3.985,0.60076
2.5372,0.72062
3.4031,0.64632
2.3133,0.74579
3.1165,0.671
3.709,0.62668
3.8378,0.61521
3.6746,0.62767
3.1504,0.66787
3.4326,0.63957
3.3106,0.65509
3.4279,0.64682
4.2089,0.59774
2.1061,0.76292
1.9978,0.77946
3.5086,0.63936
3.1558,0.66751
3.1218,0.67016
3.0805,0.67365
3.5925,0.63058
3.4799,0.64139
3.1074,0.67417
2.9893,0.68475
2.8613,0.69813
3.427,0.64911
2.2837,0.75335
3.3307,0.65888
1.8291,0.80337
3.1467,0.67118
2.8537,0.6999
3.0259,0.68769
3.7338,0.6266
3.1236,0.67421
3.405,0.63296
3.0008,0.68992
3.2319,0.65959
3.7728,0.62919
2.7436,0.68171
2.3144,0.7453
1.7186,0.79467
2.9466,0.6697
3.0866,0.67651
2.8795,0.6957
2.732,0.68591
3.3873,0.64387
2.7458,0.71386
3.2178,0.66516
3.2097,0.66519
4.1634,0.57404
4.4985,0.54325
3.5874,0.63298
1.9316,0.79448
3.1095,0.67233
3.128,0.67978
2.8417,0.71154
3.3902,0.65532
1.8246,0.80346
4.3489,0.56223
2.127,0.75443
3.2164,0.65612
3.9005,0.59651
4.4493,0.56873
3.9444,0.60094
2.3116,0.72921
1.8806,0.80603
2.6358,0.69366
1.6547,0.84705
2.3874,0.71682
2.4128,0.72243
2.7438,0.68033
2.2953,0.73809
1.9143,0.79316
2.0546,0.77214
3.2234,0.62572
2.7868,0.67893
2.6211,0.69285
3.6538,0.58176
2.083,0.75671
2.5572,0.69658
2.5006,0.70256
3.0844,0.63121
3.6131,0.58394
3.0247,0.64465
3.1555,0.62493
2.9941,0.6414
2.3749,0.72329
2.7158,0.68945
2.2528,0.74612
4.8219,0.52464
4.6843,0.53911
2.299,0.73574
5.7853,0.46223
3.0028,0.64283
4.7684,0.53629
3.1656,0.63388
2.5021,0.70961
2.5586,0.69343
2.19,0.74818
3.0343,0.63955
1.9882,0.78137
2.403,0.74345
2.8874,0.68977
1.6751,0.83595
1.7939,0.81107
2.7032,0.69626
2.1808,0.74624
2.4579,0.7148
2.8937,0.66313
2.1102,0.75236
2.1998,0.74907
2.3048,0.73614
4.6374,0.54343
4.6361,0.54729
2.0712,0.77363
2.5144,0.72262
4.3251,0.58015
4.1074,0.59932
2.6414,0.71056
2.4645,0.7285
2.3868,0.73727
2.5457,0.72004
2.344,0.73769
2.4528,0.72925
2.4148,0.73822
2.4203,0.73756
2.8867,0.69183
2.6283,0.71965
2.4369,0.74332
2.3458,0.75032
2.2515,0.76353
2.4645,0.73939
3.3069,0.66407
4.2667,0.57801
3.0195,0.68694
2.9299,0.68935
2.5968,0.7299
2.7946,0.70235
2.51,0.73792
2.3728,0.74955
2.6607,0.72354
2.6681,0.72128
2.9225,0.69004
2.8651,0.6979
2.874,0.70527
2.4219,0.74775
2.8473,0.7
2.666,0.72126
2.7206,0.71614
2.707,0.7193
2.6473,0.72441
2.7755,0.71016
2.9058,0.69972
4.3263,0.60534
4.131,0.61474
2.6437,0.72279
3.8423,0.63199
4.2117,0.6131
2.9277,0.69796
4.6015,0.58819
3.2334,0.67288
2.6377,0.7277
2.7268,0.7192
5.375,0.55064
2.7831,0.71594
4.6973,0.59022
3.027,0.69844
4.5386,0.59428
3.0598,0.68493
3.3178,0.67132
2.572,0.73182
3.1099,0.68482
2.5572,0.73171
2.4806,0.74433
3.0669,0.69155
2.9691,0.69523
2.9443,0.69867
2.7021,0.71903
2.7281,0.71828
2.6249,0.73074
2.8242,0.70946
2.7919,0.71334
4.9284,0.57198
4.3969,0.60266
4.1885,0.614
4.2695,0.6091
2.7186,0.71962
2.9423,0.69567
2.6723,0.72697
4.8204,0.5768
3.0185,0.69345
2.9446,0.70179
3.0077,0.69565
3.6273,0.65035
2.7317,0.72
2.6365,0.73122
2.5566,0.73924
2.635,0.73209
2.6635,0.72861
2.5084,0.74681
2.5389,0.7408
2.717,0.71873
2.6271,0.72944
2.5904,0.73186
2.583,0.73317
2.6243,0.73064
2.6902,0.72196
4.9672,0.57469
5.0561,0.56954
4.9816,0.57253
2.7905,0.71382
4.5988,0.5925
5.0066,0.5715
3.3103,0.67592
4.4667,0.60088
4.4895,0.60354
5.0784,0.57072
4.4825,0.60255
5.2502,0.56061
4.7026,0.58785
4.7843,0.58511
4.5892,0.59376
5.3282,0.55635
5.2608,0.56159
5.4604,0.55004
4.7227,0.58658
4.4026,0.60555
4.6381,0.59465
5.1994,0.56521
4.2866,0.61395
2.6203,0.73139
5.0105,0.57146
2.6815,0.72396
5.3261,0.55843
3.2168,0.68193
2.4709,0.74987
4.7048,0.59094
4.5223,0.60364
4.6906,0.59612
5.1148,0.57285
2.5779,0.73751
2.5108,0.74512
4.4757,0.60187
5.0297,0.56975
3.0073,0.69424
4.7475,0.58535
2.7623,0.71793
2.6365,0.72853
5.1845,0.54929
2.8147,0.71034
4.5642,0.57394
4.4883,0.59916
5.0562,0.56841
4.3976,0.60611
4.8766,0.58178
4.8216,0.58088
4.4605,0.60235
4.6539,0.59154
4.8194,0.58355
5.3198,0.55754
4.9171,0.57774
4.451,0.60545
5.1985,0.56319
4.9641,0.57337
4.8404,0.58058
5.2936,0.55677
5.2779,0.55902
5.4293,0.54462
4.5525,0.59835
4.126,0.59966
4.6887,0.5834
3.3165,0.66085
2.593,0.71481
4.1267,0.61776
5.0418,0.55926
4.4774,0.60168
4.4939,0.60178
4.351,0.60612
5.4094,0.54972
4.7343,0.58624
4.8978,0.57506
6.7961,0.47439
5.6565,0.52483
5.1747,0.55989
3.7211,0.65315
2.7041,0.72587
5.1788,0.5621
4.3527,0.61188
4.3721,0.59877
4.1287,0.62448
4.0092,0.6308
3.8333,0.64308
4.1984,0.62018
4.0985,0.6243
4.2746,0.6092
4.7166,0.58928
5.4201,0.54266
4.7668,0.57813
5.3202,0.54746
4.9053,0.58016
4.5049,0.59939
4.8602,0.5811
4.8308,0.56897
4.0929,0.62696
3.9457,0.63706
4.4011,0.59871
5.0611,0.56704
4.5233,0.59179
4.2342,0.61542
4.1949,0.60921
3.9532,0.62984
3.918,0.6354
4.2526,0.6101
4.4482,0.59615
4.1633,0.61675
4.0227,0.63111
4.1579,0.62146
3.9563,0.63421
4.3412,0.60815
2.5038,0.74647
4.7995,0.58839
4.9109,0.57716
3.0006,0.70274
3.3278,0.6782
3.485,0.6646
3.0807,0.69587
2.452,0.75145
2.8369,0.71363
4.0914,0.59816
4.4803,0.59615
3.0804,0.69549
3.0071,0.70064
2.9506,0.70481
2.9137,0.70924
3.4627,0.65683
3.1557,0.69072
4.6461,0.5919
3.1516,0.6915
2.884,0.71388
3.0086,0.705
3.0445,0.69802
4.4124,0.60554
4.626,0.59335
4.4635,0.60365
2.7783,0.71925
3.0759,0.69372
4.6767,0.58972
4.3356,0.60583
3.085,0.69403
3.0862,0.69466
3.8512,0.64392
4.7424,0.58935
5.1719,0.55836
4.9144,0.58064
2.8536,0.716
5.0534,0.57503
3.195,0.68777
3.2613,0.68435
3.2129,0.6901
3.1841,0.69338
3.65,0.65307
3.1323,0.69287
3.121,0.69247
5.1236,0.57273
4.8766,0.58546
2.8114,0.72296
3.2186,0.68585
5.6297,0.54287
5.6408,0.54556
5.5563,0.55219
3.4283,0.67301
3.4547,0.67062
3.2957,0.68251
3.5954,0.66248
3.0866,0.69867
3.1826,0.68935
3.0803,0.69774
3.5374,0.66257
5.4435,0.55507
5.3699,0.55865
3.0418,0.70127
5.6698,0.54361
5.4784,0.55347
5.542,0.55075
5.3044,0.561
5.1894,0.56569
3.1394,0.69134
5.0215,0.57409
3.5231,0.66731
2.9883,0.70487
3.4329,0.66858
5.5568,0.54928
3.1305,0.69649
3.0507,0.70098
3.4928,0.6652
5.7094,0.54345
3.4937,0.66769
3.6926,0.65445
3.8684,0.6381
3.6996,0.65034
3.8672,0.64085
3.8654,0.6403
3.7265,0.65131
3.6688,0.65537
3.4009,0.67719
6.3712,0.51699
3.6672,0.65841
3.606,0.66339
3.6814,0.65835
3.4187,0.67718
3.0792,0.70008
6.261,0.51497
3.4574,0.66528
6.6,0.50214
6.4836,0.50644
3.2798,0.68199
6.4407,0.51001
2.9344,0.71307
5.7052,0.54574
3.1241,0.69603
6.5187,0.51112
5.8269,0.53926
3.6614,0.65462
3.7109,0.6503
3.5391,0.66348
3.8233,0.64333
3.5523,0.66393
3.7702,0.64787
3.7826,0.64835
6.7133,0.5017
5.2372,0.56177
5.7744,0.53715
5.9119,0.53774
5.3094,0.56561
3.2839,0.67998
3.2041,0.68849
6.3933,0.51681
6.4239,0.51503
6.3184,0.52047
5.3899,0.55935
5.076,0.57601
5.3192,0.56389
5.1202,0.57487
5.8542,0.53471
5.236,0.56198
2.9266,0.71179
5.8348,0.53482
5.4453,0.55207
5.2146,0.56555
5.3008,0.55685
5.6014,0.54718
4.4671,0.59909
5.0693,0.57144
5.1473,0.56654
5.8616,0.53304
4.8538,0.5897
5.2926,0.56205
5.459,0.55561
6.0208,0.53368
6.2171,0.51954
5.552,0.55341
5.6673,0.54814
4.8852,0.58775
3.2975,0.6811
3.0577,0.70009
3.2953,0.68008
3.1288,0.69475
3.0815,0.69855
2.9574,0.71223
3.191,0.68928
3.3038,0.6779
3.1238,0.6977
6.2826,0.51857
4.1714,0.62162
6.2971,0.51449
5.071,0.57205
6.868,0.48698
5.8603,0.53542
5.3808,0.55639
6.2366,0.52008
5.9535,0.53432
6.4319,0.50943
3.523,0.66865
3.6567,0.65539
3.3955,0.67254
4.7338,0.59074
7.5677,0.4623
