88.538,-0.24692
71.693,-0.18896
74.264,-0.21011
81.779,-0.21627
70.874,-0.15833
67.941,-0.15544
92.905,-0.26404
76.586,-0.19147
74.854,-0.1976
66.867,-0.1501
69.903,-0.16975
69.237,-0.16994
69.513,-0.16398
67.855,-0.1614
70.278,-0.1588
67.496,-0.15455
66.055,-0.15327
66.797,-0.15756
67.621,-0.16158
64.875,-0.14521
69.5,-0.17195
65.35,-0.15113
61.51,-0.12195
64.056,-0.12538
60.901,-0.12449
62.693,-0.14215
63.206,-0.14442
63.101,-0.14251
63.576,-0.14392
64.065,-0.14075
60.771,-0.13172
62.926,-0.14565
60.877,-0.13266
62.847,-0.14182
60.44,-0.12741
62.19,-0.13515
65.659,-0.14983
61.765,-0.12399
61.054,-0.12666
60.07,-0.1201
62.204,-0.118
61.765,-0.11818
64.222,-0.13696
62.089,-0.13124
62.729,-0.12741
61.236,-0.13425
62.655,-0.13595
60.397,-0.12174
61.196,-0.12097
66.276,-0.15403
61.336,-0.12285
62.191,-0.12701
60.209,-0.11541
63.686,-0.13554
61.983,-0.12586
60.272,-0.11513
63.225,-0.13449
60.071,-0.12183
59.95,-0.11854
62.14,-0.13092
61.327,-0.12494
60.621,-0.11857
61.859,-0.12694
61.533,-0.12742
61.102,-0.12339
62.08,-0.12807
61.778,-0.12411
60.244,-0.11718
61.734,-0.12798
60.968,-0.11487
60.805,-0.11313
67.001,-0.16183
60.585,-0.12312
60.413,-0.12504
64.376,-0.14944
59.337,-0.11793
64.815,-0.14769
64.783,-0.155
65.269,-0.15405
69.358,-0.18647
67.433,-0.16617
68.117,-0.1663
68.155,-0.17676
65.68,-0.15315
65.704,-0.15533
64.691,-0.14881
65.168,-0.15295
63.973,-0.14604
64.532,-0.15232
64.568,-0.15317
63.996,-0.14749
64.553,-0.1518
66.553,-0.16945
64.881,-0.1534
63.346,-0.14892
66.084,-0.16532
63.717,-0.16492
61.677,-0.1456
66.921,-0.17773
65.826,-0.17947
76.19,-0.1537
67.756,-0.17543
63.837,-0.1548
68.563,-0.19007
67.313,-0.19405
65.33,-0.17621
67.054,-0.19764
65.3,-0.18396
66.428,-0.17186
66.458,-0.16906
66.475,-0.16893
69.181,-0.19761
65.74,-0.19973
65.425,-0.18577
71.244,-0.20471
68.333,-0.18531
66.042,-0.16979
62.891,-0.17365
67.048,-0.18415
64.092,-0.16563
62.051,-0.16953
59.575,-0.15339
61.837,-0.16815
62.934,-0.17642
62.554,-0.18151
64.837,-0.19915
65.016,-0.19277
62.547,-0.1792
61.581,-0.16655
60.934,-0.16587
60.91,-0.1684
64.445,-0.196
63.145,-0.15972
61.411,-0.16204
60.891,-0.15472
62.387,-0.16996
63.527,-0.18006
59.852,-0.14883
59.888,-0.14501
63.531,-0.15616
64.093,-0.14956
62.404,-0.16342
59.77,-0.13676
59.89,-0.14033
64.033,-0.19088
62.544,-0.1729
61.65,-0.17434
59.821,-0.14622
58.458,-0.13786
63.193,-0.14589
62.348,-0.13888
57.839,-0.13147
62.72,-0.14447
62.958,-0.14397
58.008,-0.13118
57.487,-0.12344
59.176,-0.1426
57.757,-0.1319
59.762,-0.12472
60.224,-0.11402
59.518,-0.10833
59.489,-0.1091
58.051,-0.11093
57.894,-0.1035
59.014,-0.11596
59.531,-0.11984
56.369,-0.10604
58.03,-0.11066
57.244,-0.11993
55.499,-0.10205
56.98,-0.12104
55.763,-0.1061
54.767,-0.10258
54.718,-0.093088
54.988,-0.098536
53.356,-0.074561
52.285,-0.067193
54.697,-0.094251
52.152,-0.064636
52.662,-0.073323
53.405,-0.083876
54.287,-0.098154
53.931,-0.09216
52.697,-0.079432
51.877,-0.072493
56.208,-0.090171
51.809,-0.071722
51.345,-0.065769
50.229,-0.052072
47.408,-0.017356
46.916,-0.015201
45.324,0.0039437
45.921,-0.0032634
46.969,-0.016672
46.767,-0.010125
47.143,-0.010886
45.596,0.0088692
44.846,0.017856
44.403,0.024038
45.272,0.0045945
42.602,0.046458
41.207,0.064354
44.437,0.016556
42.11,0.049669
44.772,0.025088
47.473,-0.0066019
47.344,-0.0084687
46.57,-0.0024135
43.681,0.048916
44.466,0.029462
43.718,0.040556
43.952,0.034353
43.138,0.044154
39.657,0.073849
40.428,0.067989
37.029,0.11139
40.423,0.061679
40.097,0.067429
39.06,0.086936
40.171,0.067476
38.463,0.090401
39.951,0.070321
35.301,0.13873
38.904,0.082583
39.309,0.074583
37.5,0.10402
37.652,0.10267
33.414,0.16449
35.712,0.12943
31.288,0.20782
23.956,0.33307
34.566,0.14205
34.764,0.1406
30.295,0.22022
22.161,0.37326
16.291,0.53553
34.641,0.14107
24.828,0.31328
29.053,0.23981
22.316,0.36767
29.986,0.22276
34.097,0.15115
29.008,0.23783
24.268,0.33113
29.415,0.2313
28.327,0.25343
30.165,0.21368
26.903,0.27938
24.616,0.32678
23.075,0.34648
27.274,0.26397
24.396,0.3214
33.469,0.17139
28.963,0.25062
27.992,0.2706
27.724,0.27082
25.529,0.31384
29.591,0.23752
32.955,0.17433
31.685,0.19691
29.119,0.24243
33.758,0.16223
27.463,0.27772
30.193,0.22523
20.779,0.4159
21.376,0.39175
18.411,0.46613
22.307,0.38172
24.184,0.33564
23.786,0.34293
23.475,0.35221
23.929,0.33243
19.546,0.4506
24.818,0.32775
20.711,0.40616
20.778,0.42157
19.89,0.44005
22.186,0.38537
22.412,0.37999
25.23,0.31667
23.817,0.3529
22.944,0.3713
10.976,0.64919
21.361,0.40645
11.465,0.62824
21.317,0.40393
17.515,0.50606
20.323,0.43002
13.635,0.61047
13.429,0.61725
15.93,0.53422
14.634,0.57318
14.871,0.57146
13.353,0.62179
12.858,0.64267
12.316,0.66286
13.778,0.60638
13.107,0.62948
13.437,0.61862
13.312,0.62425
8.1949,0.85276
11.826,0.68352
10.089,0.76405
10.36,0.73434
9.3824,0.78436
13.395,0.62566
7.6547,0.88329
11.888,0.68651
10.033,0.78969
10.117,0.78319
14.491,0.59434
10.933,0.7362
11.06,0.72175
13.072,0.63499
13.856,0.60621
12.632,0.65935
10.344,0.743
12.014,0.6794
13.06,0.63715
13.674,0.61196
13.021,0.63977
13.513,0.62214
13.817,0.61411
12.58,0.65781
11.021,0.70622
10.377,0.74284
11.932,0.67286
11.277,0.70259
12.832,0.63808
12.514,0.64841
11.233,0.69886
11.718,0.68105
11.796,0.67598
12.887,0.63193
11.373,0.69513
11.44,0.692
12.614,0.64691
11.689,0.6858
11.462,0.68994
11.415,0.69942
12.76,0.64476
14.494,0.58743
10.463,0.73642
13.554,0.61301
13.664,0.61096
9.4662,0.78418
12.748,0.64494
13.445,0.62255
11.947,0.68122
14.226,0.59308
13.159,0.63019
13.633,0.61942
11.043,0.71019
10.819,0.71866
13.1,0.63366
12.919,0.64199
13.326,0.62969
11.141,0.70929
11.725,0.68817
12.117,0.67068
11.783,0.69298
12.839,0.64624
13.697,0.61095
12.14,0.67058
13.819,0.61005
13.573,0.61233
14.402,0.59736
12.964,0.64175
12.702,0.64435
12.075,0.66838
12.493,0.65951
11.109,0.71828
11.942,0.68052
12.081,0.67251
11.856,0.68072
14.54,0.58211
13.57,0.61726
12.339,0.6669
12.478,0.65988
13.667,0.61501
13.733,0.61318
12.048,0.67681
12.551,0.65647
13.145,0.63077
13.554,0.61515
12.471,0.65954
12.723,0.65029
13.121,0.62665
13.057,0.62954
14.32,0.59373
12.832,0.63753
14.04,0.5958
13.347,0.62237
12.927,0.63254
12.84,0.63985
12.799,0.63911
11.262,0.70557
12.526,0.65316
12.143,0.66869
12.564,0.65267
12.247,0.66429
11.149,0.71302
12.434,0.66088
12.216,0.66806
12.285,0.66285
12.686,0.64888
12.039,0.67383
11.418,0.69769
11.068,0.70645
12.042,0.66887
11.8,0.67846
11.529,0.69106
16.004,0.57566
13.082,0.62951
15.896,0.57653
12.182,0.66326
11.991,0.67124
12.856,0.6406
13.109,0.62909
12.188,0.66113
13.644,0.62005
16.414,0.52882
14.008,0.6034
13.559,0.61696
12.161,0.66612
15.454,0.55767
14.439,0.58701
14.441,0.58837
13.12,0.63015
14.201,0.59682
15.378,0.55763
14.025,0.6061
13.821,0.6053
14.05,0.5973
17.144,0.54038
13.718,0.61264
13.65,0.61829
13.794,0.61464
14.546,0.58669
14.407,0.59838
14.873,0.58484
15.706,0.55492
14.11,0.60127
12.756,0.6436
12.021,0.67788
12.084,0.68177
12.662,0.65138
13.487,0.63026
13.477,0.62435
12.888,0.64961
13.494,0.62006
12.396,0.6592
15.482,0.57777
13.355,0.6475
12.359,0.66612
15.158,0.58785
10.302,0.75961
11.464,0.69231
10.824,0.71884
12.008,0.68151
12.67,0.65058
12.955,0.64082
13.211,0.6331
12.048,0.67469
12.246,0.66449
12.55,0.66374
12.044,0.67516
12.401,0.66447
11.566,0.70432
11.78,0.70045
12.834,0.65759
11.469,0.70574
12.098,0.67996
12.992,0.65804
12.472,0.66406
10.978,0.72745
11.679,0.68834
11.995,0.67691
12.764,0.65442
13.469,0.62215
14.244,0.59931
12.404,0.66855
13.981,0.61145
13.304,0.63389
14.038,0.61118
13.487,0.63233
13.85,0.61979
13.226,0.63634
15.145,0.57079
13.556,0.62448
13.206,0.62924
14.417,0.58783
11.513,0.69926
9.4215,0.80446
12.353,0.67203
12.955,0.65884
11.331,0.70931
11.648,0.6974
14.007,0.62226
13.442,0.6359
12.913,0.65984
14.269,0.60295
14.005,0.61267
13.994,0.61255
13.094,0.64861
15.385,0.5915
12.513,0.65858
11.422,0.70779
12.457,0.67728
12.657,0.66155
10.227,0.75866
11.933,0.68591
10.759,0.73406
11.627,0.69279
11.272,0.71313
11.631,0.69478
12.151,0.68679
13.016,0.65096
15.925,0.5527
14.383,0.59581
12.438,0.66602
11.775,0.68797
13.105,0.64716
12.189,0.67411
11.383,0.70955
12.131,0.68416
10.69,0.74145
10.593,0.74442
12.076,0.68563
12.483,0.66355
11.979,0.68264
12.923,0.64941
11.063,0.72386
11.538,0.7018
12.29,0.67566
12.632,0.65899
12.701,0.65811
12.916,0.66609
11.154,0.71962
11.141,0.71824
12.091,0.67471
11.617,0.69172
10.978,0.72181
11.576,0.69436
11.221,0.70947
11.399,0.70631
10.207,0.75594
11.025,0.71997
9.7333,0.78014
12.549,0.67614
11.253,0.70612
9.957,0.77359
10.161,0.75866
9.9258,0.77147
10.854,0.73943
10.317,0.75337
11.458,0.70157
9.8645,0.76964
9.6221,0.79388
9.8937,0.76732
9.4936,0.79104
8.7148,0.82472
10.298,0.756
9.7993,0.77523
15.598,0.57935
15.11,0.5909
13.208,0.66872
15.129,0.58936
15.273,0.58334
14.218,0.6271
13.713,0.64009
16.294,0.55125
13.565,0.65467
13.852,0.63744
14.143,0.62372
14.673,0.60727
12.21,0.67723
11.141,0.71789
11.035,0.72403
10.636,0.74475
11.576,0.70524
11.617,0.70075
10.701,0.74128
10.298,0.76361
10.001,0.78589
11.518,0.70502
10.918,0.73181
11.518,0.70508
5.7263,0.91515
12.499,0.68096
12.307,0.69026
12.338,0.68588
12.283,0.69302
13.125,0.66281
13.047,0.66075
12.219,0.69377
13.326,0.64932
12.605,0.67772
13.035,0.65687
13.892,0.6306
15.025,0.58364
13.028,0.66398
13.868,0.62052
13.14,0.65098
12.901,0.66216
12.332,0.6817
13.028,0.66371
13.278,0.64939
13.547,0.63234
13.809,0.62021
13.33,0.64404
12.492,0.6705
11.408,0.723
13.388,0.64519
13.857,0.62866
14.095,0.6161
12.907,0.65724
13.241,0.64672
12.93,0.66064
12.876,0.66037
13.528,0.63341
14.431,0.60485
13.544,0.64187
13.668,0.628
13.829,0.62673
13.236,0.63806
12.943,0.64888
13.447,0.63488
14.584,0.59795
13.088,0.65637
13.748,0.63068
13.121,0.64455
12.705,0.66067
12.202,0.6809
12.579,0.67259
12.805,0.65772
11.746,0.6949
10.361,0.77087
11.993,0.68456
9.7988,0.77249
10.732,0.74013
10.373,0.75734
12.169,0.68102
11.207,0.70959
12.344,0.67072
11.164,0.72399
11.345,0.71443
11.97,0.6863
10.976,0.7369
12.379,0.67537
12.594,0.67429
10.866,0.74109
12.813,0.6661
11.584,0.705
12.832,0.66403
12.183,0.68391
11.435,0.71995
12.478,0.66949
13.446,0.63972
12.579,0.66438
10.996,0.73356
10.836,0.739
11.772,0.69291
10.628,0.72518
12.455,0.66885
10.162,0.74943
12.694,0.65376
10.967,0.73471
11.743,0.70394
11.951,0.69462
9.0254,0.80824
13.54,0.61744
12.096,0.69531
11.549,0.72875
10.545,0.75637
13.547,0.64384
10.783,0.73685
13.518,0.65074
13.918,0.63156
10.995,0.7355
11.099,0.71976
11.597,0.69633
13.551,0.64964
13.534,0.65052
10.77,0.74361
11.278,0.72134
10.615,0.74722
10.565,0.7472
10.171,0.7697
10.77,0.73472
9.798,0.77359
10.17,0.76659
10.555,0.75492
10.878,0.73175
11.053,0.72223
10.465,0.76387
12.154,0.68779
12.893,0.65938
10.236,0.75366
11.542,0.70582
13.777,0.62658
10.532,0.74028
12.318,0.68008
12.715,0.67301
12.724,0.66798
12.618,0.67071
12.285,0.68581
12.377,0.68244
14.495,0.60638
10.061,0.76467
10.228,0.75959
11.206,0.71348
12.222,0.69331
13.41,0.63299
15.056,0.59815
14.23,0.60658
15.216,0.58538
12.606,0.66817
13.313,0.64613
13.037,0.64978
11.677,0.6894
10.765,0.73021
10.731,0.73395
10.944,0.72354
10.645,0.73155
10.596,0.74293
10.831,0.72562
13.741,0.64984
10.126,0.76143
11.21,0.70873
10.006,0.7654
10.415,0.74392
11.966,0.70191
13.852,0.62383
9.6939,0.78009
10.471,0.73989
9.8902,0.76519
12.757,0.67042
12.009,0.69996
12.116,0.69581
12.044,0.69662
11.351,0.72814
13.277,0.663
9.3474,0.7918
14.724,0.59619
13.392,0.65343
13.821,0.62619
12.795,0.66885
14.562,0.60565
15.373,0.5807
9.8119,0.77578
13.704,0.63305
12.897,0.66946
13.011,0.65987
12.988,0.66498
14.108,0.62775
12.571,0.68023
12.821,0.67161
12.465,0.69911
12.217,0.69662
12.252,0.69683
12.501,0.68207
11.17,0.73706
12.202,0.68489
13.306,0.64081
11.961,0.69223
12.277,0.68298
12.492,0.67905
12.365,0.67483
12.561,0.66718
12.123,0.69161
13.952,0.62032
13.203,0.65001
13.578,0.6326
15.226,0.57998
13.42,0.63874
12.51,0.67756
14.049,0.62197
12.926,0.66409
13.347,0.64984
10.814,0.72502
13.204,0.64641
13.735,0.63243
13.554,0.63037
13.86,0.6237
14.283,0.60973
12.609,0.67151
12.955,0.65502
13.416,0.64068
12.806,0.65792
12.844,0.6597
12.01,0.68569
10.311,0.76169
10.124,0.75813
14.423,0.60441
10.333,0.75308
11.631,0.70254
13.283,0.64582
10.487,0.74043
13.017,0.65488
15.015,0.5786
13.052,0.6535
12.619,0.67939
10.12,0.76092
9.7481,0.77457
9.0839,0.80639
9.6117,0.78249
10.284,0.74707
9.3266,0.79711
10.069,0.75833
9.3855,0.79249
9.543,0.77937
13.325,0.64549
12.884,0.66497
12.918,0.66222
12.022,0.69428
15.141,0.58953
14.731,0.60082
16.038,0.55263
14.297,0.62537
16.152,0.55314
14.097,0.62192
14.474,0.60685
14.098,0.61628
14.124,0.61766
13.215,0.65276
13.67,0.63682
14.151,0.62462
10.994,0.73128
12.193,0.67537
10.891,0.73166
12.582,0.6688
11.6,0.69981
11.7,0.70593
11.881,0.68855
12.87,0.65386
10.697,0.73991
12.36,0.67725
10.508,0.74984
11.362,0.71428
11.323,0.73686
11.285,0.739
12.045,0.70946
10.063,0.778
12.926,0.68081
13.046,0.67136
12.747,0.68639
12.796,0.67583
12.199,0.69611
12.694,0.68227
12.981,0.67067
13.864,0.6404
13.065,0.67111
13.363,0.65673
12.114,0.68727
13.129,0.66132
11.179,0.72793
13.785,0.62758
14.223,0.61199
14.363,0.60518
13.879,0.63367
14.321,0.62227
13.197,0.65755
14.837,0.58781
11.97,0.69598
11.798,0.70062
12.456,0.68125
11.621,0.71004
12.679,0.67152
14.385,0.61656
14.127,0.63335
12.513,0.67239
12.026,0.69135
12.037,0.69411
13.835,0.62317
14.17,0.62313
12.102,0.68559
11.685,0.70226
9.3967,0.79382
12.504,0.66902
10.495,0.73989
11.075,0.73
9.9863,0.76993
9.1996,0.79781
11.119,0.72798
10.523,0.75168
11.185,0.72494
12.381,0.67767
12.895,0.66078
13.849,0.62617
11.061,0.73675
12.433,0.68744
13.309,0.64638
12.46,0.68058
12.145,0.6885
12.376,0.68428
11.709,0.7042
12.327,0.68813
11.121,0.73354
11.754,0.7026
9.7688,0.79252
10.837,0.73994
11.588,0.70642
11.633,0.70019
12.34,0.67519
10.542,0.74441
12.227,0.67725
12.194,0.67961
11.188,0.72314
11.136,0.72235
10.954,0.73265
11.03,0.73588
11.907,0.69781
12.166,0.68728
12.823,0.66266
10.21,0.76866
13.795,0.62611
9.8153,0.77976
10.823,0.73356
9.4709,0.79765
14.769,0.61205
11.184,0.71854
12.757,0.6697
13.548,0.63927
11.738,0.72646
11.534,0.72557
10.842,0.74266
11.82,0.70421
13.167,0.65299
12.983,0.66127
13.923,0.62609
14.634,0.60154
13.24,0.64507
13.897,0.62626
12.779,0.66618
12.881,0.67322
10.832,0.7271
10.197,0.74977
10.926,0.72077
10.555,0.74408
9.6739,0.77117
11.487,0.69474
11.761,0.68341
12.084,0.68719
12.41,0.66085
12.309,0.67215
12.557,0.66748
10.88,0.73859
12.667,0.65687
12.58,0.6636
13.82,0.61658
13.862,0.62128
15.039,0.57618
12.91,0.64914
12.861,0.65397
13.561,0.63221
12.602,0.67004
12.108,0.67925
12.977,0.65085
11.414,0.71342
13.203,0.63257
13.505,0.61934
13.109,0.64159
4.4978,0.99336
11.194,0.72095
10.853,0.73538
11.6,0.69093
11.362,0.70442
13.001,0.63329
12.061,0.67077
11.751,0.68596
9.9452,0.77773
12.599,0.66183
13.658,0.6415
12.382,0.67054
12.327,0.69504
10.629,0.74676
12.466,0.66837
10.213,0.76525
10.512,0.73822
9.1253,0.80511
11.45,0.71231
10.933,0.71828
9.8928,0.76867
14.076,0.62961
13.321,0.65977
12.43,0.68815
12.885,0.66972
12.671,0.67961
13.473,0.65375
10.241,0.74687
13.945,0.62855
11.829,0.71169
12.829,0.67573
13.018,0.66291
12.133,0.70385
11.459,0.71461
11.555,0.70759
11.282,0.72301
12.561,0.67665
12.116,0.69027
13.382,0.6342
14.73,0.5937
11.839,0.70769
13.229,0.65493
13.576,0.63772
11.515,0.7067
12.131,0.6858
10.568,0.73962
12.377,0.66541
11.224,0.71318
11.746,0.68751
10.198,0.75128
10.442,0.74061
11.266,0.70982
12.655,0.66852
9.9188,0.77124
14.487,0.61515
11.954,0.68045
11.19,0.71448
10.585,0.74333
9.5513,0.78355
10.196,0.75359
10.281,0.7442
8.6616,0.82685
10.894,0.72824
10.32,0.75764
11.418,0.71004
8.7251,0.8196
10.347,0.75012
10.842,0.73117
8.8779,0.81386
11.961,0.69664
12.181,0.69153
9.8168,0.7737
12.789,0.67288
11.601,0.72019
11.703,0.72098
11.029,0.74187
13.617,0.64451
12.312,0.67948
12.247,0.68568
14.087,0.6235
10.753,0.73573
13.488,0.66091
9.7488,0.78494
13.033,0.67556
12.928,0.67456
14.19,0.63054
12.311,0.7023
11.558,0.71823
13.38,0.65417
9.474,0.78916
12.055,0.70602
13.76,0.64708
8.7713,0.82677
8.8251,0.84318
10.157,0.76314
10.427,0.7536
11.585,0.70192
10.079,0.75217
11.115,0.71014
10.889,0.72061
9.8213,0.76621
10.682,0.72812
9.1342,0.80537
8.6154,0.83187
10.52,0.73395
12.054,0.69806
13.69,0.63124
11.502,0.70085
12.595,0.67709
12.434,0.66693
13.289,0.64723
12.548,0.67514
12.026,0.69014
12.996,0.64968
13.769,0.63143
12.257,0.68725
13.679,0.63386
11.351,0.73261
12.222,0.69084
13.571,0.64931
13.977,0.63178
12.693,0.66674
13.608,0.63605
11.677,0.70628
12.281,0.68575
14.828,0.59807
10.564,0.76471
12.38,0.68513
11.907,0.70427
12.605,0.68072
13.846,0.63874
15.33,0.58399
11.42,0.71791
12.936,0.66167
13.831,0.63045
13.173,0.64378
13.329,0.6516
12.425,0.67744
13.762,0.63108
13.647,0.6292
14.362,0.6052
9.1436,0.80312
11.591,0.7168
10.739,0.74101
10.398,0.76183
11.508,0.72549
12.232,0.6873
14.183,0.61233
12.923,0.66831
14.013,0.6266
13.722,0.62785
14.056,0.61933
13.551,0.6408
10.77,0.74012
10.952,0.72829
11.075,0.72406
11.472,0.70826
12.091,0.67917
16.512,0.54599
11.114,0.71919
11.799,0.6934
10.683,0.74052
10.635,0.73854
11.519,0.71261
11.422,0.70566
15.651,0.62017
12.465,0.65569
11.236,0.70037
15.032,0.59863
15.07,0.58908
11.081,0.71572
16.23,0.55475
9.4687,0.7857
10.013,0.76206
15.291,0.59008
13.874,0.63769
17.668,0.51922
14.255,0.5994
13.916,0.61726
11.448,0.70412
11.386,0.71453
11.045,0.73153
10.081,0.75953
10.832,0.72467
9.565,0.78245
12.894,0.65191
11.54,0.70347
11.577,0.69597
10.788,0.7262
12.158,0.69865
9.8562,0.76611
11.411,0.70873
10.595,0.73079
12.144,0.69445
12.139,0.68941
12.536,0.67735
11.879,0.69553
12.859,0.66159
13.597,0.63893
11.869,0.70259
12.146,0.69498
11.948,0.69473
14.393,0.61683
15.311,0.58631
13.534,0.65768
14.298,0.63097
11.59,0.70463
14.418,0.61749
13.227,0.65291
15.032,0.60475
14.084,0.62564
9.5021,0.79065
14.066,0.63277
10.004,0.76213
10.769,0.71858
11.52,0.70668
8.6668,0.82539
10.532,0.73509
10.206,0.76956
9.9934,0.77279
10.837,0.74007
11.295,0.71874
11.706,0.70479
12.068,0.68202
9.0284,0.80533
11.021,0.70927
9.7705,0.77564
11.198,0.71055
9.8653,0.76589
9.9965,0.76212
11.568,0.69277
11.287,0.70302
10.489,0.73644
11.192,0.70785
10.359,0.74826
10.682,0.73388
10.052,0.76153
14.571,0.61049
13.914,0.62683
14.722,0.60021
12.7,0.68336
10.296,0.76226
13.391,0.65441
13.159,0.6616
13.474,0.65392
13.41,0.6552
9.4038,0.79912
12.859,0.64744
14.203,0.63198
11.917,0.69282
13.168,0.66461
12.025,0.68073
11.281,0.71218
10.594,0.74449
10.855,0.7289
10.276,0.76282
9.7281,0.78487
10.801,0.73315
8.8356,0.82241
12.853,0.67296
10.51,0.73693
13.79,0.62567
10.821,0.72749
9.1187,0.80202
11.191,0.70659
11.098,0.71291
12.482,0.6738
11.708,0.71191
9.7623,0.77678
10.926,0.7424
12.473,0.68085
11.192,0.72885
11.925,0.69866
14.234,0.61294
14.26,0.62112
12.192,0.66216
11.078,0.70908
12.865,0.6661
14.191,0.62146
10.331,0.73929
13.19,0.65437
11.11,0.74595
11.192,0.74024
13.216,0.66108
11.682,0.71558
11.665,0.70783
10.749,0.74559
12.86,0.67626
14.159,0.65357
13.537,0.64388
12.957,0.656
11.967,0.70224
11.898,0.70415
13.172,0.663
12.41,0.68745
9.1099,0.8093
11.132,0.73115
11.031,0.74093
10.636,0.7337
10.705,0.72978
10.406,0.74238
9.7615,0.77306
11.676,0.68581
10.054,0.75365
13.09,0.67063
11.122,0.70195
13.561,0.64855
13.29,0.65509
13.219,0.65877
11.088,0.71528
11.036,0.71471
10.927,0.72866
11.61,0.69955
11.331,0.71582
11.393,0.70847
9.5015,0.78772
10.558,0.73678
10.656,0.73028
10.348,0.74435
10.65,0.73589
13.968,0.63729
10.749,0.74017
10.598,0.74141
10.323,0.74979
11.083,0.7239
13.695,0.65232
13.57,0.66023
10.761,0.7359
11.226,0.71571
10.079,0.75701
9.7215,0.77394
9.4857,0.79335
10.348,0.74809
11.984,0.68458
9.9031,0.77401
11.59,0.70289
10.678,0.73996
11.063,0.7207
12.649,0.66597
13.384,0.65458
11.94,0.68483
10.531,0.74132
11.452,0.69817
11.146,0.71373
11.486,0.69963
12.792,0.64955
11.228,0.71384
10.767,0.72978
11.248,0.71471
10.975,0.72222
11.515,0.69669
11.434,0.69973
11.655,0.69165
12.396,0.67061
11.975,0.69197
13.608,0.6362
13.62,0.63373
12.868,0.66586
13.759,0.64482
11.085,0.71373
11.141,0.71558
11.098,0.71777
13.417,0.64973
13.466,0.65233
12.22,0.67362
11.771,0.69383
11.44,0.70538
11.517,0.69885
13.293,0.65486
12.314,0.66429
12.537,0.65909
12.23,0.67166
12.567,0.65879
12.934,0.64584
12.566,0.65894
12.167,0.6735
12.619,0.66007
11.692,0.68192
12.924,0.64948
13.43,0.63292
13.183,0.64239
15.012,0.58534
11.714,0.67277
13.252,0.63636
11.727,0.6698
12.007,0.67003
11.793,0.67413
13.711,0.62192
12.097,0.66043
14.142,0.61217
14.245,0.60786
14.351,0.60096
15.095,0.58406
16.047,0.57181
14.829,0.596
13.158,0.62756
17.219,0.54553
18.715,0.5187
17.35,0.53834
18.11,0.52436
12.688,0.63863
16.397,0.54977
17.982,0.52154
14.771,0.58709
20.635,0.48169
16.366,0.54527
12.66,0.62714
17.463,0.52163
12.91,0.61868
12.833,0.61922
17.531,0.51992
17.482,0.51663
12.006,0.6381
18.305,0.50109
10.651,0.67101
18.642,0.49132
18.943,0.4848
15.837,0.54501
11.865,0.63563
13.386,0.59753
13.046,0.60618
15.929,0.54235
16.96,0.51757
16.711,0.52563
15.727,0.54265
15.576,0.54573
10.63,0.65831
10.685,0.65593
10.657,0.65383
10.734,0.65208
11.925,0.62568
10.872,0.64315
11.667,0.63136
13.117,0.59813
13.215,0.59472
12.863,0.59995
16.558,0.51089
10.081,0.65919
10.056,0.66035
17.313,0.50227
11.582,0.6242
10.098,0.65549
10.252,0.64957
12.07,0.60144
15.363,0.52942
11.433,0.61628
11.439,0.61665
13.288,0.58031
12.177,0.59638
13.115,0.57822
14.027,0.56309
18.494,0.47787
13.328,0.57153
15.225,0.52343
14.049,0.54742
14.775,0.53101
15.077,0.5245
11.315,0.61046
13.973,0.54939
19.389,0.45414
9.8945,0.6476
13.348,0.56003
14.007,0.54482
15.059,0.52584
14.587,0.5356
18.484,0.4552
12.845,0.56615
11.689,0.59203
12.72,0.57333
11.389,0.59783
15.449,0.51902
15.231,0.52075
12.841,0.57003
11.036,0.60381
12.966,0.56292
12.465,0.57499
12.227,0.58109
11.845,0.58591
12.357,0.57588
17.585,0.46718
18.354,0.45891
17.278,0.47729
17.413,0.46739
11.897,0.57764
11.565,0.58368
12.133,0.57146
11.592,0.58162
12.225,0.57149
10.324,0.60667
12.216,0.56724
13.974,0.52751
15.259,0.49248
17.135,0.46411
13.189,0.54119
15.034,0.49309
11.292,0.57784
12.667,0.55043
17.329,0.45797
12.6,0.55039
12.887,0.54347
16.332,0.47371
16.28,0.47475
16.527,0.46948
12.613,0.53946
12.864,0.54349
16.1,0.47946
12.691,0.54792
12.567,0.55089
11.421,0.57296
11.713,0.56633
11.285,0.56728
13.242,0.52968
14.298,0.51276
12.78,0.5327
11.086,0.56289
12.788,0.52938
15.38,0.47663
13.269,0.51974
13.61,0.511
13.34,0.51713
11.205,0.56876
12.025,0.5505
12.026,0.55039
9.5074,0.60734
8.5366,0.63123
11.369,0.56427
10.85,0.57353
11.517,0.55076
11.965,0.54167
13.224,0.51798
13.089,0.52049
12.649,0.52973
11.835,0.54193
11.984,0.53917
10.25,0.58242
11.205,0.55766
13.019,0.52052
10.804,0.56564
10.962,0.55811
9.2368,0.59509
11.414,0.54642
10.606,0.56652
8.5525,0.61773
8.3013,0.62492
10.393,0.57088
9.9138,0.58319
10.144,0.57655
10.763,0.55953
9.6427,0.58929
10.283,0.56961
10.73,0.55689
10.727,0.55679
10.524,0.5603
8.4007,0.6113
10.06,0.56977
9.6582,0.58247
9.5282,0.58496
9.5893,0.58287
9.3766,0.58659
10.061,0.56705
10.183,0.5632
9.4875,0.58442
10.013,0.56737
9.6527,0.57628
9.5468,0.57861
9.7697,0.5727
9.7524,0.57366
9.8199,0.57106
9.6098,0.57633
9.7716,0.57181
9.4168,0.57623
9.5146,0.57191
9.5177,0.5752
9.4712,0.57402
9.5303,0.57194
9.4104,0.57588
9.5576,0.57001
9.3056,0.57769
9.2783,0.57753
9.19,0.57917
9.1195,0.57969
8.9674,0.58443
7.6313,0.61867
8.0374,0.60394
7.6543,0.61597
7.952,0.60606
7.6867,0.6155
7.3708,0.62631
7.4275,0.62229
7.3967,0.62381
8.1661,0.60236
7.5297,0.61681
7.8322,0.60659
7.2195,0.62752
7.4903,0.61541
7.1795,0.62786
6.8064,0.63652
6.8149,0.63899
7.1858,0.62499
8.4231,0.59083
6.799,0.63673
8.7357,0.58162
7.2123,0.61801
8.3446,0.58762
8.4973,0.58107
6.5682,0.64298
7.0689,0.62591
7.265,0.61979
7.3151,0.61613
6.9134,0.62837
8.9106,0.57315
9.2759,0.56065
9.3169,0.56125
9.1406,0.56606
6.4384,0.64663
7.032,0.62402
7.1498,0.61822
8.5689,0.581
6.6625,0.6358
6.8026,0.62927
8.7754,0.57312
7.5444,0.59972
7.1286,0.61537
6.6207,0.63524
6.995,0.62021
6.9521,0.6198
6.7606,0.62686
6.7157,0.62615
6.737,0.62732
6.8732,0.61999
6.694,0.62838
9.4043,0.54892
10.332,0.52173
6.4274,0.63734
6.3489,0.64194
7.0236,0.61294
7.572,0.60097
6.346,0.63844
6.4897,0.63158
6.825,0.61754
8.2088,0.57629
7.8705,0.58668
6.5619,0.62716
7.8151,0.58803
7.6537,0.59486
7.0034,0.61564
6.4615,0.62919
6.4377,0.62933
6.2027,0.63915
5.384,0.67085
7.369,0.60201
7.4582,0.59795
7.4891,0.59405
7.112,0.6083
6.1062,0.64043
7.2049,0.60519
7.1007,0.60855
5.9658,0.64758
6.1649,0.63762
7.0676,0.61023
7.1166,0.60682
6.9701,0.61072
5.7131,0.65504
7.1199,0.60519
6.929,0.61235
5.9163,0.64663
7.0908,0.60589
5.855,0.64843
6.0406,0.63737
6.4655,0.62242
6.289,0.63047
5.6567,0.64697
5.1482,0.67398
5.6671,0.64743
7.3667,0.59588
7.9602,0.57551
7.9157,0.57588
6.0425,0.63855
6.3411,0.62399
5.9078,0.64111
8.11,0.57019
7.1886,0.60118
7.2555,0.59861
7.147,0.60279
6.1835,0.63222
5.1439,0.67077
5.7194,0.64942
5.4978,0.65582
5.682,0.64923
5.9206,0.63846
5.6633,0.64919
5.564,0.65701
5.8069,0.64553
7.457,0.59128
7.5567,0.58637
8.3974,0.55908
7.7227,0.58015
8.3378,0.55994
7.5397,0.58718
6.3419,0.62304
6.1107,0.6304
7.6626,0.58191
6.071,0.63526
5.6689,0.65295
7.9615,0.57532
6.1073,0.63402
7.9481,0.5738
6.5019,0.61988
7.8659,0.57692
6.0285,0.63843
6.0025,0.63524
6.2361,0.62719
6.1565,0.63087
5.874,0.64389
6.1904,0.63067
7.8839,0.57715
6.0684,0.63657
6.0746,0.63737
6.225,0.62985
6.2795,0.6276
6.452,0.62032
6.4795,0.61659
6.4067,0.62025
6.774,0.60602
6.1588,0.63071
6.2128,0.6291
5.8954,0.63748
6.8206,0.60449
5.5658,0.6539
6.1016,0.63402
5.9873,0.63882
5.5395,0.65522
8.0708,0.57108
7.7368,0.58201
7.9382,0.57576
7.9637,0.57614
7.9887,0.57386
5.9813,0.6384
7.3343,0.59608
7.359,0.59575
7.6481,0.58487
7.3037,0.59523
6.9869,0.60583
5.4795,0.66139
5.3598,0.66696
7.1983,0.59992
7.4242,0.59162
6.9363,0.61017
6.9306,0.6122
7.233,0.6017
7.0057,0.60705
5.2761,0.67093
5.5035,0.65855
5.4258,0.66092
5.367,0.66319
5.4547,0.6586
5.4752,0.65752
5.4089,0.66132
5.4928,0.65748
5.4775,0.65764
5.359,0.66391
5.283,0.66876
5.3673,0.66429
5.4154,0.66163
5.5072,0.65582
5.1927,0.672
5.0809,0.67456
5.0476,0.67671
4.9966,0.6824
5.0611,0.68006
5.0894,0.67746
5.2065,0.67152
5.4068,0.66218
5.4022,0.65766
5.3377,0.66439
5.2255,0.67025
5.0621,0.67735
5.5066,0.65468
5.0167,0.67623
5.1608,0.66873
5.0873,0.67298
5.4393,0.65704
5.472,0.65636
5.4657,0.6558
5.5229,0.65277
6.9113,0.60504
5.446,0.65765
5.8444,0.64124
5.6497,0.64752
5.3236,0.66243
5.2523,0.66522
5.1481,0.66855
5.237,0.66316
5.3166,0.65956
5.3402,0.65987
5.171,0.6701
4.984,0.67739
5.2719,0.66374
5.4285,0.6555
5.2879,0.66255
5.323,0.66338
5.5546,0.64922
5.5202,0.64978
5.6202,0.6481
5.3284,0.65978
7.0558,0.59732
5.3536,0.65928
5.3098,0.66109
5.3701,0.65745
5.2147,0.66499
5.1883,0.66593
5.4593,0.65319
5.4685,0.65419
5.1536,0.66768
6.6234,0.61304
5.1237,0.67065
5.1807,0.66734
6.3948,0.61878
6.296,0.62336
6.442,0.61724
6.6587,0.60902
6.6271,0.61121
6.273,0.62522
6.3712,0.62062
6.3285,0.62311
4.4069,0.69766
5.3991,0.65517
5.4862,0.65321
5.3671,0.65887
5.2457,0.66482
5.5194,0.6516
5.3734,0.65898
5.4262,0.65649
5.3685,0.65943
5.4254,0.65687
5.198,0.66823
6.8604,0.60372
5.0228,0.67485
4.9857,0.67579
5.2003,0.66345
4.9639,0.67885
5.2562,0.66303
5.4542,0.65131
5.3949,0.65484
6.4976,0.61543
5.642,0.64636
6.5979,0.61045
6.1803,0.62732
6.129,0.63056
5.0573,0.67427
4.8148,0.68511
4.4936,0.70035
4.7383,0.68531
4.6581,0.69121
4.7762,0.68423
5.0886,0.67373
4.8773,0.68508
6.2062,0.62947
4.9351,0.68144
6.2454,0.62892
5.9071,0.64195
5.4216,0.65442
6.2094,0.62776
6.0965,0.63198
6.0118,0.63618
5.9892,0.63619
5.9613,0.63724
6.1732,0.62837
5.9851,0.63722
6.2048,0.62701
6.1061,0.63465
6.8648,0.60891
5.8601,0.64416
5.6301,0.65008
5.6455,0.64514
5.5018,0.65092
7.2683,0.58914
7.4056,0.58312
5.8017,0.63793
7.2366,0.59079
5.1956,0.66629
7.1087,0.59582
7.1396,0.59479
5.4405,0.65663
5.5864,0.64865
6.8824,0.60559
5.3394,0.66205
6.8224,0.60789
6.8743,0.60548
5.3983,0.65493
7.0713,0.59898
4.9821,0.67633
5.2756,0.66106
7.7088,0.57729
5.0067,0.67698
5.1088,0.671
5.1482,0.66798
7.5286,0.58368
6.2887,0.61814
6.1743,0.62572
8.9152,0.53692
7.2758,0.58529
6.3552,0.61331
5.4274,0.65675
7.6898,0.57121
6.7637,0.60631
6.2241,0.62756
5.5416,0.65097
6.651,0.60947
6.588,0.60966
5.5878,0.6454
5.0193,0.67402
5.2833,0.6605
5.0392,0.67343
6.2088,0.61909
5.3452,0.65812
6.6593,0.60626
6.6482,0.60593
6.5281,0.61064
5.08,0.67213
5.114,0.66965
6.5447,0.61265
6.2107,0.62512
5.9964,0.63414
6.255,0.62206
6.24,0.62427
5.3764,0.65413
6.5617,0.61161
6.4315,0.61691
7.5705,0.58065
6.3578,0.61968
6.4691,0.61473
6.4593,0.61639
5.4965,0.65193
5.7603,0.64495
5.0696,0.67048
5.8618,0.64005
5.702,0.64732
6.9839,0.60042
5.1287,0.66798
4.8692,0.68356
5.0243,0.67369
7.0148,0.59919
5.2748,0.66073
5.1817,0.66649
6.1312,0.6289
6.165,0.62756
5.0101,0.67405
6.5364,0.61089
5.7336,0.63964
5.6723,0.64063
6.8879,0.5966
7.194,0.59183
5.085,0.67103
7.0433,0.59806
5.9824,0.63479
7.2045,0.59172
5.0731,0.67214
5.1111,0.6691
5.0333,0.67229
5.0894,0.67063
5.3804,0.65863
5.3603,0.65908
5.1758,0.66742
5.0051,0.67527
5.1408,0.66911
5.0304,0.67357
5.9751,0.6348
5.2844,0.6576
6.4009,0.61624
6.1149,0.62905
6.1287,0.62713
6.1203,0.62845
6.0712,0.62996
6.8869,0.59749
6.158,0.62707
5.2004,0.66373
5.1922,0.66089
4.9973,0.67638
4.8619,0.68104
5.0266,0.67176
6.4877,0.61218
6.4495,0.61401
6.0509,0.63031
6.4655,0.6138
6.4839,0.61295
6.6011,0.60781
4.5717,0.69136
6.3689,0.61645
5.1643,0.66267
6.4952,0.61133
6.3235,0.61851
5.0823,0.66716
4.7379,0.68965
6.8862,0.60374
6.0273,0.63197
5.1603,0.66675
6.1727,0.62723
5.1141,0.67067
5.9102,0.64077
6.024,0.63412
5.9476,0.63819
6.0499,0.63464
5.9983,0.63617
6.2864,0.62345
6.6601,0.60874
5.2925,0.65964
6.7533,0.60225
5.5059,0.6457
6.5399,0.60967
4.9925,0.66967
4.7866,0.6802
4.6554,0.69038
6.0923,0.6288
4.9495,0.67706
5.7904,0.64319
6.0642,0.63165
6.3451,0.61752
6.2026,0.6213
5.513,0.64678
4.6573,0.6872
4.9587,0.67328
6.451,0.6152
5.2173,0.66044
6.7884,0.60313
7.006,0.59275
6.6714,0.60692
6.4402,0.61574
5.281,0.65857
5.2673,0.6608
5.4756,0.65122
5.0627,0.67029
4.9768,0.6767
6.51,0.61421
5.183,0.66237
5.1777,0.66444
5.4804,0.64963
4.9511,0.67324
5.0578,0.66928
5.2155,0.66265
5.1732,0.66249
6.4974,0.61418
6.3849,0.61621
4.7409,0.68321
5.3128,0.65637
5.235,0.66357
5.5416,0.64786
4.9836,0.67509
4.9336,0.67694
5.2372,0.66139
6.4454,0.61137
6.4156,0.61432
6.3736,0.61481
6.8949,0.59468
6.8078,0.59956
6.5515,0.61121
6.377,0.61739
6.942,0.59641
6.04,0.63376
7.014,0.59449
6.7657,0.60238
6.4945,0.6137
5.9716,0.63395
6.6344,0.60754
6.6228,0.60722
5.3911,0.65439
6.6943,0.6079
6.1828,0.62519
5.1411,0.66739
5.6088,0.64386
6.1543,0.61943
5.2334,0.65927
5.3135,0.65568
5.2679,0.6605
5.134,0.66532
6.5849,0.6098
6.5635,0.6116
6.5755,0.6113
6.7474,0.60467
4.9518,0.67146
5.1029,0.66365
6.4446,0.61276
4.8061,0.67791
5.0516,0.66567
4.9027,0.67161
5.4678,0.65141
5.3698,0.65173
5.0138,0.66824
5.0494,0.66365
6.4396,0.61742
6.3222,0.6219
6.3203,0.62292
4.7148,0.68579
5.0265,0.67324
5.1528,0.66712
5.5005,0.65222
5.0507,0.6721
5.1154,0.66914
6.0042,0.62891
5.9359,0.63646
6.9588,0.59596
6.9389,0.59451
5.1184,0.66215
4.8805,0.67269
4.9934,0.66649
4.9909,0.67185
4.8389,0.6752
6.7141,0.60751
4.8389,0.67896
6.6519,0.60807
7.0287,0.59465
5.4327,0.65189
6.6077,0.60849
6.6827,0.60375
6.2649,0.62001
5.7637,0.63592
5.7551,0.637
5.4944,0.64721
5.4094,0.65158
5.384,0.65239
5.5739,0.64194
4.9393,0.67629
5.1909,0.66172
5.3099,0.65604
5.928,0.63618
5.4643,0.64898
5.0631,0.66675
4.8396,0.67823
6.1016,0.62888
5.0064,0.67158
6.0981,0.62874
6.598,0.60763
6.9293,0.59478
6.2212,0.62004
6.0832,0.62715
6.5353,0.61082
6.616,0.60711
5.538,0.64739
5.0463,0.66552
5.6485,0.64059
5.2622,0.66115
6.0736,0.62857
5.3581,0.65506
5.5205,0.64843
5.3916,0.65407
5.9765,0.63
5.3718,0.65452
5.6308,0.64159
6.0612,0.62642
6.5038,0.61479
7.0419,0.59372
5.4083,0.64952
4.9633,0.67086
6.6853,0.6035
5.1928,0.66137
5.0956,0.66268
5.4323,0.6487
5.2911,0.65679
5.165,0.66168
6.6305,0.60725
5.1839,0.6638
6.2687,0.62032
6.6379,0.60372
6.6402,0.60396
6.6359,0.60409
5.5503,0.64167
5.4026,0.64988
6.1887,0.62395
4.8513,0.67967
6.4335,0.61405
6.4667,0.61433
5.6427,0.64116
6.4514,0.61555
6.2187,0.62306
5.1231,0.66255
6.0054,0.61987
5.8096,0.62759
5.8211,0.62805
5.0964,0.66358
5.5159,0.64485
5.6195,0.6381
5.8224,0.6322
7.1345,0.58695
5.5572,0.64225
7.191,0.58407
6.5391,0.6118
6.5142,0.61251
5.3696,0.65478
5.5195,0.64742
6.8742,0.59683
5.4658,0.65185
4.6119,0.68759
5.1401,0.66645
5.2365,0.65985
4.9227,0.67253
5.5741,0.64266
5.241,0.65788
5.9055,0.63509
5.9021,0.63684
6.1921,0.62409
5.5352,0.65292
5.7755,0.64218
5.7554,0.64282
4.8517,0.67862
4.8312,0.68045
5.6097,0.641
4.447,0.69928
5.6691,0.63636
6.8215,0.59874
6.7652,0.59962
6.8258,0.59804
4.711,0.67966
6.4861,0.61368
6.5745,0.6093
6.2887,0.62105
6.404,0.61487
6.3465,0.61855
6.6366,0.6057
6.3377,0.6207
6.3381,0.6201
6.486,0.61379
5.2123,0.66082
5.0138,0.67102
5.0111,0.66808
4.9322,0.67231
4.9885,0.67041
5.3132,0.6526
6.1838,0.62051
5.4482,0.65154
5.0073,0.67008
5.4784,0.64726
5.757,0.64362
4.654,0.69062
4.7262,0.68251
5.9442,0.63211
6.1457,0.62359
4.75,0.67798
4.806,0.67536
6.8768,0.59564
5.9864,0.62995
5.0726,0.66587
5.3953,0.65066
4.5596,0.69083
6.559,0.60798
5.2656,0.65415
4.5308,0.68942
4.7359,0.68131
4.8746,0.67329
5.3307,0.65389
4.8064,0.675
5.3119,0.65592
6.4167,0.61458
6.2012,0.62195
6.2841,0.61839
6.2724,0.61912
6.212,0.62141
6.3107,0.61804
6.5376,0.60857
6.3025,0.61944
5.548,0.64643
4.8467,0.67604
4.6364,0.68822
4.857,0.68047
4.9281,0.67491
5.1496,0.66295
5.0849,0.66349
4.9832,0.67176
6.3255,0.61758
6.1253,0.62809
6.2686,0.61623
5.2059,0.65858
4.6003,0.68488
5.283,0.65626
6.1497,0.6222
4.7255,0.6835
6.1943,0.6211
4.7162,0.68303
4.5573,0.6936
4.4999,0.69379
4.5018,0.69518
4.5073,0.69229
5.2461,0.65764
5.4117,0.64778
4.9594,0.66756
6.1853,0.62204
4.9267,0.66913
6.1487,0.62445
5.1344,0.66538
5.9581,0.63335
5.8503,0.63856
5.8395,0.64017
6.023,0.63057
5.8927,0.63762
4.7961,0.6768
5.3833,0.65294
5.4938,0.64709
5.1878,0.66147
5.1514,0.66294
4.905,0.67485
6.316,0.61594
4.9921,0.67047
5.0614,0.66562
4.7211,0.68115
6.0683,0.62734
5.5711,0.64883
6.2918,0.61736
6.6257,0.60537
5.8553,0.63611
6.1542,0.62322
6.7451,0.59859
6.1208,0.6238
6.9066,0.59447
6.6789,0.60423
5.4084,0.65174
6.0278,0.628
6.3967,0.6135
6.7204,0.60022
6.3093,0.61513
6.2034,0.62037
6.2973,0.61453
6.5054,0.6088
4.7827,0.68043
4.8782,0.6743
4.853,0.6754
6.2867,0.61668
5.6086,0.63855
6.1906,0.62112
6.3254,0.61598
6.2908,0.61694
5.6722,0.64098
4.8087,0.68236
4.5035,0.6952
4.4027,0.69689
4.2862,0.70447
4.9545,0.67448
4.8167,0.68229
5.9592,0.63043
5.103,0.66367
5.0161,0.66821
5.0985,0.66392
5.0019,0.66913
6.4392,0.61366
6.4516,0.61365
6.5212,0.61053
6.6989,0.60215
4.4324,0.69353
6.4106,0.61526
6.303,0.61912
6.4578,0.61153
6.9987,0.59062
7.2657,0.5795
4.8313,0.67261
6.1978,0.62145
6.7393,0.60153
6.6536,0.60566
5.5289,0.64481
5.6303,0.63675
6.6229,0.60477
5.3202,0.65406
5.502,0.64695
5.3266,0.6534
5.6974,0.63546
5.564,0.64149
5.4557,0.64692
5.4019,0.65081
7.5542,0.5724
5.089,0.66458
5.3884,0.64911
5.994,0.62307
5.4894,0.64572
5.0918,0.66223
5.8152,0.63077
5.3286,0.65139
4.9143,0.67594
7.5436,0.57709
6.7923,0.59794
6.9239,0.59329
5.8906,0.62688
5.3767,0.65085
5.4365,0.64545
5.4818,0.64497
5.2955,0.65521
7.1046,0.58457
6.7932,0.5972
5.9325,0.63212
5.4099,0.64781
5.0351,0.67472
5.4043,0.64859
5.4943,0.64494
5.1175,0.66202
6.9232,0.59212
6.8343,0.59456
6.8942,0.59407
5.8821,0.63407
4.8898,0.67241
5.2969,0.65428
6.7616,0.59878
5.2089,0.65596
6.5858,0.60629
5.0115,0.66704
5.4742,0.64713
6.3711,0.61533
6.4955,0.60817
6.4153,0.6125
5.9929,0.62644
4.5867,0.69066
4.886,0.67243
6.3887,0.61384
5.048,0.66122
4.7242,0.68044
4.7755,0.67707
6.2493,0.62056
4.8792,0.67027
7.0037,0.59085
5.1392,0.6626
6.6556,0.60463
6.9326,0.59223
7.7039,0.56659
6.9749,0.59068
4.8085,0.6785
5.3989,0.64629
6.8852,0.59394
5.0855,0.66385
6.7566,0.60112
5.2844,0.6543
4.8462,0.67739
5.0283,0.66773
6.2622,0.6163
4.431,0.69852
4.3486,0.70492
5.3263,0.65097
4.3509,0.704
5.0626,0.665
5.0836,0.66678
4.3669,0.70442
4.4084,0.70151
5.7174,0.643
7.2353,0.58215
7.0807,0.58674
5.814,0.63083
5.9256,0.62592
4.8602,0.66925
5.739,0.63083
4.8758,0.66855
4.805,0.6719
4.7277,0.67667
5.7356,0.63319
4.834,0.67082
4.9166,0.66742
6.2984,0.61492
4.9529,0.6658
4.9465,0.6681
4.3365,0.70196
4.5138,0.69169
4.4181,0.69861
4.823,0.67477
6.5046,0.60969
4.8229,0.6772
6.2643,0.62052
4.9546,0.67095
6.9072,0.59572
5.3892,0.64912
5.5624,0.64105
6.7752,0.59964
4.7092,0.6767
4.5489,0.68491
6.1471,0.6248
7.2444,0.58395
6.4217,0.61009
6.1387,0.6227
5.2272,0.65183
5.0409,0.66178
7.2773,0.58087
4.7829,0.67803
4.3811,0.69807
4.3132,0.70021
4.3937,0.69606
6.6742,0.60122
4.7957,0.67322
4.3636,0.69515
4.2337,0.70233
4.0333,0.71328
6.5213,0.61011
6.1985,0.61996
5.0058,0.6654
6.3011,0.61673
6.4796,0.60959
6.6291,0.60389
7.0859,0.58841
5.129,0.66291
5.4993,0.65126
5.6542,0.64308
5.7036,0.64017
6.6433,0.60129
6.7514,0.59644
6.8999,0.59135
6.7677,0.59732
4.5877,0.6836
4.7158,0.67735
4.7084,0.67799
4.8579,0.66776
4.6921,0.67909
4.6642,0.68123
4.7842,0.67193
4.8084,0.67408
4.6118,0.68375
5.3645,0.6443
4.5067,0.69064
4.6811,0.67941
5.2473,0.65326
5.3703,0.64793
5.4386,0.64393
5.3669,0.64626
5.4255,0.64619
5.4246,0.6443
5.2661,0.65178
5.5128,0.63764
5.7078,0.6297
5.3798,0.64005
5.6987,0.62898
5.6765,0.63013
4.6873,0.67553
4.6441,0.67888
5.8474,0.62845
5.9136,0.62801
6.2325,0.61248
6.0908,0.62011
6.1985,0.61349
6.1154,0.61677
4.6283,0.67454
5.968,0.62406
4.599,0.67803
4.5092,0.68081
5.7963,0.62817
5.2282,0.64908
5.553,0.63839
4.7033,0.67534
4.8824,0.6634
4.981,0.65966
4.7483,0.67116
4.3396,0.69746
4.2371,0.70236
4.2,0.70109
4.837,0.66574
4.9032,0.65923
5.8347,0.62101
5.7468,0.62475
4.8328,0.66461
4.788,0.66757
5.024,0.65385
6.2618,0.60588
4.8477,0.66187
4.3481,0.68943
4.3685,0.68867
4.4132,0.68559
5.0232,0.65366
4.4856,0.68154
5.0133,0.67679
4.3252,0.6907
4.4415,0.68702
4.7582,0.66876
5.3549,0.63651
4.701,0.66626
4.3593,0.68814
4.1355,0.69789
5.4357,0.63542
4.2122,0.6945
4.1591,0.69689
4.3841,0.68486
5.5982,0.62732
5.042,0.65363
4.9346,0.65976
4.2888,0.68918
3.7463,0.71927
4.1857,0.69279
3.7071,0.71918
3.8255,0.71372
3.8046,0.71751
5.2362,0.64456
3.8326,0.71413
5.6217,0.62463
6.3975,0.59759
5.3362,0.63261
6.4312,0.59212
3.5508,0.72201
4.1437,0.68789
4.3358,0.68113
6.2938,0.59747
6.1996,0.60037
5.5147,0.62533
5.7494,0.61874
5.5308,0.62857
5.4371,0.63305
5.8855,0.60905
5.5727,0.62449
4.7575,0.65814
5.716,0.61627
3.7394,0.7102
3.7505,0.70963
4.0274,0.69423
4.0392,0.69265
3.9075,0.69916
3.9333,0.69943
3.9215,0.69786
3.8771,0.70113
6.1091,0.60129
5.2026,0.63631
5.159,0.63841
3.8688,0.70151
5.9721,0.60861
4.9238,0.6487
5.8528,0.61161
5.0493,0.64152
4.756,0.65319
4.8761,0.65016
5.0319,0.64142
4.8799,0.64755
4.729,0.65604
4.8655,0.64855
4.4277,0.67005
4.8218,0.65015
3.9886,0.69178
3.4774,0.72314
5.0836,0.63554
4.1239,0.67965
5.2921,0.62946
4.5102,0.66483
5.2693,0.63068
4.7384,0.65194
5.4349,0.61624
5.5472,0.61215
5.4909,0.61443
5.4654,0.61637
5.8624,0.59977
5.7245,0.604
5.5708,0.61065
5.2817,0.62398
5.2416,0.6273
5.5004,0.61561
4.9782,0.63849
5.3155,0.62159
4.4592,0.6629
5.2469,0.62191
5.7946,0.59992
4.7621,0.6462
4.7208,0.64802
4.839,0.64249
4.8351,0.64343
4.94,0.63493
4.911,0.63886
4.901,0.63738
4.9261,0.63586
4.8473,0.63901
4.8835,0.63606
4.7977,0.64109
4.4534,0.66047
3.3629,0.71787
3.4217,0.71623
3.3887,0.71339
4.774,0.64273
4.4452,0.66073
4.7899,0.64271
4.7149,0.64584
3.4362,0.71546
4.5921,0.65182
4.3528,0.66193
3.531,0.70706
3.654,0.69732
3.4866,0.70944
3.7058,0.69447
3.7061,0.69587
3.6343,0.70151
3.4518,0.71505
3.7095,0.69461
3.6493,0.69745
3.597,0.6998
3.1729,0.73104
4.0213,0.6728
3.6149,0.69731
3.1537,0.72686
3.4015,0.71022
4.3421,0.6612
3.6136,0.69352
3.1854,0.72295
2.8213,0.74743
3.4449,0.70525
3.3532,0.713
3.2336,0.7205
3.2695,0.71686
5.2425,0.60903
3.3245,0.71268
2.8688,0.74064
3.5672,0.69666
5.4127,0.60049
4.6953,0.62767
5.2798,0.60685
4.6327,0.63162
3.867,0.66936
3.0445,0.72942
3.9616,0.66546
3.0544,0.72794
4.7859,0.62888
3.4294,0.70016
4.5445,0.64093
3.6841,0.68131
4.2753,0.64575
2.9301,0.73608
5.227,0.60593
3.0463,0.7295
3.7914,0.68366
3.0935,0.72199
5.1297,0.60968
4.5505,0.63746
3.7445,0.68094
4.5563,0.63781
4.5012,0.64147
3.2628,0.70786
3.1444,0.71623
3.2075,0.71095
3.6197,0.68143
3.1038,0.71536
5.0711,0.61011
3.4962,0.69046
3.7872,0.6718
3.4916,0.68942
3.7275,0.67358
4.4416,0.63076
2.8222,0.73844
2.897,0.7364
2.9457,0.73143
3.3853,0.69684
2.695,0.74778
4.0754,0.65747
4.588,0.63243
3.5501,0.68777
3.005,0.72306
4.715,0.6161
2.3063,0.7773
3.0253,0.71788
3.0971,0.71086
3.1571,0.70865
4.6494,0.62791
3.2165,0.70328
3.0857,0.71318
4.5754,0.6196
2.8523,0.73061
4.4041,0.62599
4.7194,0.61191
5.0644,0.60395
4.491,0.63201
3.0779,0.71472
4.2357,0.64536
4.3513,0.63763
4.6976,0.61854
4.6929,0.61949
4.5393,0.62814
4.6703,0.61753
4.7678,0.61402
4.6742,0.61801
4.5096,0.62747
4.7416,0.61395
3.953,0.6468
3.9677,0.64492
3.9585,0.64429
4.8158,0.6005
3.8747,0.64926
4.9892,0.59473
3.081,0.703
3.409,0.67732
3.5351,0.66896
4.0843,0.6336
3.1368,0.70138
3.1818,0.69947
4.6121,0.60422
4.3683,0.62435
4.4484,0.62008
4.3048,0.62885
4.6475,0.60963
4.8123,0.60163
4.0188,0.64829
4.3739,0.63189
4.2309,0.63318
4.466,0.62504
4.3332,0.62635
4.6747,0.59245
3.0919,0.69654
3.5398,0.66479
3.8439,0.65277
4.095,0.64177
4.0787,0.64196
4.2571,0.62985
5.1526,0.57989
4.27,0.62716
4.1241,0.63592
4.2354,0.62866
4.1952,0.63256
2.8246,0.72158
3.7678,0.64539
3.8942,0.64102
3.7598,0.64566
3.8372,0.64038
3.793,0.64232
4.1285,0.63602
4.5291,0.60097
3.5728,0.65894
4.1892,0.62133
4.3538,0.6103
4.1571,0.62245
4.4752,0.60454
3.9901,0.62805
3.7359,0.64446
3.9325,0.63068
4.827,0.59415
4.5004,0.60586
3.7907,0.63869
4.7329,0.5989
3.6825,0.64712
4.6393,0.6071
4.4304,0.60267
4.1731,0.61504
2.6646,0.72556
4.456,0.6121
4.3487,0.61797
4.3893,0.61449
4.3105,0.61898
4.2697,0.62159
4.0958,0.63135
3.3721,0.66239
3.7181,0.63889
4.3382,0.61391
4.323,0.61479
3.7811,0.63481
3.7237,0.641
4.5391,0.60965
4.3375,0.60245
3.9875,0.62417
3.9816,0.6186
3.3194,0.66702
4.3877,0.59953
4.4034,0.59948
4.1129,0.61559
3.7888,0.63599
4.1091,0.6247
4.0665,0.6167
3.8884,0.62769
4.2725,0.60654
4.0492,0.62646
4.2624,0.60734
3.1846,0.66904
3.8607,0.63899
4.0508,0.62441
4.3044,0.60732
4.0993,0.62006
4.0893,0.61965
4.3097,0.61002
3.9971,0.62714
4.0052,0.62883
4.1593,0.60974
4.5789,0.59232
4.2758,0.61024
4.279,0.60933
3.6659,0.65184
4.0366,0.62584
4.2069,0.61388
4.3031,0.60956
4.2014,0.60241
4.618,0.57856
4.3399,0.60516
4.4326,0.59896
3.9839,0.61097
4.2478,0.59964
4.0787,0.6195
4.2135,0.59478
4.237,0.61255
4.4888,0.57723
2.9521,0.68846
2.9617,0.68996
3.1751,0.66994
2.8097,0.69732
2.8693,0.68896
4.4268,0.57902
2.6866,0.70479
3.85,0.63038
3.0591,0.67918
4.17,0.61846
4.2679,0.61241
4.2698,0.61041
3.7453,0.6294
2.965,0.6874
3.303,0.65905
3.6772,0.63248
3.1551,0.66873
3.8709,0.61569
3.5305,0.63673
3.5433,0.63339
4.2439,0.60492
4.2769,0.59655
2.5486,0.70801
2.5717,0.69934
2.7723,0.68402
2.3717,0.7254
3.9515,0.61398
4.3486,0.59203
3.9242,0.63277
3.8909,0.61812
3.1335,0.66943
4.3296,0.60825
3.2937,0.65563
3.3128,0.65337
3.0578,0.66956
2.9904,0.67931
3.1438,0.67011
2.2886,0.74749
4.3811,0.59791
3.7675,0.62531
3.8695,0.63128
4.0908,0.62421
2.3051,0.74065
3.8226,0.63184
3.5274,0.6403
3.6168,0.63498
3.1812,0.66425
3.4982,0.64152
2.7796,0.69885
3.5065,0.64052
2.7332,0.70056
2.6904,0.70276
2.8263,0.6922
2.936,0.68545
2.6996,0.68575
3.7567,0.62386
4.2077,0.57973
3.9457,0.61098
2.5638,0.71621
3.951,0.60424
2.7408,0.69449
4.1739,0.59837
2.857,0.67458
4.4765,0.57967
3.9479,0.62631
4.3938,0.59866
4.2609,0.59769
3.5013,0.63681
4.2063,0.60021
4.1097,0.60106
4.2161,0.59337
2.8059,0.69361
4.077,0.60062
4.1347,0.59999
3.452,0.64226
2.6223,0.7119
3.7169,0.63115
3.2434,0.66024
3.8395,0.61218
4.1731,0.59972
4.0176,0.61547
2.822,0.68914
3.1263,0.66723
3.8616,0.62747
3.0572,0.67317
3.0162,0.67307
3.845,0.62961
4.0623,0.61458
4.3586,0.59516
4.153,0.59907
4.2189,0.61072
5.4302,0.5113
4.1425,0.60359
4.1951,0.59916
3.6939,0.63837
3.8935,0.63214
3.9968,0.625
4.0263,0.60952
3.9283,0.63054
3.9703,0.62821
4.1147,0.59995
3.8754,0.62483
3.9693,0.62092
3.9819,0.61015
3.5237,0.65222
3.187,0.66521
4.0524,0.60572
3.8818,0.61876
2.7524,0.70079
3.2819,0.6536
4.0151,0.60009
2.7155,0.68732
2.4134,0.72584
2.2645,0.73773
4.3118,0.58221
4.0714,0.61821
3.8326,0.62916
3.0582,0.66913
4.2513,0.58735
2.1931,0.75091
3.8187,0.61203
3.9313,0.61271
2.1917,0.75271
3.2586,0.65436
2.1666,0.75662
3.1916,0.65886
3.9505,0.59903
3.803,0.61517
3.7762,0.62887
4.1974,0.59282
2.9503,0.68133
2.7939,0.69636
2.6774,0.70178
3.9159,0.62164
4.1183,0.60214
3.2231,0.66651
3.7042,0.63882
3.7522,0.63409
3.6104,0.62841
3.2876,0.65192
3.2901,0.64946
3.419,0.63784
3.4585,0.63916
3.6658,0.60862
3.1864,0.66385
3.5417,0.63184
3.4893,0.63596
3.1545,0.65881
3.023,0.67152
3.093,0.66799
4.1022,0.59641
3.3586,0.6397
4.4328,0.57957
4.11,0.59421
3.8851,0.60551
4.058,0.6033
3.3361,0.641
3.7386,0.60972
4.0046,0.59922
3.9582,0.60837
3.3943,0.64936
3.2558,0.66021
2.5554,0.70798
3.1662,0.64663
2.9089,0.679
2.7665,0.684
3.3573,0.64139
2.7618,0.69214
3.0781,0.66519
2.7489,0.67129
3.0096,0.67312
4.2429,0.59465
4.5601,0.57398
2.9266,0.67987
2.2392,0.74532
3.2516,0.65137
3.4725,0.63722
2.5163,0.71231
3.4675,0.63495
2.3742,0.72787
2.474,0.72196
2.5804,0.70897
2.4681,0.72005
4.1839,0.59553
2.8313,0.69062
2.7281,0.7013
4.2412,0.58325
2.9856,0.67425
3.0175,0.67204
3.1021,0.66472
3.0827,0.66574
4.2655,0.58325
3.1748,0.65842
3.0439,0.67074
3.0814,0.66691
3.2099,0.65696
4.275,0.58004
3.0068,0.67547
2.5625,0.69985
2.711,0.69466
3.0003,0.67314
2.4672,0.71494
2.8838,0.68074
3.0589,0.66815
3.3932,0.64093
3.1145,0.66581
3.7534,0.60552
2.9885,0.67921
3.3603,0.64716
2.5105,0.71679
3.2085,0.65298
3.0295,0.66287
3.0394,0.66402
2.9764,0.66779
3.0795,0.66755
3.2695,0.6511
4.0422,0.61388
3.1156,0.66503
3.5122,0.62993
3.2732,0.64998
3.6067,0.62313
3.9074,0.59686
3.5217,0.63098
3.071,0.66796
3.0682,0.66742
3.4722,0.63798
3.1438,0.66065
3.3266,0.64239
3.3586,0.64164
3.6606,0.62275
3.3546,0.64373
2.5635,0.71426
3.2024,0.65767
3.2917,0.64852
2.7288,0.69537
3.1447,0.64698
3.9548,0.60446
2.6458,0.70687
3.5929,0.63342
2.7994,0.69267
2.6021,0.71172
2.829,0.68801
3.3904,0.64992
3.9396,0.60644
2.8125,0.69106
2.7422,0.69517
4.1989,0.58701
4.0372,0.59871
2.7484,0.68261
2.8834,0.67922
3.9052,0.61204
3.1239,0.66484
3.372,0.63869
3.5518,0.62814
3.1178,0.65826
3.017,0.66655
2.9044,0.67342
4.1213,0.59921
2.4029,0.72752
2.316,0.73387
2.2371,0.74299
2.6581,0.70341
2.1967,0.75079
2.1788,0.75074
3.3296,0.64905
2.8286,0.68825
3.5886,0.62523
2.6812,0.69888
3.2284,0.6584
3.2198,0.65855
2.86,0.67667
3.0078,0.66529
3.1463,0.65088
3.473,0.63333
3.9453,0.60302
3.736,0.61507
2.9216,0.67652
3.7968,0.61358
3.0473,0.66773
3.542,0.63583
3.3343,0.65036
3.4108,0.64246
1.938,0.77445
3.0174,0.66862
2.9657,0.67366
3.3277,0.64604
3.199,0.65309
3.0772,0.66293
3.1182,0.66501
2.1888,0.74715
3.0573,0.66783
3.7008,0.62275
3.6886,0.62039
4.2427,0.59604
2.8956,0.6827
2.3039,0.72867
3.8654,0.60557
4.2304,0.59096
2.3174,0.72381
3.7471,0.62098
3.6206,0.63164
3.6086,0.63314
3.4977,0.63896
3.8233,0.61676
4.1934,0.5927
2.8984,0.68365
3.0439,0.66789
3.908,0.60523
2.8225,0.68625
3.8515,0.60957
4.1014,0.60027
2.9924,0.6711
3.2461,0.65353
2.946,0.67711
3.0895,0.65428
3.2702,0.65001
3.1369,0.66182
2.7387,0.69459
2.3413,0.7258
2.4912,0.70927
4.5635,0.57237
3.9537,0.61075
3.18,0.65798
3.1809,0.6589
3.5187,0.63183
3.0704,0.6649
2.7892,0.68871
2.9507,0.6732
3.3827,0.63945
3.2505,0.64736
2.4895,0.7109
3.0151,0.66944
2.8286,0.68101
2.8451,0.67868
3.446,0.63565
3.8417,0.61559
2.5834,0.71055
2.7632,0.69231
2.8588,0.68112
2.7543,0.68927
2.6808,0.6943
2.6296,0.70194
3.4943,0.62264
3.1328,0.65238
3.5442,0.62222
3.9247,0.6037
3.5557,0.61338
3.8154,0.60342
4.2524,0.58524
3.6854,0.62206
3.2525,0.64861
3.1834,0.65624
3.92,0.6061
3.0257,0.67055
4.0232,0.60217
4.0325,0.60062
3.9877,0.60436
4.1333,0.597
4.0007,0.60303
3.2286,0.64897
4.0356,0.60026
4.2371,0.5887
4.0706,0.60135
3.9245,0.61069
3.9668,0.60108
3.2052,0.65088
3.7267,0.615
3.2539,0.65459
2.911,0.68081
3.2837,0.65089
3.1218,0.66196
3.3564,0.64204
3.3924,0.64155
3.583,0.64343
3.2829,0.64969
3.5393,0.63022
3.7798,0.62819
3.8677,0.61625
4.141,0.5943
2.4644,0.71378
3.8819,0.6184
2.8813,0.67387
3.3995,0.63356
2.936,0.67646
3.0151,0.66778
3.0271,0.6692
3.8634,0.60882
3.0932,0.65751
2.8664,0.68394
3.0769,0.65743
2.3334,0.73647
3.1729,0.65633
3.6138,0.64243
3.679,0.62268
4.2465,0.58022
3.7041,0.63372
3.653,0.64086
3.6499,0.63986
3.2737,0.64754
3.5991,0.64167
3.6654,0.61973
3.6056,0.63279
2.0951,0.75432
2.8615,0.68252
2.8306,0.69077
2.877,0.68231
3.0814,0.66495
3.5289,0.62842
2.7198,0.69586
3.616,0.62235
3.0012,0.6679
3.3381,0.64307
2.8706,0.68129
2.8014,0.68476
2.0223,0.76767
2.475,0.71996
3.9704,0.59985
3.4506,0.63272
3.8965,0.60906
3.938,0.60149
3.8657,0.61392
3.6913,0.62831
3.1242,0.67
2.3903,0.72695
2.5929,0.70718
3.0432,0.67074
2.6337,0.70427
2.3658,0.72658
2.6541,0.70132
2.3392,0.73105
2.5263,0.6952
2.2501,0.73708
2.3759,0.72715
2.5689,0.70798
2.3865,0.72828
3.7441,0.61403
3.235,0.63911
2.5331,0.71294
3.5634,0.64651
3.0106,0.6696
2.7282,0.6967
2.6895,0.69497
2.1209,0.74801
2.6574,0.69483
2.8929,0.67016
2.7153,0.69156
2.5415,0.70796
3.2492,0.64811
3.273,0.65123
2.5518,0.70848
3.3931,0.65187
3.6877,0.63304
3.6642,0.63439
3.4974,0.6414
3.6752,0.63315
3.9865,0.60791
2.9887,0.67144
3.5876,0.63938
3.5549,0.64289
3.5549,0.62678
3.7923,0.62777
4.2465,0.58443
3.881,0.62185
3.4167,0.63385
3.2449,0.64906
3.7113,0.61306
3.4412,0.65293
4.3903,0.54345
3.2957,0.6424
3.7845,0.60895
3.696,0.6333
3.8405,0.59329
2.9392,0.6718
3.0978,0.66262
1.524,0.82545
2.7198,0.69218
3.0194,0.66793
2.8042,0.68758
2.9265,0.67669
2.7437,0.69357
2.1123,0.74694
3.0047,0.66738
3.039,0.66613
3.0194,0.66866
2.6937,0.69727
2.4474,0.72173
3.9626,0.60103
2.3975,0.71337
4.0989,0.59156
1.4786,0.82953
1.9922,0.76726
2.761,0.68414
2.447,0.71848
2.9242,0.67229
2.1473,0.73639
2.7834,0.68517
3.1972,0.65451
3.4205,0.63418
3.4575,0.64824
5.1681,0.50886
3.897,0.60491
2.1166,0.74747
2.4134,0.71173
3.7406,0.61452
3.5675,0.63453
3.1786,0.66261
2.8814,0.68051
3.1441,0.65473
3.802,0.61968
3.3869,0.63076
4.34,0.5699
2.887,0.67132
3.7409,0.60656
3.9432,0.60494
3.7525,0.61412
3.3909,0.63912
3.9515,0.60922
3.2394,0.64789
3.458,0.63548
2.4717,0.71573
3.6029,0.62475
3.3047,0.64811
2.1702,0.74852
2.6541,0.69741
2.783,0.68589
3.097,0.65468
2.4175,0.7197
2.3514,0.72839
2.5156,0.70431
2.6443,0.70288
2.8645,0.68149
2.9271,0.67307
3.4961,0.62761
3.3787,0.63854
2.916,0.67763
2.3232,0.72719
2.6527,0.69255
2.4079,0.71863
2.9358,0.67
2.3392,0.73216
2.1573,0.74797
2.0557,0.75687
2.0434,0.75882
2.6341,0.69662
2.0638,0.75696
2.1345,0.74766
3.9747,0.58579
2.981,0.66734
3.1091,0.65249
3.1561,0.64931
3.1551,0.65151
3.3048,0.64017
2.919,0.67382
2.6267,0.69927
1.9863,0.75802
2.6227,0.69642
2.1021,0.74363
2.9821,0.66992
2.0782,0.76038
1.9143,0.77269
2.9591,0.66179
2.8003,0.68425
2.303,0.72862
2.4807,0.70511
2.7881,0.68041
3.5187,0.62856
2.2596,0.73693
1.9083,0.77395
2.2802,0.73222
3.0654,0.66323
3.8917,0.61261
2.0811,0.75473
3.3744,0.63605
3.9186,0.61389
2.966,0.6707
3.9556,0.60548
4.4652,0.56338
3.5972,0.62324
3.6777,0.63095
3.8078,0.61023
4.2028,0.58116
3.8981,0.60299
1.4624,0.83076
3.5861,0.62279
1.9304,0.77265
2.1124,0.74784
1.9884,0.76366
3.2972,0.64348
2.6457,0.69847
3.4838,0.62843
2.5666,0.70856
2.7505,0.68852
2.5634,0.70425
2.5324,0.70474
2.5152,0.71224
2.4871,0.71595
2.2847,0.7378
3.6195,0.62164
2.5173,0.711
3.6324,0.62208
3.5473,0.62563
3.4852,0.6307
2.765,0.68441
2.9035,0.67226
3.2658,0.64252
3.2821,0.64127
2.0931,0.75275
2.06,0.75953
2.7773,0.68611
3.6449,0.61655
2.5991,0.69834
2.7014,0.69469
3.7669,0.6123
2.882,0.67277
3.8364,0.6048
2.9669,0.66975
3.879,0.61555
2.8531,0.68273
2.5217,0.71476
3.7407,0.61687
2.6886,0.69193
3.3749,0.64228
3.0118,0.66577
3.4406,0.63777
3.8175,0.60403
4.2257,0.57025
2.5549,0.69949
3.5416,0.62709
3.9112,0.59943
3.7921,0.60247
3.6164,0.62693
2.7388,0.69274
2.7668,0.68482
2.7325,0.68618
2.7062,0.69659
2.7676,0.68795
2.6973,0.6958
3.7121,0.61394
2.8743,0.67873
3.912,0.60148
3.8114,0.60738
3.6662,0.61725
2.1343,0.74692
3.298,0.63968
4.0117,0.59547
3.1431,0.65172
4.1786,0.58344
3.7922,0.60869
3.5899,0.61844
1.9907,0.76142
3.6522,0.6162
3.5325,0.62384
3.6549,0.62319
3.4142,0.63394
2.1897,0.73134
3.1351,0.64926
3.0804,0.65472
3.1001,0.6504
3.0111,0.65979
3.486,0.62756
3.1851,0.64788
3.1774,0.64974
3.0576,0.65983
4.0728,0.59273
4.0243,0.5971
3.8763,0.60636
3.3082,0.64358
2.4756,0.71416
2.8953,0.67054
3.208,0.64976
3.7944,0.61983
2.9176,0.67219
3.2058,0.65158
2.4933,0.70913
2.5864,0.69863
3.0024,0.6656
2.1968,0.73907
2.6067,0.69507
1.8897,0.77671
1.8544,0.78308
3.0526,0.66214
3.2987,0.64185
2.7399,0.68709
2.8993,0.67277
3.2826,0.64434
3.3667,0.63438
3.4479,0.63023
3.7651,0.60725
2.7981,0.67843
4.0032,0.59487
2.5081,0.71062
2.7352,0.69062
3.3545,0.63949
3.4724,0.6401
2.8576,0.67704
2.824,0.67693
3.5565,0.63316
3.4076,0.63269
2.573,0.70734
3.4379,0.63442
3.4411,0.6335
3.5365,0.62163
3.4014,0.6426
3.1907,0.66049
3.1383,0.65671
3.4967,0.62689
3.4441,0.63099
1.9446,0.76897
2.9574,0.66607
2.2918,0.72913
3.3656,0.63439
3.7435,0.61282
3.3379,0.63964
2.153,0.73982
2.4389,0.72047
2.7029,0.69002
3.3615,0.63268
1.8539,0.78151
4.1912,0.58477
3.4335,0.62941
3.3301,0.6364
3.7274,0.58453
2.4129,0.72261
2.1649,0.74485
2.0214,0.761
2.0875,0.75312
3.068,0.66249
2.3923,0.72327
2.4614,0.71446
4.1982,0.58201
3.5365,0.62072
2.9174,0.67035
2.4777,0.71058
3.4415,0.63137
3.2984,0.64178
3.8862,0.60211
2.3955,0.72471
2.575,0.70507
2.2557,0.73853
3.4292,0.63479
3.6016,0.6111
3.1271,0.65948
4.1114,0.5758
2.8442,0.68226
3.4087,0.63764
3.6892,0.61863
2.7625,0.68971
2.8868,0.67421
2.9433,0.66524
3.2814,0.64598
2.2427,0.73136
3.1625,0.65012
2.1316,0.74743
3.3099,0.64315
2.1131,0.7511
3.5026,0.62593
2.2456,0.73088
3.4589,0.63074
3.6131,0.6173
3.5822,0.6202
3.4897,0.62175
2.9343,0.66806
2.1456,0.7478
3.8683,0.6003
4.3635,0.54231
2.3499,0.7214
2.1617,0.74236
3.3309,0.6375
2.1926,0.74029
1.9794,0.76388
3.779,0.60701
2.3389,0.72374
3.8771,0.60105
2.7223,0.69018
3.6393,0.62589
4.0014,0.60197
3.3628,0.63488
3.0441,0.65883
3.6124,0.62909
3.5014,0.6382
2.3584,0.72638
3.3895,0.64888
3.1549,0.66758
2.3803,0.72013
3.3923,0.63371
3.7028,0.61086
3.8722,0.611
3.3017,0.6362
2.3283,0.72354
2.993,0.66348
2.3091,0.72564
2.3201,0.7253
2.7802,0.68254
2.3598,0.72546
3.2958,0.63911
2.6358,0.69028
2.6529,0.69258
2.9872,0.68249
2.8389,0.67523
3.0561,0.66037
3.1559,0.64883
3.0696,0.65475
3.1338,0.65019
3.1294,0.64972
3.0242,0.66456
2.9456,0.66554
3.1148,0.64976
2.8132,0.6757
2.9998,0.66348
4.0955,0.59015
3.0064,0.66563
3.1018,0.65263
3.8549,0.60357
3.7327,0.61229
2.2322,0.74037
2.5082,0.70744
4.0767,0.58728
2.3999,0.71564
3.1162,0.65907
2.7202,0.68905
4.136,0.58549
4.6839,0.5258
3.3544,0.61545
2.2769,0.73345
2.8511,0.67729
2.7177,0.68968
2.744,0.68414
2.7324,0.68608
2.4696,0.71292
2.9916,0.66689
3.2081,0.6487
3.4107,0.62069
3.3029,0.64346
2.1768,0.74616
3.867,0.60682
3.7376,0.61732
3.021,0.65629
3.8136,0.60673
3.6771,0.61515
3.0856,0.65917
3.3636,0.63793
3.2973,0.64053
3.1387,0.65355
2.987,0.66578
3.2478,0.64713
2.9087,0.67116
2.1045,0.737
3.9574,0.60313
3.9161,0.59885
2.2248,0.75018
3.6563,0.61938
3.6461,0.62148
3.6609,0.61974
2.3579,0.7267
3.7619,0.61221
2.2145,0.743
2.4642,0.70357
3.7352,0.61336
1.9441,0.77339
2.0351,0.75737
3.4357,0.63662
3.5742,0.63791
3.3507,0.63997
3.8623,0.61592
4.1557,0.59146
3.7459,0.62577
3.765,0.62459
2.7714,0.68461
3.925,0.61345
3.8288,0.62083
3.2718,0.64717
2.9107,0.67111
2.1033,0.74907
2.5953,0.70213
2.7893,0.68885
2.4423,0.71334
2.8508,0.68367
2.1143,0.75103
3.6853,0.61972
2.5507,0.71223
3.8888,0.60575
3.113,0.66837
4.3031,0.58599
3.8658,0.61069
3.1657,0.66448
3.0623,0.66641
2.9163,0.68282
4.0851,0.59773
3.8141,0.61892
3.5426,0.63502
3.5793,0.63333
3.3795,0.64654
3.7285,0.62393
3.5801,0.6331
4.3098,0.58137
3.9549,0.60722
3.3751,0.64946
4.037,0.6058
3.2265,0.65404
4.3417,0.54832
3.521,0.63491
3.5754,0.61756
3.3672,0.64369
4.1938,0.59331
2.6669,0.70038
3.3218,0.6479
2.8411,0.68908
4.6327,0.52602
3.1472,0.66348
3.2455,0.65619
2.7509,0.68933
2.826,0.68135
3.0466,0.6686
2.7515,0.6942
2.8313,0.69238
2.9853,0.6791
3.1118,0.66347
3.0579,0.67187
2.6585,0.70784
3.0115,0.68039
2.7339,0.69927
2.6064,0.70645
2.6294,0.70227
2.8163,0.69294
2.2084,0.74967
3.23,0.65723
3.1069,0.67431
2.8355,0.69156
2.6529,0.71073
3.2418,0.66067
3.1111,0.67161
3.836,0.62385
4.0028,0.60888
3.8346,0.63205
3.6208,0.63458
3.7532,0.63838
3.0021,0.67768
3.1526,0.66723
3.161,0.6702
3.4017,0.65414
3.4032,0.65262
2.9913,0.67883
3.1067,0.66852
4.4289,0.57862
2.3572,0.73861
4.04,0.60514
3.2601,0.65805
4.1218,0.59338
2.5516,0.71109
2.9008,0.69239
2.796,0.7002
2.6677,0.70914
3.4726,0.64379
2.9178,0.68801
3.0615,0.67531
3.7427,0.6145
4.3336,0.59143
3.2495,0.66287
4.132,0.61425
4.224,0.60097
3.0103,0.68103
2.8156,0.69759
3.5431,0.64395
4.0981,0.6002
3.8429,0.61007
2.7908,0.69676
3.2609,0.66503
3.9761,0.61256
3.2427,0.66775
3.5923,0.63959
3.4783,0.65035
2.9175,0.68966
3.5992,0.64228
2.2,0.75796
3.6365,0.64176
3.1005,0.66786
4.137,0.61872
4.2175,0.61299
2.5967,0.71969
2.6039,0.72015
2.9894,0.67981
2.8135,0.69701
2.7366,0.7092
2.3719,0.74161
2.963,0.68741
3.215,0.67287
3.1765,0.6745
3.2281,0.66974
2.7348,0.70992
3.2979,0.6644
4.2036,0.60819
4.2694,0.60661
3.2634,0.67032
2.9424,0.69118
3.6876,0.64806
2.8295,0.69949
2.845,0.69898
4.2799,0.6142
4.049,0.63151
4.2539,0.61759
2.5889,0.72102
3.9336,0.63696
4.5794,0.58703
3.2121,0.67181
4.0593,0.60886
3.6681,0.64231
3.7125,0.63859
3.9674,0.61844
3.5178,0.65361
4.1221,0.62069
3.6173,0.64516
4.0444,0.61035
3.6365,0.64224
2.6904,0.71813
4.0118,0.62677
3.8336,0.63656
4.6591,0.56638
4.1073,0.59775
3.3357,0.66338
3.738,0.64216
4.5967,0.59952
3.0318,0.69191
3.6647,0.64811
4.2328,0.62014
4.0042,0.63419
4.1118,0.62678
4.5586,0.59712
4.4425,0.5907
4.1871,0.61341
4.4328,0.5986
4.62,0.58808
3.5548,0.64329
4.1654,0.61913
3.8147,0.6364
3.3821,0.65391
3.0881,0.68802
3.0194,0.69322
3.0986,0.67751
4.4609,0.59896
4.2201,0.6174
4.228,0.6155
4.3833,0.60765
4.2709,0.61653
4.4544,0.59752
4.3876,0.6097
4.5497,0.60183
4.0589,0.62437
4.2485,0.61201
4.4941,0.60213
3.3316,0.66886
3.9924,0.63543
4.3076,0.6065
3.9629,0.63623
2.4455,0.73945
2.9364,0.69846
3.1069,0.68552
2.9086,0.70523
3.1313,0.67453
2.9871,0.69935
2.4411,0.74044
3.8563,0.64214
2.9956,0.69719
3.0556,0.68862
2.7982,0.71178
2.4378,0.73887
2.0809,0.77575
2.8527,0.71082
3.6352,0.64983
4.8046,0.59799
3.2185,0.67985
4.7567,0.60221
3.1943,0.68513
2.9003,0.70787
2.7007,0.72345
1.8911,0.80329
3.1265,0.69013
2.0603,0.78152
3.0702,0.67507
4.3587,0.62039
3.0165,0.69945
4.0597,0.63203
2.9202,0.70955
4.0881,0.64029
4.6325,0.60232
3.054,0.69719
3.1368,0.68959
2.3325,0.75375
2.9165,0.70667
3.0033,0.69813
2.9994,0.69673
2.6403,0.72621
2.2724,0.76201
3.7791,0.64551
3.5656,0.66252
3.5015,0.66961
2.7031,0.73207
3.4758,0.66826
3.613,0.65554
3.1439,0.68481
3.9473,0.64849
3.1303,0.6875
4.2037,0.62708
4.0391,0.63699
3.442,0.67158
2.7528,0.72852
3.0077,0.70402
4.2896,0.62383
3.1728,0.68873
3.5553,0.66261
2.3718,0.75578
3.6225,0.66303
4.1652,0.63229
4.1745,0.63187
4.1728,0.64099
4.3056,0.62356
4.2475,0.63654
4.6954,0.60233
4.6107,0.60681
4.2454,0.63671
4.5435,0.6118
4.2561,0.63407
4.5663,0.61757
4.7929,0.60785
4.179,0.62122
3.9435,0.64074
4.4754,0.62192
4.2882,0.6315
4.3243,0.63306
3.8155,0.6451
3.8792,0.64411
3.7002,0.65731
4.4465,0.62459
4.6303,0.61404
4.4011,0.62942
4.6338,0.61243
4.5886,0.6108
2.7609,0.71891
2.7791,0.69905
3.3237,0.68167
4.4658,0.62174
4.4087,0.6303
4.1703,0.64394
4.9338,0.59402
3.2076,0.69288
2.8801,0.71062
4.3288,0.63092
4.7049,0.60495
4.8189,0.60007
4.7487,0.59999
4.2716,0.63214
4.6404,0.60489
3.733,0.65397
5.0331,0.59172
5.4676,0.55376
3.7223,0.66468
4.4871,0.61453
3.9448,0.64904
2.4036,0.7561
2.5747,0.74174
3.765,0.651
3.2423,0.69103
3.2494,0.68985
3.4331,0.66241
3.618,0.66943
3.2174,0.69405
4.2372,0.63354
4.0891,0.64325
4.2368,0.63392
3.2863,0.69758
3.3309,0.69415
4.0589,0.63533
3.7678,0.66343
3.7405,0.65727
3.8193,0.66132
4.7645,0.60744
4.6754,0.61332
4.617,0.61678
4.9346,0.60258
4.4326,0.6308
4.476,0.63104
4.2199,0.6383
3.9238,0.65046
2.871,0.71613
3.408,0.68426
3.5711,0.67028
2.9558,0.71715
3.433,0.68439
3.1165,0.70878
4.768,0.61267
4.8359,0.6125
3.5846,0.67614
4.5993,0.62192
4.2009,0.64303
2.6829,0.74379
4.0049,0.65216
4.9762,0.59975
4.7799,0.61655
4.9037,0.6089
5.1178,0.58781
4.827,0.61391
4.7541,0.61901
5.1147,0.59989
4.3316,0.63904
4.5054,0.63718
4.4158,0.64607
4.7646,0.62174
2.9189,0.7255
4.5143,0.61496
4.5523,0.62971
3.4777,0.68378
3.7415,0.66529
4.5418,0.63188
4.1824,0.64497
4.7232,0.62458
3.9165,0.66154
4.6854,0.62081
4.649,0.62812
4.8198,0.61922
2.1901,0.78657
2.1998,0.78596
3.6083,0.67501
3.4881,0.68317
5.0727,0.60267
4.4571,0.63388
4.3973,0.63763
4.3976,0.63795
4.3031,0.64165
4.3612,0.63799
4.4667,0.63234
4.5098,0.6292
3.5278,0.68227
4.5527,0.62839
4.7863,0.61478
4.7056,0.62053
4.7303,0.61906
4.8367,0.61358
4.6866,0.6236
4.5351,0.63389
4.5538,0.63072
4.5098,0.63313
3.9125,0.66672
3.8848,0.66821
3.7219,0.67498
4.3301,0.64477
3.4504,0.69544
3.0002,0.7281
4.0012,0.66397
3.7107,0.68036
3.6945,0.67698
3.7378,0.67659
3.4967,0.69284
4.515,0.63751
4.5175,0.6355
3.5687,0.68492
2.6833,0.7469
4.5849,0.62965
4.1271,0.65432
5.0518,0.61248
4.5036,0.63513
4.1321,0.65665
4.2272,0.65188
3.933,0.67344
4.034,0.66831
2.9673,0.73395
3.0204,0.72856
3.7747,0.68018
3.1096,0.71642
3.3236,0.70166
4.4413,0.63741
4.3157,0.64626
3.2888,0.70283
4.8111,0.62045
3.462,0.69546
3.6461,0.68427
3.7447,0.67782
4.232,0.65534
4.7412,0.62656
3.6883,0.68162
4.6195,0.63411
5.2504,0.60407
3.3011,0.71203
5.1829,0.60846
3.5764,0.69346
3.6235,0.68891
4.4291,0.64022
4.2154,0.65174
4.1523,0.65698
4.1898,0.65539
4.0697,0.66469
4.6783,0.63351
4.222,0.65428
4.3082,0.64938
4.2188,0.65445
4.7011,0.63074
4.7949,0.62721
4.0131,0.67071
4.3009,0.65189
4.4696,0.63866
4.5541,0.63834
4.2503,0.6527
4.2276,0.65447
4.1538,0.65942
4.9722,0.61529
3.9436,0.67015
3.229,0.71875
3.9796,0.6698
4.7893,0.62779
4.3794,0.64813
4.8307,0.62186
4.6583,0.63256
5.2135,0.60803
4.12,0.66103
3.9234,0.67713
4.8516,0.62482
4.6219,0.63112
3.6139,0.69157
4.793,0.62436
4.8375,0.62116
4.8179,0.62068
4.6936,0.6282
4.3177,0.64756
4.5395,0.63543
5.3018,0.60491
4.7232,0.62902
4.4379,0.64315
4.436,0.64401
4.9048,0.6277
3.3843,0.70476
4.553,0.64333
3.8437,0.67689
3.7954,0.68324
3.9243,0.67396
3.9636,0.67201
3.6075,0.69614
4.7128,0.63452
3.7725,0.68158
3.4738,0.70033
3.2138,0.71686
4.1789,0.65285
4.1995,0.6558
4.7535,0.62856
3.9787,0.67204
5.412,0.60225
4.9121,0.62223
4.8673,0.626
4.1827,0.66358
4.8949,0.62616
4.5012,0.64716
4.8671,0.62828
4.5118,0.64569
5.1022,0.616
5.0015,0.62022
5.0935,0.61661
5.0016,0.62172
4.8808,0.62768
4.4368,0.65074
5.1008,0.61763
4.9556,0.62341
5.0209,0.62097
4.862,0.62746
4.219,0.66104
4.312,0.65523
4.4043,0.64776
4.3454,0.65192
3.9234,0.67761
5.0809,0.62124
4.3903,0.65305
4.4672,0.65261
3.4631,0.70493
3.7246,0.69178
3.8316,0.68279
3.9021,0.67522
4.8094,0.63031
3.9086,0.67568
5.4979,0.60144
3.5458,0.69813
5.1448,0.61758
3.9629,0.67314
5.0967,0.61982
5.1501,0.61945
4.1353,0.66686
4.1746,0.66428
4.1865,0.66371
5.063,0.62375
5.2347,0.61421
4.2206,0.6619
3.0529,0.72983
2.99,0.7392
3.0971,0.73014
3.8417,0.67771
2.9714,0.73941
3.7965,0.68215
4.0825,0.67474
3.7927,0.68831
4.9776,0.62358
3.0397,0.73028
4.8738,0.62886
3.0177,0.73807
5.338,0.6088
5.1071,0.62049
4.5163,0.64604
4.9628,0.62877
5.1971,0.61635
4.1475,0.67111
4.2879,0.66272
4.2942,0.65705
3.3904,0.7145
4.2814,0.65902
4.1141,0.66699
4.0092,0.67139
4.2823,0.65664
3.1922,0.72781
4.9252,0.62794
3.7006,0.69082
4.2112,0.6596
5.3408,0.60929
3.6206,0.6996
4.2793,0.66011
4.2106,0.6627
4.2462,0.66237
4.1621,0.66476
3.7663,0.68601
4.5141,0.64261
4.528,0.64188
4.558,0.6408
4.5298,0.64279
4.3662,0.65394
4.4612,0.64877
4.4138,0.65346
4.4508,0.64903
4.3715,0.65328
4.8764,0.63018
4.3532,0.65309
4.4107,0.65257
5.7334,0.58987
4.9781,0.62579
4.0442,0.67024
4.0868,0.66859
3.7004,0.68911
4.5595,0.64533
4.5809,0.64402
4.3889,0.65592
4.9022,0.63006
4.6995,0.6414
4.9713,0.62731
4.3141,0.6586
4.3575,0.65566
4.4347,0.65262
3.7218,0.69215
4.9061,0.63096
4.8194,0.63435
3.9252,0.68132
4.0805,0.67089
3.1475,0.72866
3.6468,0.69422
4.4056,0.65782
4.7767,0.6401
4.06,0.67744
5.0813,0.62405
5.2306,0.6156
4.4806,0.64996
4.4747,0.64893
4.416,0.65216
4.5591,0.64374
4.5917,0.6437
3.6273,0.70154
3.6179,0.70361
3.6455,0.70216
3.1528,0.73269
5.1651,0.62062
4.7706,0.63662
4.8111,0.63405
3.7498,0.69023
4.7781,0.6363
3.6213,0.69871
4.0976,0.67002
4.9946,0.62841
3.4943,0.70406
3.5223,0.70418
3.3095,0.7209
4.0934,0.67353
4.0744,0.67471
5.3074,0.62045
4.543,0.65014
4.1053,0.67376
3.529,0.71072
4.4793,0.65231
4.4569,0.65322
4.4825,0.65273
3.565,0.70715
3.5772,0.7072
3.5987,0.70643
4.1232,0.67778
3.79,0.69356
3.8951,0.6888
3.9571,0.68441
2.696,0.76553
4.2353,0.6652
3.5509,0.70567
3.3146,0.71996
3.8945,0.68533
3.69,0.69515
4.6419,0.64813
3.3332,0.72038
4.5164,0.65663
5.0472,0.62879
4.9153,0.63495
3.6334,0.69954
4.3548,0.66008
4.6273,0.64469
4.5383,0.651
4.4935,0.65484
4.4834,0.65469
4.2575,0.66477
4.6303,0.64551
5.038,0.62746
4.0897,0.67379
6.1118,0.592
3.1594,0.7306
2.8853,0.75191
4.1473,0.67193
4.3423,0.66176
4.1687,0.67114
3.4996,0.70789
5.62,0.60588
3.7482,0.69004
5.6752,0.60425
5.2176,0.62549
4.2099,0.66901
4.9627,0.63285
2.995,0.7421
3.6568,0.70216
4.1075,0.67841
4.5315,0.65118
4.9232,0.63456
4.3787,0.65835
3.7045,0.69296
4.7444,0.64476
3.0187,0.74157
3.6207,0.70254
4.2826,0.6673
3.4008,0.71837
4.819,0.64035
5.3555,0.61537
4.681,0.64605
5.1841,0.6246
4.5515,0.65478
4.9107,0.63817
4.4781,0.65868
4.1942,0.67116
4.2599,0.66658
5.6464,0.60743
4.0518,0.68049
4.0546,0.68243
5.2802,0.62528
5.3874,0.62069
4.5661,0.65719
4.5599,0.65692
4.6831,0.65102
4.73,0.64598
3.9516,0.68705
4.8941,0.63765
4.755,0.64565
4.1532,0.67736
4.7847,0.644
4.2003,0.67397
3.1547,0.73187
5.0662,0.63369
3.2008,0.73156
4.6814,0.65294
4.0239,0.6819
3.2072,0.73339
3.6105,0.7082
4.1461,0.67513
4.1925,0.6725
4.1342,0.67565
4.9031,0.63973
4.1569,0.67398
4.1378,0.67646
4.1606,0.68075
4.2288,0.67142
3.6275,0.70955
4.5729,0.65374
4.6395,0.64869
5.2226,0.62449
4.2488,0.67097
4.1912,0.67475
3.591,0.70887
4.2159,0.6749
5.5414,0.61754
6.0023,0.5949
6.0425,0.59226
5.9937,0.59455
5.9557,0.59543
6.0074,0.59425
5.9951,0.59488
3.9137,0.6884
3.9097,0.68926
