77.294,-0.097802
58.841,0.031362
49.206,0.058761
53.665,0.017771
68.978,-0.040958
67.326,-0.040127
68.27,-0.051596
61.904,-0.031784
56.729,-0.010351
67.344,-0.047775
61.876,-0.0052549
57.055,-0.0059282
62.717,-0.039854
63.264,-0.062996
65.584,-0.064685
66.625,-0.086534
58.868,-0.021891
62.667,-0.051968
73.564,-0.096493
82.32,-0.14065
61.022,-0.039101
61.766,-0.053975
69.572,-0.034051
79.107,-0.08496
61.754,-0.035638
65.529,-0.06256
56.971,-0.010299
69.679,-0.08838
64.441,-0.055202
69.176,-0.083421
68.921,-0.083006
76.359,-0.12176
74.606,-0.11147
59.781,-0.041175
57.566,-0.017366
60.564,-0.046799
65.139,-0.058104
64.524,-0.060208
67.898,-0.072487
66.723,-0.070797
77.159,-0.090584
61.561,-0.037389
57.691,-0.016873
64.389,-0.042271
69.917,-0.08518
58.424,-0.040397
63.587,-0.054106
62.538,-0.04442
71.65,-0.080788
63.951,-0.035374
77.926,-0.11468
62.784,-0.039954
65.126,-0.01293
56.607,-0.0061344
62.879,-0.049058
57.916,-0.018002
53.823,0.010251
62.484,-0.0021209
66.179,-0.068827
64.054,-0.056583
64.488,-0.040473
67.696,-0.057651
63.631,-0.056982
65.734,-0.022724
72.262,-0.063502
60.278,-0.039372
63.732,-0.038315
55.516,-0.0076443
62.296,-0.046009
55.19,-0.004172
63.652,-0.021888
59.993,-0.037998
57.205,-0.020285
48.084,0.058743
53.794,0.0089879
54.192,0.0045468
52.411,0.021025
57.849,-0.014681
52.923,0.017112
46.661,0.066865
52.08,0.031696
49.757,0.042891
52.025,0.035266
57.041,-0.010731
61.6,-0.029113
53.467,0.023198
64.089,-0.023127
50.673,0.10021
53.603,0.044312
58.375,0.028627
67.686,-0.043411
50.405,0.050134
52.258,0.030033
56.842,0.036877
55.284,0.055955
48.239,0.05722
50.684,0.06286
52.311,0.061119
53.106,0.030154
53.54,0.021939
49.851,0.065179
49.396,0.047907
55.33,0.0071995
53.401,0.016061
49.4,0.060405
56.512,-0.0080767
49.229,0.062508
55.893,0.0034075
51.75,0.044851
48.349,0.055261
48.016,0.057477
44.144,0.10721
48.218,0.074275
48.862,0.076715
50.152,0.055771
47.343,0.074306
48.365,0.06919
48.248,0.065084
44.901,0.10449
50.999,0.073541
49.078,0.06005
47.554,0.06945
45.36,0.090665
47.501,0.079434
49.667,0.055109
47.553,0.070768
48.798,0.063224
44.888,0.099831
48.805,0.093988
44.274,0.10014
50.207,0.075375
52.468,0.053102
44.426,0.1059
39.743,0.14308
39.895,0.15998
39.683,0.18726
45.614,0.11859
45.914,0.11826
40.083,0.16353
48.589,0.12047
46.927,0.12705
43.204,0.13998
49.084,0.11093
51.18,0.098739
41.634,0.14555
43.727,0.1242
42.535,0.12872
48.655,0.091032
38.582,0.17678
43.599,0.1218
38.468,0.19824
43.457,0.14364
37.84,0.17778
40.454,0.18203
39.415,0.16233
33.889,0.24455
41.564,0.15302
42.042,0.14417
42.048,0.14244
33.903,0.24054
38.508,0.18667
31.618,0.27092
33.389,0.2511
35.899,0.21193
38.726,0.17649
32.408,0.2605
38.694,0.18421
33.171,0.25556
40.812,0.21391
35.305,0.22287
42.295,0.1678
37.629,0.22272
33.46,0.25934
36.969,0.20205
33.35,0.24766
34.833,0.24552
30.914,0.28607
31.542,0.28866
32.2,0.27715
36.655,0.24225
32.631,0.27729
26.868,0.36254
27.991,0.3516
38.175,0.20366
34.625,0.23892
35.385,0.23348
28.488,0.31852
34.274,0.2473
35.633,0.21969
33.963,0.27297
26.487,0.37226
28.637,0.35214
26.138,0.37452
26.149,0.37264
23.411,0.42173
23.959,0.4083
25.737,0.39726
33.023,0.31577
24.279,0.42749
23.749,0.43363
22.993,0.4454
20.566,0.48449
22.981,0.43842
20.435,0.49599
16.627,0.5722
19.546,0.50831
16.495,0.58567
16.33,0.58408
24.803,0.46661
21.26,0.46723
18.032,0.54116
17.069,0.56964
17.58,0.54573
17.424,0.55065
20.448,0.48346
19.228,0.51628
16.236,0.6102
16.488,0.59257
15.795,0.61262
15.687,0.61203
18.78,0.51752
22.03,0.45817
21.41,0.48444
20.697,0.51125
22.664,0.46062
15.364,0.61013
19.328,0.50453
18.72,0.5461
21.131,0.4934
21.108,0.479
21.996,0.46225
21.757,0.47198
20.067,0.50672
20.84,0.48226
17.357,0.56826
18.258,0.54653
18.561,0.52592
16.396,0.58923
17.307,0.56526
15.681,0.6113
23.611,0.4392
22.411,0.45827
18.737,0.54229
19.026,0.52852
18.08,0.53658
17.68,0.54901
17.518,0.5439
15.887,0.58159
16.445,0.56882
17.026,0.57618
18.924,0.53387
18.283,0.53176
18.32,0.5335
16.449,0.58162
18.325,0.54073
17.201,0.56215
17.026,0.56588
17.589,0.55865
17.269,0.56145
15.161,0.61863
16.184,0.59563
15.334,0.62358
16.704,0.57743
15.447,0.60056
18.089,0.54133
17.624,0.55053
14.82,0.6223
15.718,0.59551
15.683,0.58912
16.437,0.58458
16.408,0.57703
15.741,0.59055
15.552,0.58732
15.488,0.61642
14.075,0.63976
16.59,0.57333
20.398,0.49666
17.574,0.54571
17.58,0.54758
17.619,0.55541
9.7862,0.7429
15.134,0.61578
16.158,0.58865
18.369,0.5242
18.883,0.51534
20.773,0.48567
19.286,0.51339
11.952,0.6708
5.6621,0.88769
6.1744,0.84924
7.2626,0.82306
16.352,0.564
16.556,0.5608
11.184,0.68929
11.512,0.67466
17.199,0.5621
17.67,0.5475
11.202,0.68029
10.556,0.70708
10.673,0.70512
17.26,0.54806
15.94,0.57999
15.754,0.57854
15.465,0.59232
14.702,0.61226
14.691,0.6137
14.545,0.61739
16.432,0.56329
16.956,0.55202
15.631,0.59282
15.08,0.5919
17.791,0.5261
16.533,0.54539
8.4402,0.74011
18.52,0.52428
16.643,0.555
16.15,0.57647
15.27,0.58594
15.163,0.5904
16.639,0.54606
16.394,0.56694
16.605,0.56215
16.727,0.5607
16.655,0.54735
6.5549,0.83757
17.536,0.53941
17.895,0.5214
17.899,0.52862
17.58,0.53762
17.253,0.54209
18.601,0.50221
18.336,0.51146
17.93,0.52338
16.567,0.55
15.346,0.58456
15.668,0.57848
8.1526,0.75108
18.134,0.53501
15.377,0.58025
13.43,0.62731
12.091,0.65111
10.62,0.7012
14.532,0.60816
5.5863,0.89257
14.779,0.60391
5.7754,0.87188
7.3314,0.80949
19.33,0.51644
12.704,0.63595
16.55,0.55794
17.116,0.53634
16.897,0.54618
15.261,0.57899
17.957,0.51947
18.269,0.51132
7.9202,0.7704
18.422,0.53543
14.809,0.59061
7.5303,0.79095
15.75,0.57372
10.236,0.70157
18.962,0.5047
12.849,0.63373
11.982,0.64517
11.253,0.66515
12.108,0.64437
12.785,0.63792
22.093,0.46578
16.583,0.55022
20.457,0.48768
11.737,0.65453
11.972,0.6463
17.612,0.51894
15.987,0.55766
17.214,0.52996
17.836,0.51938
16.885,0.53999
16.455,0.54908
15.347,0.56777
11.842,0.65383
16.38,0.5472
16.682,0.54978
15.871,0.56315
11.884,0.64932
17.249,0.52865
16.539,0.54166
15.445,0.56617
16.199,0.53437
15.841,0.54954
15.205,0.5647
16.393,0.53489
14.782,0.58536
14.288,0.59537
14.946,0.57448
14.924,0.57922
16.407,0.53652
16.519,0.54603
17.766,0.51157
16.571,0.54621
16.661,0.54006
16.685,0.53767
17.367,0.5264
7.5066,0.76812
18.256,0.50773
7.8267,0.76077
7.7855,0.75392
7.6874,0.76306
16.963,0.53737
18.818,0.48728
16.308,0.53813
14.289,0.58575
15.088,0.56357
19.162,0.50537
16.404,0.54331
14.911,0.57376
14.928,0.57917
7.0878,0.78621
7.3171,0.7828
7.2773,0.77809
15.303,0.56979
11.575,0.63059
11.601,0.63686
8.7649,0.71385
7.7453,0.76787
18.342,0.49875
20.714,0.46745
8.8291,0.70958
8.8605,0.71925
7.4571,0.76263
8.7226,0.72845
16.921,0.53607
8.1499,0.74558
16.488,0.53495
8.033,0.74517
14.405,0.58658
13.397,0.61774
16.403,0.54828
12.822,0.61956
8.7847,0.74246
9.4188,0.71513
9.1672,0.72162
11.748,0.66231
6.5511,0.81993
8.6107,0.74026
14.824,0.56642
12.363,0.63176
10.895,0.6684
14.051,0.59535
13.12,0.61172
13.075,0.62277
9.5064,0.71254
11.89,0.65534
14.537,0.58367
12.423,0.63099
9.944,0.69986
9.5215,0.7156
6.5638,0.80868
10.648,0.67861
10.359,0.68695
9.4526,0.72332
9.7024,0.70515
6.0876,0.84277
12.146,0.63817
9.39,0.73005
6.7835,0.81515
6.6271,0.82511
7.9268,0.75705
7.4608,0.7775
7.9478,0.73639
15.229,0.5554
12.957,0.60136
14.196,0.574
14.809,0.56671
14.19,0.58315
11.357,0.66814
16.234,0.53516
15.149,0.57846
8.4012,0.72807
13.73,0.60012
12.045,0.65089
12.525,0.61166
10.913,0.65808
15.465,0.55969
9.9622,0.69663
10.906,0.66428
10.251,0.68889
10.801,0.66583
17.057,0.53072
10.274,0.67607
14.52,0.5846
6.457,0.80402
14.006,0.58996
6.6588,0.78927
5.8807,0.83871
6.3291,0.81933
12.966,0.61517
6.2045,0.82577
5.9195,0.84517
11.491,0.66208
5.5722,0.86435
13.052,0.61476
6.3307,0.83908
5.2037,0.8824
11.503,0.66041
7.4357,0.77398
7.5785,0.76797
7.4599,0.77715
7.6667,0.75608
8.861,0.72083
7.904,0.74333
7.4781,0.76591
7.1703,0.78469
6.0208,0.82812
14.535,0.56921
8.2106,0.73288
13.467,0.59916
8.3215,0.71696
15.886,0.54441
14.235,0.58133
13.167,0.61093
13.162,0.60758
14.121,0.57807
11.007,0.6567
14.64,0.57379
18.067,0.51514
10.475,0.67753
13.153,0.60723
13.372,0.5987
8.8221,0.71247
17.05,0.52581
16.909,0.53619
11.356,0.65778
11.232,0.66539
10.419,0.69744
12.135,0.63673
11.556,0.65363
10.871,0.6794
10.101,0.70779
10.872,0.67849
11.193,0.66532
10.936,0.68489
17.145,0.55077
9.7544,0.71572
9.2091,0.72049
11.168,0.67294
9.0117,0.73147
7.4923,0.79238
7.4004,0.79396
13.357,0.62767
6.1436,0.84163
6.3269,0.83132
8.4315,0.73812
6.867,0.79386
9.7919,0.69471
16.026,0.55583
8.8693,0.72978
9.8702,0.68962
8.5919,0.73612
6.0721,0.84832
6.6635,0.81323
10.009,0.70235
13.944,0.58148
14.605,0.59295
6.9951,0.79892
6.5079,0.81045
7.1697,0.78124
9.4192,0.70801
8.7345,0.74085
6.9467,0.80133
8.7507,0.7359
9.2392,0.72016
6.9896,0.79584
6.7787,0.80983
9.9144,0.70812
10.817,0.66177
8.3115,0.75326
9.7998,0.68282
18.115,0.4999
14.515,0.57015
12.113,0.63458
11.91,0.64311
15.038,0.56622
14.887,0.55721
12.696,0.62312
13.934,0.58441
12.312,0.63143
16.299,0.54675
17.111,0.5273
15.617,0.56983
13.615,0.60799
8.2734,0.74801
13.484,0.60659
14.273,0.58709
14.685,0.58483
12.278,0.639
14.072,0.58592
13.858,0.59809
12.077,0.6441
13.455,0.61065
6.5857,0.81617
7.3216,0.78239
8.5323,0.72904
8.1855,0.74443
10.84,0.66665
11.716,0.64278
14.403,0.56882
11.348,0.64778
11.66,0.64232
11.866,0.63717
11.228,0.65774
14.784,0.56859
7.5227,0.76488
10.864,0.66008
11.359,0.65876
9.6917,0.70642
11.64,0.65031
14.349,0.5718
12.333,0.63108
11.388,0.65653
11.687,0.64198
11.593,0.64746
11.18,0.657
11.836,0.64223
11.608,0.65623
13.875,0.59543
13.725,0.59834
11.036,0.66788
8.5987,0.73658
11.618,0.64857
12.412,0.63266
10.859,0.66474
10.559,0.68057
7.512,0.78208
8.9526,0.7191
11.108,0.66175
9.2024,0.70962
7.1754,0.77373
7.4803,0.76634
11.378,0.65718
11.377,0.65602
10.468,0.68493
10.868,0.6669
10.695,0.67772
10.8,0.6684
8.1197,0.75485
8.0194,0.75476
7.6823,0.76137
7.8438,0.75664
8.8417,0.71505
11.062,0.6635
8.6918,0.72557
11.08,0.6583
11.505,0.65154
7.4183,0.78375
12.38,0.62433
10.836,0.67016
10.864,0.67359
11.517,0.64831
10.982,0.66646
7.1217,0.79356
7.0748,0.78336
16.571,0.54234
12.809,0.61975
12.167,0.63707
13.715,0.58849
12.737,0.6168
10.919,0.67035
10.29,0.67517
12.192,0.6342
12.876,0.61462
11.851,0.64237
7.7783,0.7556
9.3979,0.69553
12.693,0.61063
11.276,0.65242
9.0863,0.70737
12.034,0.63393
13.255,0.60014
9.2867,0.70611
13.49,0.60525
11.924,0.6452
11.009,0.66192
12.519,0.62515
9.4082,0.71024
11.249,0.6444
12.89,0.60099
12.612,0.61408
11.835,0.64568
11.521,0.64235
11.566,0.64471
12.078,0.6365
11.437,0.65534
11.149,0.66062
10.832,0.67212
10.795,0.67353
9.6935,0.70669
10.197,0.68479
9.488,0.72153
10.677,0.66928
10.152,0.70093
10.503,0.67888
10.382,0.68659
11.626,0.64742
10.746,0.66679
11.918,0.63108
9.4486,0.72021
10.524,0.67515
10.928,0.66465
9.3802,0.69639
11.731,0.63664
11.486,0.65479
6.6273,0.81023
8.4224,0.75213
11.127,0.65832
8.1995,0.75323
8.24,0.74753
11.234,0.65591
10.75,0.67505
12.472,0.62391
11.963,0.63689
14.88,0.55114
10.711,0.67161
16.654,0.53352
14.714,0.57864
12.491,0.62598
12.594,0.62378
11.703,0.64142
11.912,0.63739
13.168,0.61304
12.828,0.61107
11.431,0.65585
15.699,0.5593
7.4538,0.75929
9.1393,0.71964
14.514,0.5828
10.295,0.67209
8.7516,0.73494
11.553,0.66212
9.095,0.7226
10.43,0.67958
11.324,0.65799
7.4818,0.76192
7.4242,0.76274
14.448,0.59025
13.39,0.58688
13.55,0.59174
12.3,0.62361
11.593,0.64474
13.898,0.58328
14.852,0.57531
11.946,0.63709
11.133,0.64019
10.525,0.68476
11.783,0.63598
11.047,0.66974
11,0.65897
14.931,0.56725
10.968,0.65032
15.611,0.5638
17.496,0.51732
15.141,0.56861
13.034,0.61748
11.613,0.64879
15.23,0.56602
15.57,0.56293
13.275,0.61802
11.762,0.64752
11.871,0.64523
12.433,0.60114
14.891,0.55078
14.391,0.55834
12.406,0.59276
12.654,0.58352
12.132,0.60707
19.667,0.48801
10.846,0.64888
10.88,0.64554
11.658,0.62561
11.6,0.63302
20.386,0.47901
13.368,0.60099
11.213,0.63203
10.087,0.65873
11.782,0.62943
11.622,0.6254
11.587,0.61718
9.7281,0.6711
12.902,0.58399
9.8637,0.66906
11.286,0.62472
10.816,0.64422
11.666,0.61845
12.592,0.59633
12.009,0.60502
13.051,0.56952
12.419,0.5982
14.55,0.57684
17.273,0.52274
12.67,0.59358
12.081,0.59846
12.716,0.59182
11.005,0.63365
12.205,0.6017
11.379,0.61821
13.084,0.57158
13.365,0.57146
12.735,0.58945
11.815,0.61875
12.71,0.59709
12.366,0.60961
13.1,0.57371
12.552,0.59683
13.182,0.58174
12.44,0.59904
11.994,0.61035
11.36,0.62895
10.221,0.65702
11.427,0.62645
11.748,0.62241
11.678,0.62399
12.696,0.58982
10.952,0.64851
11.478,0.6274
16.848,0.52448
11.734,0.62454
11.187,0.63168
10.817,0.64174
11.534,0.62304
10.535,0.65428
13.064,0.58316
10.293,0.66627
12.72,0.59275
11.39,0.63567
11.741,0.62215
11.678,0.62505
11.85,0.62398
13.114,0.58488
12.245,0.60541
11.702,0.61879
11.771,0.62404
13.499,0.59339
12.433,0.59698
11.701,0.62898
11.916,0.60575
12.44,0.59812
13.115,0.58207
12.548,0.59996
11.124,0.65001
11.674,0.62045
11.837,0.62263
11.902,0.6114
11.57,0.62133
10.028,0.66711
11.196,0.65201
9.8851,0.6781
9.2915,0.69514
8.443,0.73254
9.285,0.70044
9.148,0.70832
8.7563,0.71638
11.334,0.63224
10.253,0.66738
9.8952,0.68539
19.481,0.47568
11.017,0.63901
9.9104,0.67032
11.092,0.63461
10.283,0.65653
10.167,0.66385
9.9468,0.67361
9.7493,0.68042
10.443,0.66485
10.51,0.65464
18.641,0.50302
9.7123,0.67874
14.303,0.55435
19.947,0.4877
23.615,0.43102
12.694,0.62171
21.104,0.46835
22.236,0.45057
16.293,0.54492
19.657,0.4897
13.111,0.60631
13.421,0.5988
17.299,0.52809
17.312,0.52461
14.255,0.57941
18.446,0.49293
12.714,0.59856
12.234,0.60617
11.965,0.62028
11.834,0.61785
16.635,0.53701
12.762,0.58796
11.913,0.61958
11.073,0.64223
11.852,0.62008
10.915,0.64966
11.68,0.62296
11.59,0.62368
12.747,0.58718
14.495,0.55209
13.294,0.57844
12.41,0.60503
13.913,0.56814
9.9419,0.66929
12.474,0.60484
13.146,0.58502
11.898,0.62132
12.9,0.58835
16.44,0.53417
19.5,0.4847
11.228,0.63324
12.96,0.5963
18.421,0.50143
19.04,0.49149
13.548,0.57606
14.795,0.56869
12.49,0.60647
16.762,0.53539
13.096,0.58933
20.885,0.46245
17.3,0.52413
14.038,0.56888
13.604,0.59706
9.9564,0.66847
14.617,0.56801
12.949,0.58495
13.056,0.60697
11.649,0.61754
17.296,0.52038
12.357,0.62539
11.062,0.64071
11.616,0.61874
11.791,0.61838
13.918,0.56702
9.5116,0.67648
8.8002,0.69872
16.361,0.53256
12.609,0.61058
12.066,0.6289
11.754,0.63198
11.419,0.63829
15.298,0.55934
16.78,0.52469
8.7558,0.70947
8.3562,0.72097
13.285,0.57402
12.136,0.58734
16.958,0.52316
17.133,0.51251
17.364,0.5123
17.356,0.51316
13.347,0.59001
13.017,0.60321
15.876,0.54397
15.949,0.5334
12.116,0.59483
15.927,0.53875
14.074,0.54803
18.784,0.49119
17.803,0.50583
18.662,0.49852
19.553,0.47329
18.171,0.50427
15.649,0.5564
17.068,0.50958
19.913,0.47303
16.032,0.54694
12.014,0.60993
10.107,0.68165
22.046,0.43661
18.925,0.48905
16.872,0.52297
18.426,0.50428
18.274,0.50697
17.701,0.51794
15.966,0.55306
18.26,0.5027
14.187,0.5912
12.305,0.6315
16.41,0.54029
17.413,0.51833
16.869,0.52755
13.35,0.5855
23.071,0.43786
19.049,0.47878
12.356,0.61642
18.797,0.48701
13.563,0.58691
12.88,0.60371
17.171,0.52625
12.461,0.59906
17.143,0.51429
9.3166,0.68223
17.622,0.50298
16.26,0.53622
16.17,0.53612
16.105,0.54357
17.561,0.51365
17.272,0.5231
18.236,0.50453
14.751,0.57462
16.392,0.53237
13.946,0.59187
18.181,0.50197
15.899,0.54276
12.654,0.60151
12.524,0.62059
13.015,0.61012
11.401,0.65737
12.153,0.629
13.008,0.60853
13.609,0.59507
11.904,0.64107
14.186,0.57653
12.495,0.6244
16.694,0.53542
16.458,0.53446
9.9804,0.66044
13.79,0.57801
10.208,0.65829
18.304,0.49105
16.876,0.53068
14.221,0.5815
20.043,0.47509
16.894,0.52345
19.972,0.46904
15.314,0.55455
18.024,0.50801
15.349,0.5587
15.018,0.54443
17.273,0.51644
16.962,0.51824
13.385,0.56707
17.067,0.51813
14.984,0.56008
15.42,0.55125
16.944,0.52683
10.584,0.65354
12.754,0.58838
15.647,0.55094
15.078,0.549
14.732,0.55996
14.012,0.58505
12.31,0.59296
9.0278,0.69841
13.525,0.5945
9.5335,0.6764
18.678,0.49491
17.742,0.50794
17.551,0.51714
17.377,0.51999
16.023,0.54781
13.987,0.58468
15.972,0.53716
16.012,0.54451
16.108,0.5415
16.006,0.53905
15.242,0.56151
16.428,0.52618
15.54,0.54757
12.284,0.59767
16.221,0.54032
15.989,0.54568
15.907,0.54761
15.846,0.54759
13.568,0.59021
9.8886,0.66825
14.499,0.57037
11.942,0.63402
13.879,0.5846
12.438,0.60038
12.203,0.60464
15.622,0.54695
9.7925,0.67167
16.528,0.53385
13.213,0.62094
12.977,0.62713
12.295,0.58271
12.317,0.60335
11.235,0.63166
15.404,0.55593
11.358,0.64918
20.061,0.48795
10.506,0.65907
16.924,0.52973
15.954,0.54682
15.244,0.56496
17.219,0.5215
17.043,0.52637
13.108,0.59432
15.284,0.56026
16.144,0.54667
15.353,0.55977
16.26,0.53587
15.556,0.55815
14.562,0.58057
19.044,0.48608
16.807,0.53181
17.73,0.51388
16.101,0.54155
15.762,0.54996
13.241,0.60415
12.369,0.621
12.71,0.61485
16.238,0.53732
16.707,0.5349
18.212,0.50224
16.534,0.53344
12.114,0.60443
19.888,0.47887
17.66,0.50372
12.426,0.61388
12.055,0.63154
13.557,0.59548
9.6896,0.68822
18.513,0.49357
15.337,0.54608
12.239,0.60162
12.31,0.6026
18.333,0.50033
18.13,0.50084
12.737,0.59283
15.916,0.54421
15.569,0.5532
14.856,0.57476
19.343,0.48352
15.843,0.54215
19.794,0.48069
15.511,0.54855
10.296,0.67793
16.046,0.54046
18.918,0.48892
17.29,0.5138
16.481,0.53424
17.103,0.51984
17.684,0.509
15.663,0.54835
16.087,0.54147
15.615,0.54132
16.585,0.53194
14.043,0.58007
15.207,0.55581
16.983,0.53063
16.742,0.52364
13.906,0.58593
14.772,0.57036
14.989,0.56478
9.2687,0.70438
13.982,0.5865
16.49,0.51727
15.957,0.53721
16.239,0.53006
16.144,0.53213
16.423,0.52519
15.482,0.5512
14.607,0.56524
16.736,0.52663
14.475,0.56932
15.875,0.5461
14.057,0.58496
14.389,0.57438
13.961,0.57895
13.988,0.58732
13.889,0.58935
14.836,0.56835
14.398,0.57759
13.725,0.59643
14.804,0.56759
13.305,0.60056
13.109,0.60699
14.377,0.57398
12.609,0.61716
14.287,0.57657
14.207,0.58546
13.283,0.59939
13.174,0.60566
13.298,0.60079
13.42,0.60374
14.408,0.576
13.269,0.60846
12.609,0.61874
13.076,0.61301
13.721,0.58818
13.761,0.59756
13.94,0.58889
14.801,0.55839
11.631,0.64065
17.692,0.50906
14.531,0.57553
14.683,0.56572
14.276,0.57976
13.84,0.59031
13.571,0.59552
13.602,0.59483
14.15,0.58048
12.198,0.63698
12.632,0.62305
16.286,0.52605
14.993,0.56098
13.981,0.59048
14.467,0.57918
13.898,0.59416
14.683,0.57152
14.004,0.5888
13.689,0.6014
14.801,0.56833
13.735,0.59008
13.341,0.60513
16.037,0.54212
14.407,0.5616
16.55,0.52688
15.785,0.54374
14.333,0.56987
13.75,0.59622
14.269,0.56606
14.764,0.56932
13.12,0.60971
13.886,0.58652
13.992,0.58635
11.863,0.63735
13.325,0.59503
18.853,0.5009
18.288,0.51083
14.421,0.57482
14.94,0.56468
14.947,0.56308
14.566,0.57456
14.541,0.56896
15.39,0.54731
14.894,0.5682
15.088,0.55778
15.641,0.54274
13.979,0.5877
14.758,0.56254
13.304,0.60637
14.683,0.56802
15.284,0.55078
14.907,0.57034
14.82,0.57227
15.033,0.5643
14.446,0.57749
14.866,0.56509
16.306,0.53122
14.019,0.58148
13.788,0.59097
18.372,0.49131
21.125,0.45702
15.739,0.54335
14.731,0.5612
14.001,0.57655
15.166,0.55547
15.348,0.56431
15.868,0.54016
17.51,0.51951
16.296,0.53787
20.04,0.47283
15.581,0.54567
10.925,0.65029
13.369,0.60045
15.627,0.53866
12.291,0.61706
13.337,0.60977
12.398,0.61062
12.783,0.60249
11.796,0.62577
12.025,0.62627
13.361,0.58342
15.768,0.53419
14.143,0.5687
13.665,0.58382
14.688,0.55925
14.477,0.56527
11.495,0.63733
9.8889,0.68268
14.49,0.56367
10.217,0.67318
14.269,0.57298
15.852,0.54006
12.957,0.6022
11.857,0.62036
10.731,0.65025
16.259,0.52416
16.171,0.5356
10.564,0.6651
15.187,0.5573
16.808,0.52389
10.273,0.67616
10.751,0.66338
15.119,0.55391
10.982,0.65709
9.5518,0.69122
12.757,0.60948
9.6997,0.68635
14.287,0.56505
12.595,0.59336
11.761,0.62205
13.669,0.57567
10.906,0.63746
10.072,0.66827
9.8346,0.66942
12.054,0.61822
13.45,0.58078
13.31,0.58264
13.987,0.56799
10.476,0.66179
10.497,0.64091
12.128,0.6092
12.292,0.59812
14.454,0.54802
13.339,0.5787
12.631,0.59989
14.138,0.55916
13.18,0.58221
12.709,0.59114
13.103,0.57862
13.47,0.5687
13.329,0.57539
9.0841,0.68223
7.6552,0.72231
8.4664,0.69289
12.662,0.58765
13.069,0.5747
7.5634,0.7326
12.348,0.60524
12.316,0.60511
8.9131,0.68633
10.813,0.63103
11.727,0.62001
9.6766,0.66614
11.164,0.61534
9.6432,0.65811
12.75,0.58601
12.018,0.60864
12.55,0.59619
10.074,0.64879
13.842,0.56166
17.161,0.50991
11.382,0.61226
10.454,0.64236
10.474,0.63561
10.888,0.62859
7.176,0.73499
6.8534,0.75053
7.9876,0.69687
6.6221,0.75768
5.7305,0.80075
9.479,0.6594
10.07,0.63752
9.9116,0.64832
10.045,0.63826
9.7256,0.65294
10.263,0.64138
10.159,0.63487
11.966,0.59108
10.189,0.63252
9.3646,0.66489
9.259,0.66064
8.6585,0.68598
9.31,0.65524
8.7701,0.67884
8.7429,0.68039
8.9395,0.66761
9.7734,0.64048
8.699,0.68005
7.2914,0.72201
7.2454,0.71731
8.2667,0.68475
5.153,0.80652
8.7469,0.66064
7.0098,0.72823
7.2939,0.71647
10.003,0.62794
7.1496,0.72058
9.6876,0.63473
9.4753,0.64124
8.8063,0.66078
8.1799,0.68437
8.784,0.65856
8.4646,0.67299
7.917,0.68834
7.794,0.69338
7.6513,0.68779
7.7601,0.69202
7.3672,0.70576
7.7363,0.69355
5.6017,0.77458
8.0614,0.67408
10.016,0.62364
7.272,0.69765
8.6925,0.65251
9.1123,0.63714
9.0818,0.63473
8.4583,0.65502
9.0509,0.63564
8.8282,0.64078
8.3028,0.66266
8.5911,0.65295
7.6799,0.68277
8.7045,0.64542
8.4405,0.65669
7.4007,0.68578
7.4217,0.68329
7.8213,0.66959
7.2004,0.69469
7.7434,0.67275
7.4465,0.68332
7.3034,0.68729
6.9917,0.69764
5.9929,0.73508
7.0293,0.69543
8.0819,0.65623
7.3165,0.68219
5.0515,0.7748
7.8939,0.65626
6.7575,0.70135
7.5903,0.66662
7.9671,0.65505
7.6298,0.6616
8.8359,0.63647
7.1541,0.67847
8.1197,0.6447
7.2967,0.66779
7.4962,0.66329
7.5184,0.65766
7.475,0.65613
10.168,0.58592
8.7755,0.61037
8.3386,0.63945
9.7562,0.59254
9.6683,0.59837
9.7489,0.59259
9.0696,0.61547
8.158,0.64578
8.5445,0.62825
7.3631,0.66971
9.0179,0.61051
8.6726,0.62412
8.8987,0.61362
6.6889,0.69006
10.295,0.57432
8.3811,0.62092
9.0849,0.60198
7.0818,0.6713
6.987,0.67164
6.9477,0.66837
8.6272,0.6161
8.1063,0.6376
7.3062,0.66488
7.5433,0.65672
6.4633,0.68822
7.3169,0.65142
7.3918,0.64242
7.9725,0.64483
6.4548,0.68767
5.8479,0.71977
6.5711,0.68552
7.7143,0.64599
7.659,0.64464
6.6178,0.68509
6.5033,0.68623
6.362,0.68569
6.8478,0.6621
6.8859,0.66438
6.5394,0.68079
8.9269,0.60353
5.8071,0.71333
6.7443,0.66806
5.5802,0.72792
5.9376,0.70789
7.6754,0.64566
7.0764,0.66826
6.0742,0.70311
7.5841,0.6471
5.855,0.71749
5.8891,0.70793
2.8921,0.88333
3.9253,0.80342
5.4935,0.72798
3.2145,0.84887
6.4684,0.682
3.6525,0.82033
3.8031,0.80938
3.9854,0.79367
5.2621,0.73476
4.4132,0.77132
4.5835,0.76319
4.1429,0.78611
3.6615,0.81597
4.1973,0.7751
3.0308,0.86894
4.848,0.75759
1.9521,0.97401
2.4693,0.9067
2.9075,0.86984
2.7465,0.88875
4.3004,0.77954
3.0684,0.85592
4.5777,0.75185
3.5815,0.80959
2.94,0.87222
3.9263,0.79527
4.6981,0.75384
3.063,0.86258
3.8673,0.80653
3.9141,0.8015
2.6658,0.89783
3.7651,0.80579
5.1484,0.73063
6.0093,0.68955
5.4455,0.71976
3.1984,0.83976
4.4613,0.76755
4.833,0.74135
4.9401,0.73404
3.2051,0.83371
5.0208,0.7313
3.3694,0.82232
4.318,0.76223
4.2124,0.77511
6.7994,0.65563
2.6465,0.87713
3.2813,0.82594
3.566,0.80918
2.5942,0.87879
3.8385,0.78733
3.3304,0.82744
2.6678,0.88188
2.7391,0.86337
4.1805,0.75914
3.1663,0.83321
1.9792,0.94268
3.2134,0.83573
3.4261,0.81066
2.7415,0.8622
5.1977,0.70647
7.229,0.63628
5.0295,0.71776
2.6728,0.86799
2.9179,0.84214
2.723,0.85936
3.1378,0.82307
2.7394,0.85704
2.7414,0.85789
2.4193,0.89032
2.6117,0.86603
2.5501,0.88019
2.6147,0.8654
2.7261,0.85399
2.1649,0.90948
2.3257,0.89206
6.5733,0.64776
2.0489,0.9213
1.9695,0.93382
7.8004,0.61704
6.3373,0.66663
3.0812,0.82466
2.8488,0.84462
2.6265,0.85757
2.2525,0.90029
2.3764,0.8833
2.2021,0.90518
2.376,0.88421
2.6557,0.85427
2.3815,0.88317
2.7954,0.83902
2.5479,0.86545
2.5863,0.86095
2.028,0.92158
2.8302,0.83599
6.6798,0.64414
2.6261,0.85073
4.4923,0.72765
2.3087,0.88402
2.0891,0.91285
2.4284,0.87378
2.2541,0.89245
2.4469,0.86959
2.3841,0.87462
2.4411,0.86438
2.2167,0.89339
2.7276,0.83703
2.3963,0.87267
2.205,0.88974
2.6983,0.84153
1.9996,0.91515
3.0295,0.80867
2.3284,0.86852
1.8607,0.92484
1.9646,0.90984
1.9371,0.91454
2.3632,0.86755
2.1258,0.89571
2.0374,0.9061
1.8378,0.93239
2.3484,0.8689
1.9244,0.92083
2.0803,0.89942
2.088,0.89557
2.2302,0.87774
2.0937,0.8966
2.2536,0.8758
2.2139,0.8789
2.0418,0.89803
2.1314,0.88922
2.0405,0.89978
3.3898,0.77618
2.4192,0.85068
2.396,0.85365
2.1636,0.87843
2.3635,0.85655
2.0819,0.88246
2.2525,0.86464
2.4844,0.84337
2.0781,0.88704
2.1662,0.87513
2.2244,0.86784
2.212,0.87083
2.0276,0.89668
2.0016,0.89412
1.9806,0.89695
2.2915,0.85432
2.089,0.87952
1.8607,0.90893
2.5186,0.83318
1.9487,0.89855
1.9167,0.9013
2.633,0.82035
2.2845,0.85465
2.1089,0.87238
2.1565,0.86905
2.6807,0.8207
2.5413,0.83274
2.2436,0.86254
3.3483,0.76414
2.0079,0.89113
2.0084,0.8891
2.4192,0.84246
2.2708,0.85745
2.1146,0.87544
2.5089,0.82907
2.2509,0.85837
5.7771,0.65404
2.3124,0.85536
2.4731,0.84213
2.0173,0.88734
1.764,0.91876
2.0707,0.87748
2.4696,0.83746
2.0211,0.88626
2.3615,0.84753
1.9661,0.88982
2.104,0.87277
2.1452,0.86614
1.4662,0.95936
1.5667,0.94902
1.9917,0.88463
2.2117,0.85543
1.9329,0.88997
1.9151,0.89302
2.2909,0.84913
1.9036,0.89356
2.0905,0.87223
1.9965,0.88206
1.9725,0.88382
1.8913,0.89886
1.5462,0.9438
1.6523,0.93303
1.945,0.89511
2.1614,0.87037
1.9979,0.88721
1.8634,0.90602
1.8143,0.90726
2.0405,0.88419
1.9107,0.89271
2.8654,0.79742
2.8136,0.80235
2.1636,0.86642
1.9722,0.89078
1.7699,0.91348
2.1176,0.86868
1.9827,0.88363
2.244,0.85108
2.5846,0.82129
2.0993,0.87055
2.2702,0.85033
1.8383,0.90805
2.3598,0.84292
2.0929,0.87269
1.9419,0.89099
2.1691,0.86153
2.1619,0.8596
2.2622,0.8477
1.9763,0.88567
2.0916,0.87071
1.9106,0.89188
2.5515,0.81627
1.9401,0.89385
2.037,0.87609
2.0482,0.87572
2.028,0.87957
2.1192,0.86697
2.2851,0.84427
1.9919,0.8804
2.0758,0.87135
2.2695,0.84775
2.0278,0.87769
2.1447,0.86642
2.7159,0.8003
2.3366,0.83903
2.3408,0.83785
3.1473,0.77462
2.8545,0.79479
2.2865,0.84609
2.0332,0.87255
2.1491,0.85761
1.9389,0.88473
1.973,0.88843
1.8704,0.89577
1.8313,0.902
2.3964,0.84197
2.1213,0.86242
2.063,0.87372
2.0123,0.87904
1.912,0.89175
2.1126,0.86672
2.4521,0.83193
1.7964,0.90797
2.7104,0.80588
1.9798,0.88409
1.9881,0.88009
2.1795,0.858
1.9286,0.88909
2.1526,0.85961
2.0752,0.869
2.1052,0.86543
2.1081,0.86202
2.1621,0.85763
2.2108,0.85258
1.7665,0.90859
2.3415,0.84362
1.9096,0.88853
2.7142,0.80725
2.2002,0.86464
1.9339,0.88617
2.0652,0.86927
2.6025,0.80822
2.3235,0.83828
2.2939,0.83995
1.9004,0.8885
2.3769,0.83928
2.074,0.86473
2.1253,0.86063
1.6719,0.92219
1.8745,0.89335
2.2521,0.8474
2.779,0.79804
2.9965,0.77773
1.9903,0.87825
2.3612,0.84132
6.6873,0.60581
2.1984,0.85023
2.1759,0.85646
2.3277,0.8398
2.9012,0.78533
2.7349,0.80075
2.6052,0.81439
2.2791,0.84703
2.7129,0.80264
2.5224,0.82156
2.2487,0.85122
2.5031,0.82618
2.4527,0.82889
2.5319,0.82098
1.8088,0.89965
2.1137,0.86202
2.2551,0.84712
1.8331,0.89944
1.724,0.91442
1.9135,0.89055
1.9672,0.88175
1.9871,0.88154
1.9953,0.87773
1.9205,0.88934
2.1753,0.85407
2.0751,0.86888
2.5827,0.81268
2.5682,0.81082
2.2976,0.84214
2.7349,0.7949
1.9854,0.87545
2.3523,0.83159
2.2875,0.83899
7.3466,0.58329
2.4073,0.8285
2.5047,0.81744
2.3492,0.83667
6.4397,0.61394
7.2495,0.58326
2.0873,0.85596
5.9244,0.63568
6.5842,0.6099
2.137,0.85875
6.5566,0.61413
1.9042,0.88952
2.3249,0.83653
6.8029,0.59998
2.1035,0.86288
2.1651,0.85559
2.1774,0.85392
3.3284,0.75777
1.8869,0.88558
2.2842,0.84042
1.8382,0.89927
2.1168,0.86081
1.8355,0.89922
1.9061,0.89006
2.4325,0.82668
1.926,0.88225
1.9149,0.88868
1.9957,0.87205
6.682,0.60835
1.8734,0.89459
2.0007,0.87202
2.0678,0.86821
2.363,0.83236
2.1154,0.86117
1.9393,0.88165
2.4256,0.82265
2.4021,0.8265
2.3026,0.83726
2.178,0.85049
2.2613,0.83863
2.3997,0.83102
2.7836,0.78828
2.7107,0.79466
2.3505,0.83233
2.3616,0.82889
2.4483,0.81859
2.4062,0.8283
2.396,0.82763
2.5336,0.81521
2.5969,0.81032
2.6916,0.79769
2.3542,0.83332
2.788,0.78626
2.1875,0.85324
2.0727,0.86101
2.3228,0.83429
2.1376,0.85538
2.3844,0.82899
2.0492,0.86965
2.3923,0.82725
2.6138,0.80297
2.2823,0.84172
2.4541,0.82131
2.9605,0.7779
2.7849,0.79583
2.1357,0.85641
2.9664,0.77811
2.5906,0.80417
2.1806,0.85247
2.72,0.79194
2.222,0.847
2.1983,0.85054
2.3317,0.83378
2.0793,0.86529
2.1468,0.85897
2.1778,0.85054
1.9835,0.87296
1.8908,0.88676
1.7119,0.91543
2.1441,0.85928
1.8401,0.89565
1.8229,0.89729
1.8295,0.89992
2.3263,0.83502
2.0503,0.86855
2.0024,0.87332
6.6996,0.60394
1.9256,0.88362
2.0166,0.87034
2.2396,0.84174
2.3169,0.83225
2.2437,0.84266
2.3024,0.83787
2.3739,0.83359
2.3771,0.83568
2.3051,0.83562
2.1921,0.84977
2.4671,0.82394
2.2193,0.84321
2.0191,0.86854
1.9898,0.8708
6.7123,0.60324
2.6783,0.79559
2.5252,0.81333
2.3934,0.8265
2.2398,0.84557
2.1251,0.85909
6.6592,0.60444
2.4989,0.81928
2.219,0.84769
2.26,0.84369
1.8944,0.8861
2.3414,0.83073
1.4277,0.95233
2.2391,0.85263
1.9922,0.86971
1.7814,0.89726
1.7532,0.90544
1.6494,0.92051
1.7365,0.90849
1.7921,0.89433
1.8,0.90009
1.8472,0.89228
2.1193,0.85891
1.9518,0.87718
2.0381,0.86383
2.097,0.85807
2.1702,0.84859
2.4458,0.8223
2.7882,0.79204
2.4271,0.82378
2.0603,0.86335
2.1656,0.84836
1.9632,0.87513
2.1022,0.8554
2.2469,0.84391
1.9969,0.87174
6.5752,0.60139
1.6935,0.91516
1.8523,0.89037
2.3466,0.82832
1.921,0.87836
4.5668,0.68471
1.8432,0.89281
3.7434,0.73483
1.65,0.9175
2.1496,0.85167
2.066,0.8601
2.1463,0.84836
1.6868,0.9194
2.0564,0.86552
2.1985,0.84544
2.7402,0.80172
2.519,0.81666
2.8747,0.78345
6.5159,0.61053
2.5383,0.8173
1.8819,0.88563
2.2746,0.84004
2.2523,0.84273
2.0116,0.86736
1.9992,0.86612
1.7054,0.90827
2.5464,0.80518
2.0891,0.85642
2.502,0.80784
1.9572,0.8721
2.1777,0.84446
2.1417,0.84838
2.5673,0.80253
2.0214,0.86461
2.1492,0.84954
2.0808,0.8601
2.2845,0.83968
2.1737,0.84945
2.288,0.84153
2.0104,0.8723
2.6147,0.80668
2.6785,0.79327
2.3584,0.82689
2.9784,0.7678
2.0979,0.85916
2.4663,0.81649
2.3528,0.82698
2.5442,0.80581
2.8469,0.78309
2.5514,0.80371
3.1682,0.75862
2.0721,0.85888
2.3235,0.82968
2.9074,0.7807
2.9523,0.77882
2.575,0.80356
2.3599,0.82934
3.205,0.75368
2.4574,0.81698
2.6706,0.79392
2.2245,0.84184
6.5585,0.60333
2.3251,0.83024
2.6929,0.79763
2.5242,0.80788
7.479,0.56983
2.9696,0.77401
2.5705,0.80468
2.522,0.80856
2.5453,0.80747
2.5397,0.80936
2.6128,0.8052
2.1882,0.84579
2.1907,0.85106
2.2168,0.84232
2.3295,0.83306
1.9456,0.87667
1.9665,0.87798
1.98,0.87597
1.9093,0.88427
2.2368,0.84001
1.9114,0.88094
2.4684,0.81276
2.3477,0.82814
7.4009,0.57133
7.9274,0.55619
2.9263,0.77074
2.7771,0.78672
2.6245,0.79954
2.4472,0.82059
2.2444,0.83741
2.7247,0.79707
2.5123,0.81864
2.6952,0.79775
2.6151,0.80374
6.7098,0.60196
2.3958,0.82317
2.5876,0.80375
2.3845,0.82582
2.7988,0.78262
2.7858,0.78591
2.4781,0.81689
2.4973,0.81095
2.3298,0.83383
2.6526,0.79772
2.3776,0.82535
3.4194,0.73617
2.7867,0.78435
2.5391,0.8036
7.3838,0.57328
2.819,0.78005
2.1016,0.85056
2.7461,0.78239
8.2401,0.54354
2.2526,0.83483
2.5408,0.80643
2.5495,0.80469
8.1342,0.54673
2.4199,0.81554
2.3156,0.82723
2.2181,0.83523
2.2053,0.84159
2.4284,0.81845
2.0514,0.86057
2.0998,0.85239
2.2957,0.83041
2.3779,0.82257
2.5128,0.80776
2.1783,0.84443
2.0456,0.85843
2.58,0.80001
2.9592,0.77403
7.1896,0.58332
1.9774,0.8642
2.3806,0.81805
7.2752,0.57592
7.2936,0.57464
7.6012,0.5644
7.0295,0.5864
2.198,0.83862
7.4558,0.57244
7.6238,0.56275
6.8936,0.59283
2.5959,0.80838
2.0831,0.85488
2.5972,0.80387
2.4806,0.81356
1.9845,0.86823
2.4079,0.81714
2.214,0.8394
2.4566,0.81149
2.1993,0.84495
2.2189,0.83829
7.6498,0.56329
2.1182,0.8516
2.3863,0.82342
2.1015,0.85421
2.3873,0.82685
2.2348,0.83822
2.2918,0.84047
2.4041,0.82856
2.2572,0.83925
2.2894,0.83963
2.6287,0.80652
2.6116,0.81038
2.4492,0.82487
1.8957,0.8869
2.4185,0.82524
2.0581,0.85559
2.5943,0.80089
2.4944,0.80945
2.0909,0.85411
2.2747,0.82859
2.3842,0.81743
2.4004,0.82045
2.4006,0.81706
7.2886,0.5736
2.2552,0.83277
7.4924,0.56851
6.8516,0.59009
2.2168,0.83688
2.2699,0.8355
2.1562,0.84435
2.3371,0.82636
2.1801,0.84345
1.9386,0.87266
1.9087,0.8756
2.3434,0.82861
2.6537,0.79424
2.527,0.80824
2.0163,0.86123
2.2068,0.84264
1.7061,0.90106
3.0503,0.76478
2.4892,0.81247
3.0646,0.76304
2.4345,0.81636
3.131,0.76274
2.8301,0.78162
2.5118,0.81148
2.3198,0.83211
1.9439,0.87681
6.19,0.62044
2.2205,0.83952
6.0297,0.62283
2.1102,0.85429
2.1199,0.85119
6.4868,0.60868
2.5189,0.80761
2.7619,0.78505
2.4739,0.81263
2.3914,0.8262
2.8852,0.77258
2.8009,0.78239
2.2273,0.84209
2.304,0.83034
2.6011,0.79966
2.6762,0.79257
2.5988,0.79963
2.3559,0.81935
2.3565,0.82461
2.4921,0.80692
2.3595,0.82252
2.3192,0.83125
2.8345,0.78717
2.0887,0.85565
2.3972,0.82418
2.5158,0.81387
2.4115,0.82033
2.727,0.79076
4.6899,0.6717
2.6191,0.79944
2.2659,0.83735
2.4378,0.82018
2.3537,0.82838
2.5849,0.80279
7.1126,0.5807
2.9054,0.76997
2.8076,0.77952
2.8289,0.77695
2.3989,0.81904
2.3657,0.82227
2.3821,0.82141
2.6354,0.79569
2.4722,0.80883
2.5617,0.80294
2.7345,0.78734
2.6205,0.79461
2.7063,0.78845
2.8068,0.77626
2.2287,0.837
2.5871,0.79914
2.0874,0.85548
2.064,0.85971
2.7109,0.79238
2.4736,0.80911
2.6089,0.79969
2.5257,0.81443
2.7801,0.78404
8.3273,0.53846
3.1392,0.75538
2.9637,0.76618
6.5669,0.59918
2.6596,0.79367
2.2462,0.83722
2.03,0.8656
2.1687,0.84596
6.7898,0.59208
6.7983,0.59222
7.2858,0.57515
2.347,0.82582
2.3793,0.82023
6.9706,0.58648
2.389,0.81865
2.3483,0.82652
2.5185,0.80842
1.981,0.8756
6.6429,0.59873
2.3694,0.82829
7.1332,0.57997
6.4192,0.60989
6.846,0.59371
3.0738,0.77737
2.0365,0.86349
2.2626,0.8402
2.4224,0.82204
2.4501,0.81681
7.4865,0.56482
2.424,0.81728
7.1155,0.58121
6.3479,0.61209
6.8331,0.59383
6.6229,0.60103
1.8909,0.88509
6.5091,0.60563
2.1457,0.8524
5.9674,0.6276
6.7417,0.59805
6.6135,0.60326
2.6773,0.80129
6.5007,0.60388
7.3362,0.57107
1.9468,0.87108
2.7925,0.78488
2.5422,0.80139
2.6007,0.80369
2.2663,0.83482
2.6925,0.79441
2.4956,0.80269
2.3936,0.81645
2.667,0.79536
2.7368,0.78989
5.9732,0.62764
7.1136,0.58093
6.7075,0.59968
7.6924,0.56049
2.7265,0.78316
7.1836,0.57723
7.2263,0.57549
2.6043,0.79682
3.3093,0.74155
2.5301,0.80383
8.2421,0.54111
8.2014,0.54318
7.4323,0.57084
2.6694,0.79922
2.7245,0.78902
2.1829,0.84569
2.2645,0.83347
7.7062,0.55767
6.2098,0.61487
2.3186,0.82837
2.0956,0.85307
6.0661,0.62168
7.7006,0.56031
2.5501,0.80376
2.1304,0.85412
2.0676,0.86503
2.1108,0.85146
1.942,0.8749
2.9385,0.7727
2.2306,0.83329
2.5536,0.8042
2.3545,0.82231
6.6889,0.59632
6.5653,0.60146
6.8165,0.59269
7.0437,0.58329
2.027,0.85884
2.2326,0.83264
2.0107,0.85907
3.2554,0.74529
1.4709,0.9357
2.1969,0.83833
2.0829,0.85365
2.6287,0.79513
2.5743,0.79843
2.7274,0.78402
2.6365,0.79458
2.6243,0.79517
2.3094,0.83396
2.4226,0.82345
2.1784,0.84695
2.3403,0.82786
1.9779,0.86804
6.7508,0.59454
2.2033,0.83886
2.2978,0.83267
2.8136,0.78487
2.5407,0.80821
2.581,0.79964
2.3465,0.82567
3.1815,0.74872
2.0607,0.86627
1.8273,0.88822
2.14,0.84767
2.7583,0.78854
2.8742,0.77649
2.4027,0.81215
2.7067,0.79316
2.2291,0.83376
2.0849,0.85223
2.4056,0.82329
2.242,0.83454
2.233,0.84047
2.4929,0.80878
2.6081,0.79611
2.3704,0.82093
2.1992,0.83984
2.1012,0.85205
2.3378,0.82232
2.4293,0.81198
1.9752,0.86634
2.3336,0.82262
2.1639,0.83857
2.4925,0.80564
2.4693,0.80863
2.2076,0.83905
2.9181,0.77252
2.0188,0.86477
2.3139,0.8247
2.926,0.77365
2.3152,0.82708
2.8397,0.77859
3.5843,0.72199
3.1152,0.75859
2.7715,0.77809
2.3064,0.82673
2.2851,0.83181
2.2146,0.83884
1.8606,0.87822
2.7042,0.78764
7.134,0.57993
6.9961,0.58574
7.2486,0.57608
2.4821,0.81457
7.4029,0.57228
7.2644,0.57474
2.8185,0.78364
2.3089,0.82896
5.979,0.62323
2.4826,0.80677
2.0512,0.85843
2.4342,0.81505
2.6648,0.80049
2.826,0.78323
2.782,0.79078
2.9438,0.77353
2.3251,0.82584
3.4545,0.73232
2.3428,0.82417
6.7091,0.59472
2.6517,0.78893
3.1218,0.75651
2.6834,0.79735
2.5317,0.80692
3.1903,0.75215
2.4149,0.81828
2.1068,0.8471
2.557,0.80347
2.197,0.84014
2.2693,0.83496
2.2828,0.83019
1.9974,0.86068
2.0952,0.85088
1.7826,0.89068
2.3582,0.82801
2.5332,0.80841
2.43,0.8132
1.8908,0.87994
2.2047,0.83656
2.1713,0.84182
2.3048,0.82852
2.2648,0.83083
2.27,0.83188
2.5992,0.80492
1.8657,0.88447
2.1218,0.84946
2.1791,0.85059
1.9161,0.87719
1.9388,0.87244
2.2003,0.83727
2.0348,0.85868
2.3144,0.83095
2.1449,0.84506
2.3796,0.82386
1.9001,0.87745
2.3917,0.81785
1.9247,0.87147
6.6267,0.59916
7.0011,0.58495
2.3738,0.8202
2.4128,0.81684
2.3108,0.83003
2.7095,0.79659
2.1213,0.84896
2.7776,0.787
2.6737,0.79638
2.0889,0.85151
2.0537,0.85159
2.0283,0.85961
2.5778,0.79453
2.4087,0.81512
2.292,0.82648
2.0768,0.85446
2.5209,0.80929
2.3305,0.82681
2.2151,0.84043
2.2102,0.83614
2.1528,0.84422
2.2517,0.8302
2.6272,0.7983
6.7401,0.59352
6.7322,0.59273
2.2734,0.83538
2.287,0.8314
2.022,0.86211
2.8267,0.78375
2.2043,0.84089
2.4589,0.81022
2.6084,0.80426
2.2132,0.83693
2.8047,0.78413
2.3296,0.82409
2.301,0.83448
2.1061,0.84452
1.976,0.86268
2.0884,0.84764
2.8738,0.77506
2.814,0.78322
2.1133,0.84509
2.4457,0.81673
3.0138,0.76395
2.0515,0.85268
2.26,0.82746
2.2212,0.83395
1.943,0.8701
2.1424,0.8454
2.0412,0.85956
1.9604,0.86765
2.2791,0.82761
2.3936,0.8197
2.1561,0.84166
1.8479,0.88062
1.858,0.87929
1.9253,0.86971
2.2989,0.82515
2.1399,0.84786
1.866,0.8792
2.1624,0.84376
3.0717,0.76364
2.3618,0.81859
2.8007,0.78278
2.3047,0.82613
2.6076,0.79488
2.4615,0.81121
2.2063,0.83578
2.4762,0.80672
2.456,0.80759
2.4459,0.81096
2.129,0.84591
2.1537,0.84143
2.0295,0.85144
2.1807,0.8352
2.8333,0.77808
2.6978,0.79037
2.9333,0.76921
3.0465,0.7613
2.5116,0.79662
2.9851,0.76481
2.9616,0.76589
2.5888,0.80053
1.8924,0.87221
2.0534,0.85135
2.4434,0.80464
2.2743,0.82612
2.5214,0.79897
2.2517,0.82754
2.2126,0.83179
2.4913,0.80021
6.9206,0.58082
2.4937,0.80119
2.3997,0.80993
2.4564,0.80258
2.1113,0.84709
2.1193,0.84019
2.1782,0.83519
2.2346,0.82777
2.4135,0.81433
2.5539,0.79304
1.8928,0.86888
2.4547,0.80273
1.6318,0.90721
2.8121,0.77796
2.3613,0.81585
2.3147,0.81949
1.7216,0.8921
1.491,0.92892
1.5112,0.92747
1.6438,0.9027
1.7767,0.88388
1.8381,0.88391
1.7567,0.88711
2.0642,0.84339
1.9894,0.85182
1.8977,0.86686
1.8605,0.86924
2.8749,0.77459
1.4046,0.93819
1.9868,0.85449
2.131,0.83379
1.78,0.88131
2.8246,0.77113
1.954,0.85526
1.8661,0.86848
1.7178,0.88792
2.274,0.81984
2.1423,0.83415
2.0051,0.85119
6.5297,0.59058
3.1745,0.7503
3.4909,0.72438
2.031,0.8421
2.1885,0.82351
1.48,0.92349
1.5967,0.89758
2.5723,0.78499
2.9897,0.7387
1.6434,0.87888
2.0973,0.8114
1.9078,0.84049
1.8583,0.84731
1.7173,0.86822
1.8187,0.85657
1.9959,0.84264
2.113,0.82667
2.2661,0.80567
1.8578,0.8506
1.8196,0.8575
1.7518,0.87069
1.8353,0.85058
1.685,0.87154
2.0028,0.83203
1.7679,0.86969
1.8289,0.86282
2.1028,0.81505
1.6793,0.87542
1.8221,0.85297
1.9897,0.82701
1.8445,0.84677
2.1877,0.80658
1.7628,0.85875
4.1144,0.66258
2.099,0.81403
2.333,0.79019
2.0525,0.82333
2.137,0.80629
2.072,0.81065
1.7666,0.85865
3.6921,0.68304
2.0827,0.80849
3.2567,0.71691
3.4209,0.70636
3.4188,0.70481
1.967,0.82828
1.9674,0.82569
1.8728,0.83294
2.8975,0.74162
1.9876,0.81472
2.075,0.80461
2.6031,0.75778
7.9081,0.51523
1.7682,0.8454
2.3276,0.78879
2.0937,0.81512
2.0956,0.81147
1.8211,0.84993
2.1401,0.80386
1.7455,0.84212
1.7375,0.84472
2.6179,0.75779
2.3575,0.78529
2.7183,0.74641
2.8913,0.7318
2.8101,0.73842
2.6252,0.75507
3.7967,0.67054
3.4611,0.69448
3.5059,0.69406
2.31,0.78314
2.3336,0.78222
2.2628,0.78884
1.877,0.8279
1.8136,0.83553
2.0702,0.79983
1.6559,0.87329
1.993,0.81378
2.1634,0.80069
2.0401,0.81814
2.0923,0.80991
2.3438,0.77329
2.3198,0.77633
2.0793,0.8029
2.3097,0.77524
1.8981,0.81732
7.9331,0.50052
1.8287,0.82617
2.2421,0.78576
2.3499,0.77401
2.6409,0.74392
1.7046,0.84704
2.3223,0.7839
2.8203,0.7368
2.075,0.80654
2.6104,0.74788
2.7091,0.74206
2.3351,0.78027
1.5601,0.86786
2.0691,0.80803
2.2,0.787
2.6351,0.75009
2.3738,0.77402
2.1994,0.7949
2.6296,0.74501
2.9388,0.71682
2.319,0.77816
2.6407,0.7528
2.2918,0.78363
2.0511,0.80716
2.2537,0.77529
2.2871,0.77838
2.3013,0.76986
2.0327,0.79875
2.6861,0.73593
2.4989,0.7519
2.8374,0.72243
2.4528,0.76189
2.6927,0.73234
2.4227,0.76016
2.398,0.76507
1.9369,0.81621
3.7784,0.66019
3.7741,0.65595
2.642,0.74243
1.8437,0.81992
2.1961,0.77393
2.1418,0.78298
2.2896,0.76419
2.4526,0.74428
2.4801,0.74306
2.7421,0.72481
2.5072,0.74529
2.2201,0.77773
1.7368,0.83471
1.9511,0.80207
1.9339,0.80359
2.3636,0.75079
2.0161,0.78797
2.2145,0.77597
2.612,0.73242
2.2209,0.77781
2.1427,0.78007
2.4777,0.74316
1.943,0.81169
3.1837,0.6911
2.5436,0.75087
1.7841,0.82285
3.0911,0.7002
2.2479,0.75695
2.8094,0.71168
2.2328,0.76703
2.4398,0.75252
2.4575,0.74124
2.5032,0.74094
3.2584,0.68526
2.7711,0.72777
3.3699,0.67468
3.3567,0.67446
3.4012,0.67343
3.055,0.6959
3.0869,0.69436
2.1062,0.77166
2.3869,0.74773
2.1019,0.7824
2.0909,0.78154
2.3696,0.74513
2.7906,0.70642
2.2451,0.75826
1.9862,0.79275
2.0729,0.78108
2.3276,0.7475
2.63,0.72046
2.3034,0.75278
2.083,0.77812
2.1655,0.77237
2.5036,0.73404
1.7896,0.81704
3.1132,0.6944
2.2947,0.75777
1.966,0.79302
3.7842,0.64536
2.3149,0.7499
1.8749,0.79681
2.0428,0.77629
2.1208,0.76611
2.1667,0.76148
1.9548,0.79265
2.5565,0.718
2.529,0.72643
2.2064,0.76037
1.8201,0.81288
2.8334,0.70793
1.9316,0.78785
1.7659,0.81099
1.696,0.82428
2.0491,0.78442
1.829,0.80543
2.6638,0.71551
1.9156,0.79021
1.9874,0.77711
2.0751,0.77056
1.8411,0.79781
2.7949,0.70149
1.8322,0.80036
1.6747,0.82901
1.6924,0.82767
1.783,0.81472
1.8083,0.80819
2.0075,0.78064
1.8059,0.81038
1.9138,0.79683
1.9688,0.78268
1.8831,0.79372
1.9403,0.78332
2.0978,0.76549
1.7091,0.81933
1.8406,0.8003
2.0335,0.77213
2.3766,0.7373
2.0897,0.76965
2.0744,0.76439
2.1368,0.76778
2.344,0.73736
2.2295,0.75147
2.2851,0.74686
2.0925,0.76771
2.3094,0.74154
2.2588,0.74953
1.8789,0.78547
1.7578,0.81044
2.017,0.77342
1.8426,0.79865
1.7766,0.79886
2.2858,0.74015
2.0974,0.74893
1.7999,0.79349
2.2337,0.74964
2.4272,0.72574
2.2088,0.74732
2.0958,0.76152
2.8071,0.68672
2.0674,0.75075
2.0436,0.76602
2.3911,0.72622
2.4363,0.71812
2.1629,0.75218
2.1754,0.74723
1.7779,0.80128
1.7185,0.81031
2.2508,0.74857
2.2554,0.74493
1.7047,0.81292
2.0915,0.75279
1.7464,0.80263
1.5632,0.83158
2.0555,0.7563
1.6688,0.81053
1.7458,0.80319
1.7806,0.79787
1.7008,0.81622
6.2146,0.51982
1.5087,0.83452
2.1406,0.76037
1.8885,0.78501
1.5355,0.82513
1.657,0.81024
1.6437,0.81098
1.8045,0.7778
2.3337,0.72847
1.7326,0.79222
1.499,0.83299
1.7262,0.79722
1.9172,0.78014
1.5993,0.80949
1.9534,0.7654
1.6501,0.80983
1.2222,0.87888
1.5941,0.82085
1.619,0.80889
1.3903,0.84834
5.8816,0.53068
1.5957,0.81614
1.4862,0.83615
1.7402,0.79248
6.6485,0.49784
2.0622,0.74774
1.9199,0.77703
2.0579,0.75722
1.7077,0.80801
1.5711,0.82833
1.6331,0.81219
2.0653,0.76093
1.843,0.78013
5.9128,0.52977
1.3212,0.85743
1.8101,0.79056
1.6516,0.80864
1.62,0.81902
1.5655,0.81988
1.5816,0.81535
1.502,0.82746
1.7781,0.7905
1.6452,0.80581
1.4228,0.85023
1.2853,0.86621
1.5286,0.82749
5.6304,0.53841
1.4422,0.8379
1.8893,0.77849
1.5821,0.80853
1.8161,0.78446
1.5982,0.81084
1.7069,0.79221
2.1979,0.72792
2.1092,0.75002
1.5797,0.81184
1.7426,0.78394
1.7209,0.78185
6.1148,0.51223
1.7371,0.78932
1.9487,0.75112
1.4779,0.81802
1.6522,0.79726
1.5813,0.80782
1.4637,0.8291
1.5551,0.81991
2.0007,0.76506
1.4408,0.84024
1.7852,0.78788
2.1864,0.73308
1.7393,0.79916
1.8192,0.78524
1.92,0.76577
1.5883,0.80622
2.3975,0.71181
2.0964,0.75323
1.6052,0.79545
1.3589,0.84826
1.4104,0.84672
1.5211,0.82905
1.2911,0.86501
2.0181,0.74143
1.7503,0.78723
1.6781,0.7949
1.6338,0.79698
1.6742,0.80027
1.7406,0.79038
1.6474,0.7989
1.3421,0.84153
1.2858,0.85878
1.5494,0.81502
1.3582,0.84467
1.5368,0.81202
1.8617,0.76364
1.7628,0.78203
1.6658,0.78995
2.0259,0.7473
1.656,0.79723
1.7727,0.78326
2.0273,0.7577
1.8577,0.78211
2.0077,0.75759
1.9345,0.76614
3.2078,0.63836
1.8657,0.76072
2.1296,0.72718
1.9897,0.74715
2.4561,0.70409
5.1652,0.56004
2.4527,0.70814
1.6823,0.80001
2.1351,0.73695
1.6459,0.80595
1.576,0.81058
1.6708,0.80844
1.7122,0.79611
1.5481,0.81929
1.8943,0.77033
1.5475,0.81602
6.0166,0.52402
4.5691,0.59434
1.6018,0.80636
1.7512,0.7933
1.4533,0.83472
5.9696,0.51907
1.562,0.81558
1.9422,0.7571
1.9428,0.74495
2.0012,0.75498
2.188,0.7279
1.5901,0.80993
1.6336,0.79855
1.6765,0.78253
1.5513,0.81507
1.8655,0.77314
1.9018,0.76968
2.002,0.75414
2.6748,0.68657
1.4593,0.82473
1.6331,0.79933
2.0098,0.74312
2.3651,0.70578
1.7409,0.79069
1.5984,0.81018
1.6191,0.79916
1.7655,0.78516
5.7761,0.52744
1.6147,0.81126
1.6606,0.79829
1.9832,0.74776
1.5872,0.79433
1.689,0.7895
1.7794,0.77862
1.6336,0.80374
1.696,0.79381
1.5256,0.82069
1.5941,0.81173
1.5664,0.81591
1.6196,0.8176
1.632,0.8045
4.2508,0.61085
1.4286,0.83391
1.3279,0.85059
1.4377,0.82764
1.4556,0.82759
1.4233,0.83639
1.4388,0.83233
5.676,0.53136
5.6885,0.5297
5.5092,0.53872
5.8952,0.52246
5.6453,0.53304
2.7301,0.67058
2.1175,0.73841
1.6091,0.80312
1.4889,0.8219
1.7113,0.78236
2.311,0.71963
1.4942,0.82077
1.4774,0.82259
1.6197,0.79842
1.6456,0.79249
1.4631,0.81779
1.5195,0.80893
2.0584,0.73817
1.9111,0.7603
2.1722,0.72335
1.3714,0.83453
1.5611,0.80053
1.3466,0.84214
1.5063,0.8105
1.5658,0.79942
1.3381,0.83959
1.5802,0.79471
1.4669,0.81398
2.5087,0.69767
1.1854,0.87173
1.345,0.83869
1.3039,0.84484
1.3806,0.82895
1.5087,0.80334
1.8959,0.75358
1.3044,0.84383
1.548,0.80107
1.5332,0.79934
2.6049,0.68524
2.5867,0.68678
1.4191,0.82652
3.0316,0.64624
1.2977,0.84436
1.2531,0.85428
2.1136,0.73237
1.1741,0.87457
5.615,0.53506
1.366,0.83449
1.3133,0.83605
1.258,0.85275
1.3867,0.82687
1.7431,0.77115
1.4612,0.81747
2.3679,0.70255
2.1154,0.71504
1.4109,0.81353
1.334,0.83155
1.0501,0.8818
1.3381,0.82841
1.3614,0.83085
2.014,0.72784
1.2964,0.83351
1.3299,0.83443
1.2839,0.85242
1.2722,0.84978
1.2542,0.85233
2.0522,0.73199
1.3335,0.83376
1.9501,0.74204
2.2276,0.70623
1.4377,0.81233
1.299,0.8399
1.3552,0.83082
1.3097,0.84285
1.4401,0.81619
2.7257,0.67081
1.2699,0.8497
1.3343,0.83043
5.7043,0.52339
2.2535,0.70177
5.3849,0.54043
6.2274,0.49944
5.1593,0.55125
5.8929,0.51528
5.7925,0.52108
1.3344,0.8276
5.7993,0.51876
1.2478,0.84334
5.3416,0.54211
1.2845,0.83641
2.4232,0.6868
1.2847,0.83501
3.874,0.59103
1.3821,0.81664
1.3172,0.83436
1.3949,0.81393
1.1823,0.85297
1.1795,0.86203
1.2176,0.85097
1.0612,0.88791
2.4914,0.67716
1.1565,0.86796
1.2333,0.85117
1.1158,0.87243
1.5051,0.80363
1.2188,0.85341
2.3659,0.70707
2.3616,0.70865
2.4304,0.70073
2.4388,0.69935
2.0643,0.72281
1.8703,0.74966
1.2669,0.84902
1.403,0.81864
1.7978,0.77189
2.473,0.6899
6.0079,0.50913
6.0987,0.50659
5.4397,0.53634
2.187,0.71041
2.072,0.7273
2.214,0.71031
5.7107,0.5245
2.7013,0.66131
1.9644,0.74747
1.6309,0.78157
2.4806,0.68599
2.0353,0.72606
2.2741,0.70032
1.1893,0.85569
1.5677,0.78725
1.2609,0.83379
6.9443,0.47606
2.2335,0.70218
1.6682,0.77052
6.0239,0.51633
1.469,0.80439
1.7023,0.77934
2.8002,0.65601
1.1283,0.85733
2.8301,0.65345
2.9955,0.63819
1.298,0.8381
2.6415,0.67392
1.818,0.7454
2.3658,0.69917
1.9842,0.7456
2.1402,0.72333
2.0263,0.74225
5.2346,0.50843
2.845,0.65833
2.1524,0.70595
0.93873,0.9153
2.0241,0.71207
0.94382,0.89759
2.1196,0.70996
1.1055,0.86514
1.1813,0.85521
0.9198,0.91506
1.3079,0.8195
1.4105,0.81928
1.4967,0.80111
1.2515,0.84219
1.3219,0.82958
1.4644,0.82196
1.5229,0.80681
1.4442,0.8216
1.2183,0.86295
1.2775,0.83849
1.2232,0.84682
1.3143,0.83923
1.3524,0.82949
1.3065,0.83207
2.0052,0.72914
1.5033,0.79966
2.8831,0.66436
2.2636,0.71979
1.0184,0.88984
2.3804,0.70526
2.3488,0.70841
3.2733,0.62364
2.3412,0.71204
3.018,0.64893
3.4013,0.61773
3.717,0.59436
3.4845,0.61402
3.2093,0.63687
1.5483,0.79719
1.7558,0.76774
1.849,0.75508
3.2539,0.63478
2.0159,0.73502
3.6025,0.60587
2.0895,0.73965
3.3217,0.62538
2.2754,0.7134
2.1592,0.72865
6.3879,0.49288
7.2214,0.4668
2.1611,0.71383
2.3832,0.70656
1.3284,0.82876
1.0414,0.89095
2.2714,0.71361
2.2755,0.71419
1.1513,0.86798
2.1776,0.71504
2.1057,0.72582
2.2565,0.70582
1.851,0.7426
2.1536,0.71717
1.9964,0.74049
2.0885,0.71547
1.9305,0.73744
2.4651,0.683
1.8281,0.74845
1.7114,0.77348
1.9859,0.73983
1.514,0.79246
1.9132,0.74787
1.7293,0.77186
3.9779,0.57801
6.6526,0.48706
3.4076,0.61336
2.3089,0.69558
2.2829,0.69806
2.2171,0.7058
5.5149,0.53809
4.4416,0.54082
2.0338,0.73014
2.1214,0.72135
4.6121,0.53315
1.9667,0.7426
1.837,0.74918
2.1016,0.70866
1.1699,0.85856
1.2097,0.85311
1.8162,0.75265
2.0953,0.71761
0.95763,0.90981
1.0504,0.88776
1.7909,0.76042
1.1278,0.8688
1.3714,0.82943
1.4321,0.80833
2.1783,0.71517
1.8239,0.76486
1.8152,0.75448
1.7121,0.77725
6.6413,0.49126
1.7657,0.76547
1.9825,0.74512
1.0886,0.88824
1.3298,0.82958
1.7606,0.76634
1.1895,0.85962
1.8739,0.74988
1.8563,0.74148
1.1982,0.85193
1.7238,0.76614
2.2836,0.71331
1.612,0.77604
1.6383,0.77578
2.0975,0.71658
7.4069,0.45991
1.2894,0.84383
6.5813,0.49477
1.176,0.86906
1.227,0.85802
2.5686,0.6861
3.0583,0.64436
3.1382,0.64543
1.4199,0.81109
1.9081,0.74684
2.0323,0.73114
1.9075,0.74317
1.9436,0.73634
1.7773,0.77051
2.0979,0.71829
1.9383,0.7444
2.0991,0.72035
3.9749,0.57905
2.1501,0.71176
4.2739,0.55577
2.1257,0.716
3.5324,0.60807
3.7585,0.58836
2.0113,0.73396
2.1182,0.71915
4.2074,0.55696
1.937,0.73046
1.8073,0.75006
3.8629,0.58045
3.8246,0.58695
1.8047,0.75692
1.7093,0.77126
1.136,0.86889
1.5523,0.79398
2.0298,0.72543
3.5726,0.60295
3.448,0.61514
3.5455,0.60384
1.2594,0.85349
1.8201,0.75979
2.1845,0.70936
1.6618,0.77623
1.8745,0.75117
5.3794,0.54132
1.9151,0.74463
6.0439,0.50637
2.1454,0.71773
4.1603,0.56628
1.9057,0.74868
2.1451,0.71431
2.1523,0.72451
1.8826,0.74915
2.0339,0.72152
2.3819,0.68706
1.5417,0.79253
2.0045,0.73619
1.8426,0.75639
1.8131,0.76363
4.5301,0.54246
3.5056,0.60834
1.7976,0.75554
3.1242,0.64149
3.385,0.61537
4.5252,0.54545
3.6396,0.59948
2.0116,0.73476
1.1787,0.86287
1.7231,0.77106
1.1498,0.87175
1.7947,0.74992
2.1239,0.72529
2.0394,0.73217
1.31,0.8391
1.1394,0.87478
1.19,0.86516
1.994,0.74856
1.2682,0.85333
2.8129,0.66065
3.2646,0.62366
1.3622,0.80956
3.9396,0.56958
3.6932,0.59238
1.9624,0.73838
2.0457,0.72631
1.8778,0.74482
2.8295,0.66337
2.158,0.71182
1.2397,0.85173
1.8744,0.75066
1.7701,0.76145
2.061,0.721
2.0704,0.7225
2.0463,0.72194
1.9567,0.73694
2.1138,0.72195
2.8233,0.66355
2.156,0.71552
1.8773,0.75037
2.8691,0.6607
2.1161,0.7367
1.7206,0.75738
1.4097,0.81737
1.8216,0.76034
2.0803,0.71886
2.3771,0.68343
2.327,0.6913
2.312,0.69528
2.1007,0.72103
3.7905,0.5842
1.954,0.73673
1.2989,0.8354
7.3681,0.46087
1.8119,0.76306
4.2826,0.55441
3.4989,0.6049
1.9092,0.73554
1.8945,0.74721
2.1078,0.71389
2.0503,0.72628
1.9007,0.74621
1.7584,0.76239
3.8349,0.58312
2.0131,0.7307
2.1368,0.71755
2.3895,0.69157
2.101,0.72221
1.9908,0.7271
1.9963,0.73272
3.0687,0.64316
2.1423,0.71496
3.3383,0.62016
1.9004,0.74899
1.9109,0.74443
2.8036,0.66867
2.9872,0.65059
3.4369,0.6182
3.1863,0.6337
7.4036,0.45868
8.4059,0.42019
1.8566,0.74856
8.27,0.42684
3.7063,0.59432
1.6957,0.7716
2.314,0.68916
1.4822,0.80659
1.8127,0.75202
1.6046,0.78928
1.8102,0.75935
1.9918,0.73752
4.102,0.56753
1.7307,0.75285
4.4896,0.54078
4.1047,0.56271
4.4828,0.53904
3.894,0.58686
2.393,0.69698
2.1548,0.71773
3.5671,0.611
3.7751,0.59477
3.818,0.58695
2.2262,0.71021
0.88412,0.91637
1.7824,0.76408
2.5285,0.68389
2.0943,0.73716
1.8845,0.73317
1.2345,0.84921
1.8542,0.7543
1.269,0.84027
2.0996,0.73633
2.1371,0.71938
2.3964,0.68957
1.3091,0.83294
2.3627,0.70682
1.6379,0.77917
3.2809,0.63127
3.2704,0.62936
1.6397,0.79133
1.1891,0.86648
2.2878,0.71571
1.2872,0.84464
1.7827,0.76054
1.7296,0.77818
1.477,0.81613
1.7469,0.76472
3.8596,0.5776
1.4624,0.80385
1.4149,0.81389
1.8547,0.74953
1.6659,0.77955
1.6919,0.77272
3.5059,0.60615
2.5613,0.68414
3.2861,0.62642
3.2633,0.62432
1.6215,0.77675
1.8026,0.74683
2.8525,0.66079
1.0389,0.88671
1.0574,0.88329
1.9151,0.74477
1.2229,0.85597
2.2421,0.70769
2.1803,0.71578
1.2161,0.85633
2.0037,0.73482
1.2269,0.85062
1.9172,0.74136
1.226,0.85075
2.087,0.7147
2.568,0.66484
2.3109,0.70638
2.124,0.72117
1.5315,0.79065
1.5175,0.79652
1.3497,0.82018
1.7374,0.77082
1.7985,0.75625
1.812,0.76156
2.3473,0.70492
2.8735,0.65787
3.1696,0.63374
1.639,0.77655
1.8886,0.75286
2.1202,0.71918
2.1483,0.71696
2.1577,0.71902
2.0367,0.7326
1.9143,0.73338
2.9662,0.64648
1.6029,0.79069
2.8546,0.6599
1.8865,0.73855
1.5683,0.79013
1.229,0.8537
1.3124,0.84023
1.2566,0.85399
0.93842,0.90783
2.2691,0.71612
4.8735,0.56854
5.4417,0.53389
5.4102,0.5375
1.686,0.78257
5.502,0.53194
1.4023,0.82388
1.9014,0.7393
1.5883,0.79427
1.4074,0.81984
1.8429,0.75934
1.7334,0.77485
3.0417,0.64321
1.6414,0.78435
1.8125,0.75422
1.3986,0.80367
1.7396,0.77366
1.8915,0.74955
1.8919,0.75355
2.57,0.66533
2.6183,0.66759
1.8117,0.75131
1.4774,0.79979
1.728,0.76606
1.7931,0.75872
1.3996,0.82114
3.5147,0.60392
2.8869,0.65426
1.8436,0.75597
2.2393,0.69808
2.0205,0.72326
1.5932,0.78012
1.3757,0.82547
1.1883,0.85849
1.276,0.84282
1.1739,0.86656
1.2677,0.84983
1.2358,0.85223
1.5385,0.79723
1.2632,0.8406
1.3993,0.81358
1.5812,0.78237
6.9949,0.47094
6.4496,0.4902
1.4579,0.8022
2.3297,0.69716
7.0555,0.46648
1.8496,0.75446
1.5865,0.78545
3.5061,0.60221
1.1546,0.86858
1.9192,0.74047
1.324,0.83586
1.4768,0.81372
1.7345,0.77102
1.5128,0.80423
1.981,0.73611
2.0692,0.71742
1.9841,0.73502
2.0527,0.72471
2.1604,0.71269
1.7109,0.77112
1.2339,0.84869
1.1744,0.86012
1.0867,0.88702
1.1681,0.86404
1.1912,0.85512
2.436,0.68845
1.6685,0.77161
1.7333,0.76378
1.7317,0.76868
2.1815,0.70776
1.6013,0.78306
3.0037,0.63752
2.0851,0.70978
1.9184,0.735
3.4153,0.60813
2.0496,0.72346
1.7074,0.7611
1.6039,0.78352
1.6482,0.77461
1.6716,0.77108
1.7815,0.75811
1.573,0.7845
1.2486,0.84626
1.2914,0.83692
3.765,0.57991
1.9095,0.74801
3.6793,0.58823
2,0.72394
1.1316,0.86641
1.4799,0.80888
1.8783,0.74697
1.8708,0.75039
1.5197,0.79369
1.2664,0.83859
1.8093,0.75887
2.5018,0.68806
1.2739,0.84355
1.9202,0.73954
5.9697,0.51128
1.703,0.77097
1.6695,0.77373
1.2525,0.84279
1.9289,0.73886
1.1481,0.86681
1.1071,0.87222
1.1969,0.85999
1.1995,0.85748
1.2041,0.85113
0.91743,0.92613
1.2465,0.83714
1.1613,0.86134
0.96105,0.90209
1.1271,0.86397
3.817,0.58334
1.4842,0.79514
1.7207,0.77129
2.0102,0.73221
1.1712,0.86781
1.7256,0.76901
1.7441,0.76756
1.5477,0.7931
1.5758,0.79236
1.5856,0.79049
1.8596,0.74886
2.3082,0.70237
1.0942,0.87929
1.0319,0.88398
2.2648,0.71145
1.1926,0.84765
1.1676,0.86114
1.1329,0.87022
1.1275,0.87491
1.0559,0.89266
1.2694,0.84001
1.2892,0.8344
1.9576,0.75189
1.098,0.87903
1.1226,0.86935
3.7842,0.58227
4.3829,0.54822
1.7798,0.74666
1.5429,0.79186
3.8703,0.58564
1.1367,0.86538
2.246,0.69826
1.5667,0.78984
5.1593,0.54427
1.209,0.85312
1.2127,0.84524
3.8688,0.57793
1.8033,0.75552
1.8186,0.75747
1.9647,0.73575
2.0363,0.72531
1.8535,0.74902
2.0271,0.72852
1.911,0.74714
2.054,0.72176
1.6072,0.78897
1.1401,0.8717
1.9921,0.72976
2.0797,0.72687
1.9891,0.73521
1.7093,0.76771
1.5389,0.79734
1.752,0.76202
1.9645,0.73245
1.4758,0.8125
2.0149,0.73045
1.8405,0.75729
1.8387,0.7559
1.8777,0.75198
1.9131,0.7505
1.283,0.83205
1.6908,0.77681
2.1239,0.71625
1.6069,0.79054
1.0671,0.88183
1.7717,0.76956
2.6574,0.66329
1.7238,0.7754
1.5635,0.77969
1.9371,0.7382
2.2166,0.70778
2.0996,0.71526
1.054,0.89133
1.3245,0.83584
1.9144,0.75505
2.1744,0.71338
1.8244,0.76148
1.7941,0.77111
1.9204,0.74153
7.3482,0.45699
2.42,0.68946
1.7667,0.76088
1.872,0.75103
2.6253,0.67754
1.1987,0.86364
1.6113,0.79483
1.6273,0.79109
1.1759,0.86214
1.828,0.76147
1.937,0.74615
1.8854,0.75574
1.7268,0.77779
1.856,0.75903
1.8532,0.75701
1.6724,0.77904
1.6808,0.77734
3.5358,0.60424
1.6793,0.77792
1.9071,0.74627
2.0798,0.72382
1.7095,0.77246
1.8221,0.76532
0.93373,0.91783
2.5862,0.66972
1.9655,0.73803
1.1274,0.86631
1.7857,0.7654
2.4525,0.69567
1.8184,0.76434
1.8741,0.755
2.2282,0.71183
1.5195,0.80144
1.3949,0.82608
1.3643,0.83597
1.4147,0.81874
1.4812,0.80874
1.2596,0.85502
1.4416,0.81998
1.9452,0.74692
1.5452,0.79246
1.8355,0.7582
1.8286,0.7606
2.0028,0.73856
1.6961,0.78227
2.9485,0.65775
1.993,0.74759
1.993,0.7368
1.9594,0.74749
2.293,0.6979
1.917,0.75195
2.0658,0.72779
2.0013,0.73661
1.9868,0.73549
3.0701,0.64258
1.962,0.73813
1.7413,0.76836
1.6589,0.78026
1.6711,0.77368
1.5515,0.79186
2.0781,0.72358
1.6544,0.77527
1.9843,0.74052
2.1683,0.71243
2.0884,0.72338
3.33,0.63209
2.0344,0.74152
5.2264,0.54783
3.7137,0.59461
1.9069,0.75395
5.7353,0.52552
1.8318,0.76357
2.0388,0.7293
2.1043,0.74587
2.1842,0.73153
1.2916,0.84785
0.8658,0.93466
2.0585,0.73555
1.8933,0.75778
1.9635,0.74885
1.6349,0.79359
1.6469,0.79042
1.6393,0.77693
2.2112,0.71221
1.7964,0.76152
1.5661,0.78648
1.8202,0.75074
1.9252,0.74038
2.1396,0.71899
2.0585,0.73903
2.0836,0.72823
1.9687,0.74278
2.1858,0.72302
1.858,0.76163
2.365,0.70619
1.9059,0.75355
1.6322,0.80132
1.7739,0.7738
2.0338,0.73169
2.4084,0.69276
1.8198,0.76541
2.9467,0.64116
3.9428,0.58241
2.9801,0.63692
6.1342,0.51181
2.9923,0.64105
2.5736,0.68313
2.3669,0.70629
5.7277,0.52752
2.1551,0.72935
1.829,0.7579
2.1843,0.71901
1.5405,0.80526
2.3424,0.71568
3.7235,0.60275
2.6835,0.67779
1.0036,0.90114
2.3814,0.71575
1.4658,0.81727
1.3803,0.83333
2.444,0.7063
1.2399,0.86414
6.7264,0.49169
2.3902,0.71349
2.3357,0.72074
1.9297,0.76052
1.7463,0.77511
2.2183,0.72266
2.2084,0.71902
2.0106,0.75144
4.0987,0.57585
2.0828,0.7387
1.5024,0.80721
1.8575,0.75507
1.6046,0.78792
2.6267,0.67354
2.3686,0.70526
2.473,0.70326
2.5452,0.69369
1.8694,0.75977
1.6305,0.79683
1.5127,0.8039
2.4953,0.70372
1.0103,0.90533
1.4868,0.81698
3.5523,0.61762
1.4102,0.8312
1.5728,0.80006
1.3128,0.8521
2.2531,0.71003
2.2883,0.70466
3.8829,0.59551
2.1137,0.72957
2.2721,0.71746
1.9494,0.75576
2.1208,0.73491
1.7497,0.78672
1.5433,0.81847
1.6647,0.78104
2.1398,0.72586
2.1779,0.72269
1.5442,0.8086
2.4041,0.70555
2.2029,0.72597
1.582,0.80883
1.2729,0.86738
2.9259,0.65068
1.6175,0.80281
2.5173,0.70652
2.7676,0.67703
2.8348,0.67269
1.5685,0.80741
1.556,0.81132
1.2584,0.86013
1.0951,0.88354
1.1887,0.87165
1.104,0.88083
1.1254,0.87536
6.6233,0.50228
6.0668,0.52373
7.0748,0.47986
1.0749,0.88823
7.458,0.4643
6.0921,0.52181
6.6235,0.49801
2.1765,0.72917
2.3071,0.71312
1.5099,0.80714
1.5159,0.81786
1.2048,0.8665
1.6,0.8068
1.5862,0.80245
1.0104,0.90075
1.3934,0.83889
1.1999,0.8789
1.501,0.81997
1.3933,0.8401
2.106,0.72522
1.8627,0.76362
1.9158,0.75282
2.4231,0.70906
2.3929,0.70328
1.8642,0.76299
2.328,0.71361
1.8704,0.75847
1.7693,0.76801
1.5543,0.81107
1.2104,0.86973
2.3904,0.70984
1.5605,0.8111
1.5483,0.8124
1.0786,0.89399
1.1938,0.86793
0.96049,0.92653
1.5665,0.81056
0.99253,0.91028
1.0289,0.90258
1.8799,0.76002
2.6755,0.67969
1.5233,0.81016
2.6409,0.68135
2.5824,0.68522
2.1816,0.73227
1.5078,0.82012
2.2458,0.72112
2.2513,0.73023
1.4132,0.83638
1.6949,0.79066
2.1958,0.73009
1.4283,0.83332
1.1007,0.89175
1.2319,0.86111
1.446,0.83254
6.6788,0.50652
2.651,0.68609
1.1115,0.88948
1.1831,0.8694
1.1248,0.88167
1.4609,0.82784
1.5333,0.8239
2.1834,0.72957
2.0363,0.7463
1.4009,0.83859
1.7457,0.78763
1.1678,0.87404
1.8177,0.77518
1.4744,0.81985
1.0351,0.90638
1.2622,0.85889
1.1702,0.88038
1.1383,0.88978
1.2336,0.86693
1.2178,0.86665
1.5491,0.82966
1.4907,0.81509
1.6392,0.80376
1.2082,0.8731
7.1233,0.49299
2.427,0.71085
7.0487,0.49692
2.4836,0.70848
2.1068,0.74942
2.2227,0.73596
1.957,0.7616
1.7601,0.79141
7.0118,0.49745
1.8387,0.78327
1.847,0.77801
1.8447,0.77775
1.6533,0.81054
1.8298,0.77406
1.2254,0.8779
2.61,0.7012
1.2376,0.87505
1.3854,0.84722
2.169,0.7461
2.36,0.72112
1.5567,0.81683
1.1874,0.88591
1.8317,0.77864
1.7825,0.78874
3.9967,0.60272
2.0751,0.75367
1.3959,0.85034
1.498,0.83299
1.7966,0.78192
1.8005,0.78848
2.1862,0.74624
2.2989,0.72951
1.9755,0.76589
1.5403,0.82489
1.5045,0.83381
1.5674,0.82113
1.7594,0.7896
1.7261,0.80557
2.2872,0.73548
1.6427,0.80554
1.3976,0.85134
2.4462,0.70816
1.0457,0.91232
1.8557,0.78108
1.3498,0.86051
1.873,0.7735
1.3799,0.85516
1.4101,0.84694
2.5002,0.70702
2.1088,0.75305
2.2898,0.73231
2.3926,0.72356
1.4419,0.8419
1.3879,0.85364
1.8478,0.78484
1.4271,0.84773
1.7443,0.79849
1.8284,0.78354
1.3702,0.86099
1.6165,0.81803
3.9674,0.62112
1.7571,0.80382
1.2736,0.87592
1.4473,0.83506
1.2839,0.87636
1.9737,0.76989
1.8704,0.78591
1.4245,0.85158
1.3624,0.86161
1.4954,0.83991
2.2447,0.74582
1.8492,0.78893
1.7194,0.79862
1.7425,0.78922
1.4858,0.82938
2.1609,0.74434
1.6442,0.81051
1.0069,0.92777
1.406,0.85006
4.2314,0.61369
1.4375,0.84905
1.2512,0.88452
1.1709,0.90765
1.5281,0.83345
4.4896,0.59686
1.6213,0.81696
1.5224,0.83379
2.5042,0.72417
1.7004,0.8053
0.89027,0.95734
1.3731,0.85902
0.96207,0.94084
1.1823,0.88667
1.013,0.92686
1.0939,0.90806
1.121,0.90837
7.0691,0.50507
1.6835,0.81191
1.7157,0.81114
1.3886,0.86519
1.9409,0.78513
1.0897,0.90662
1.1951,0.8815
4.4714,0.5958
1.958,0.77737
1.7035,0.80846
1.0055,0.93365
1.767,0.80315
1.0927,0.91438
1.3327,0.87206
3.8347,0.63823
0.95852,0.94413
3.6855,0.64908
3.7034,0.64689
1.4331,0.8573
1.687,0.81095
1.5096,0.84524
1.498,0.84544
1.6809,0.81752
1.6403,0.82567
4.2231,0.61046
1.8665,0.77808
1.8474,0.78752
4.3663,0.61094
1.7067,0.81305
2.7386,0.69912
1.7259,0.81149
7.7026,0.48961
1.977,0.77995
2.1694,0.75124
8.7401,0.45486
1.5288,0.83703
1.0353,0.92242
1.1537,0.90304
0.97085,0.94644
1.086,0.91586
0.94201,0.95195
1.5515,0.82984
1.5313,0.83483
1.791,0.80003
1.7228,0.80335
1.9654,0.77848
2.0176,0.77196
2.0105,0.7614
2.7892,0.69442
1.5066,0.84221
2.6553,0.71667
4.0216,0.63493
2.6773,0.71319
1.8229,0.79411
2.3905,0.73785
1.4672,0.85255
1.4443,0.85833
1.8693,0.7846
1.7307,0.80701
1.6705,0.81871
3.8445,0.64538
1.4769,0.84792
4.3014,0.61506
1.7195,0.80827
4.7425,0.59609
1.5388,0.83891
2.087,0.77041
4.6161,0.59987
2.0183,0.77445
1.5812,0.82564
1.4731,0.84156
4.724,0.59839
1.7133,0.81427
3.0047,0.69051
4.6375,0.60422
2.9187,0.69716
2.0763,0.76806
2.759,0.71018
1.6566,0.8239
4.3993,0.6185
4.4048,0.61989
4.3154,0.62397
4.7882,0.59994
1.7523,0.81272
2.7589,0.70877
2.6686,0.7196
2.704,0.71181
1.7699,0.80553
1.4297,0.85947
2.1612,0.75531
1.9244,0.7861
2.6515,0.72229
2.1234,0.76402
1.8521,0.79595
5.087,0.58383
5.2793,0.57331
2.7412,0.70683
2.9694,0.68678
2.7665,0.70775
2.9752,0.67955
3.2523,0.67519
1.7359,0.81504
2.7597,0.71314
2.8162,0.70857
4.6974,0.60317
2.7021,0.71434
4.529,0.61592
1.7472,0.81511
6.0841,0.52653
1.7558,0.80412
2.1822,0.75084
2.2048,0.75507
2.2562,0.75598
1.9249,0.79255
2.0195,0.77789
2.3391,0.74182
1.1888,0.90601
1.1489,0.91549
2.0451,0.77227
2.7043,0.71903
4.668,0.6041
4.7192,0.60695
4.5584,0.61768
2.0601,0.78256
4.3955,0.62825
4.6988,0.60546
4.2614,0.63476
4.4951,0.62056
1.9404,0.79931
4.2106,0.63882
4.5183,0.61793
1.9776,0.79832
5.9047,0.5422
1.9799,0.78879
1.9893,0.78305
1.1244,0.92833
1.9759,0.78697
3.9786,0.64745
4.5075,0.61813
4.2213,0.63534
4.2867,0.6318
4.4644,0.62155
2.2036,0.76334
1.2114,0.90587
4.2607,0.61111
4.0751,0.61701
1.9242,0.7935
1.9624,0.78444
2.0744,0.77872
5.4067,0.57344
1.9101,0.80356
2.1443,0.76289
3.4307,0.66421
4.9865,0.59523
2.1656,0.77565
2.852,0.70531
3.2598,0.69669
2.0263,0.79121
3.7656,0.66239
4.2001,0.64141
1.6122,0.84794
3.3842,0.67054
2.0669,0.77848
3.4634,0.66752
1.8801,0.81186
2.2629,0.76385
1.8948,0.80836
0.94851,0.96121
1.8228,0.80607
4.8727,0.60344
4.503,0.62128
4.4768,0.62694
1.6095,0.84862
1.9002,0.80337
5.496,0.56865
5.6636,0.56299
4.2507,0.63254
4.6719,0.61093
1.1069,0.93107
2.4044,0.73815
4.5849,0.62039
0.99365,0.95744
4.7126,0.61507
5.4073,0.57825
1.9196,0.8059
1.6209,0.84713
1.1747,0.91896
1.8787,0.80944
1.0983,0.92899
2.1593,0.77093
1.0031,0.95642
4.9433,0.59855
3.3528,0.66886
2.6846,0.72937
1.6011,0.85296
1.8969,0.81276
1.5817,0.85452
1.4093,0.88209
4.5041,0.62764
1.0936,0.93229
4.9285,0.60355
8.1754,0.4962
1.9508,0.80325
2.91,0.70753
2.3766,0.75309
2.8167,0.72045
2.8536,0.7155
1.7552,0.82377
2.9191,0.70904
0.9622,0.96821
3.1913,0.68567
2.9041,0.7111
3.3396,0.6743
3.4132,0.66619
2.0128,0.7899
1.4799,0.86364
0.87975,0.9934
1.8178,0.81711
1.6571,0.84285
4.1502,0.64123
5.1328,0.58995
3.5724,0.68255
0.99194,0.95892
5.102,0.58879
4.9351,0.60086
1.0296,0.94839
4.061,0.64808
1.8399,0.81872
4.2263,0.6458
4.2365,0.61717
2.2223,0.76848
1.9485,0.79612
3.0238,0.69582
3.3379,0.67738
0.91816,0.9798
1.7473,0.82403
2.712,0.72902
4.2535,0.63954
4.4066,0.62987
0.9989,0.96301
5.1457,0.59525
3.7944,0.66992
1.2323,0.90532
4.6474,0.61149
4.2625,0.6395
9.7577,0.45176
1.7224,0.82686
2.6238,0.73436
1.2384,0.91195
1.9122,0.80754
3.1954,0.69378
1.928,0.80077
1.5509,0.84799
2.49,0.74783
1.2704,0.89929
1.1053,0.94063
1.9418,0.80115
5.3147,0.58515
5.096,0.59618
3.7966,0.64856
1.5506,0.85449
3.3658,0.67545
1.4121,0.87507
0.95516,0.97733
4.7464,0.61398
5.231,0.59163
1.9061,0.81047
1.8273,0.81859
1.7678,0.8339
5.1828,0.59417
1.8859,0.80679
5.6629,0.56265
4.8852,0.60788
5.5291,0.57194
5.6772,0.56631
4.9874,0.60771
4.1717,0.65029
4.3177,0.64154
5.908,0.55992
4.8244,0.61219
5.4634,0.57942
5.4436,0.58152
2.1383,0.78579
2.2175,0.77317
5.7849,0.56531
5.2441,0.59213
4.5337,0.62463
5.8234,0.56453
4.5189,0.60908
2.1861,0.77396
1.6796,0.84516
5.3554,0.57412
4.2297,0.63217
4.8743,0.59953
2.538,0.73712
3.9979,0.63306
9.0574,0.47152
1.746,0.82386
5.0352,0.58245
4.0892,0.64199
5.4847,0.57679
2.0145,0.79898
1.9391,0.80793
1.8374,0.82615
1.6379,0.85902
1.7684,0.84088
1.6486,0.8656
1.9188,0.8271
2.1118,0.81808
1.8216,0.85201
2.0168,0.83789
2.3886,0.79605
3.6572,0.69534
3.3975,0.71108
1.8046,0.85309
3.1083,0.72953
2.6199,0.76862
1.9176,0.83567
1.9156,0.83774
2.307,0.78796
1.9432,0.83306
2.0732,0.81872
2.0052,0.82559
3.0698,0.73158
0.96728,1.0022
4.758,0.64205
2.1357,0.81676
1.9069,0.84542
2.0283,0.82772
1.9683,0.83421
8.1082,0.52445
2.0633,0.82034
2.0493,0.82224
5.0451,0.62578
2.0499,0.82274
1.8343,0.85395
3.0585,0.73137
1.8533,0.84791
6.009,0.60549
6.7659,0.57252
1.8865,0.84903
2.0399,0.82967
1.794,0.86284
1.803,0.85505
4.9713,0.63284
1.6782,0.8762
7.5427,0.54419
1.9496,0.83851
6.8065,0.56791
1.794,0.86082
1.9748,0.83552
2.0092,0.82756
5.1154,0.62498
5.0368,0.6284
2.0226,0.82734
2.2003,0.80527
2.0359,0.82262
1.9478,0.83582
1.9011,0.8421
1.8563,0.85137
4.3219,0.66949
4.7777,0.64225
5.1617,0.62104
1.7125,0.87352
1.8656,0.85149
1.7215,0.87302
4.9773,0.63342
2.9109,0.7465
5.0902,0.62266
1.8923,0.84434
5.036,0.63263
2.2418,0.80228
3.9969,0.67518
2.8252,0.75608
2.8568,0.7516
2.9546,0.74255
2.7258,0.76106
1.9324,0.84157
1.8751,0.84978
1.7011,0.87471
4.9995,0.63171
2.0374,0.83043
1.788,0.8653
5.0922,0.6266
1.0222,0.99241
8.8301,0.51841
1.7408,0.87079
1.3093,0.9344
1.6936,0.88067
1.363,0.92245
3.9126,0.69448
4.761,0.65021
1.8118,0.86
2.2529,0.80652
1.9766,0.83898
4.7598,0.64698
1.9545,0.8383
1.9617,0.83595
5.3632,0.616
1.0332,0.99004
1.1282,0.96699
1.2351,0.94838
6.8935,0.57204
7.1441,0.56543
8.1041,0.52731
1.9466,0.84225
5.4986,0.61344
5.7931,0.59856
3.381,0.72053
1.8358,0.85907
1.9686,0.84023
2.3381,0.80165
2.4059,0.79597
1.8076,0.86395
2.0411,0.83933
1.9313,0.84668
1.0921,0.97987
1.1106,0.97252
1.9384,0.84503
1.2782,0.93599
2.3276,0.80904
3.7215,0.69906
1.7829,0.86964
2.0513,0.834
2.0269,0.84339
1.8555,0.86143
1.9828,0.84134
1.8302,0.8605
4.6214,0.65745
5.493,0.6101
1.7266,0.87812
4.5989,0.65963
4.5548,0.66143
5.0894,0.62936
2.1626,0.81984
4.0793,0.69577
5.0891,0.62987
5.0224,0.63844
5.4081,0.6156
4.5205,0.66607
5.0071,0.64019
4.7046,0.64326
4.9287,0.64329
3.3368,0.73042
1.0834,0.98164
1.1882,0.9606
1.8472,0.86486
1.0344,0.9959
4.0322,0.67851
2.278,0.81587
3.06,0.75576
2.1984,0.82367
0.94312,1.017
4.4734,0.65279
3.3003,0.73095
0.72305,1.0796
3.0795,0.75433
4.6172,0.65694
2.3836,0.80508
6.6276,0.58543
3.3258,0.73974
4.0626,0.68584
4.5402,0.66358
4.0921,0.69165
5.1644,0.63069
4.9164,0.64376
4.9161,0.64557
4.7738,0.65427
