4.7945,1.0726
3.9065,1.1366
4.1211,1.122
4.1739,1.1197
5.0049,1.055
4.5084,1.0949
4.1497,1.1335
4.3922,1.0979
3.9458,1.1497
4.1191,1.1225
3.7999,1.1583
5.1172,1.0377
4.3499,1.1074
4.4241,1.1023
4.7244,1.0756
3.9628,1.1344
4.5932,1.0919
4.1562,1.1248
4.4683,1.0987
3.6872,1.1661
4.0482,1.1324
3.4321,1.1912
4.1901,1.124
3.9378,1.1375
4.9454,1.0548
4.8572,1.0646
4.8345,1.0631
4.4811,1.095
4.9174,1.0597
4.8201,1.0674
4.6542,1.084
4.8949,1.0611
5.0745,1.0496
4.8914,1.0674
4.7221,1.0767
5.1404,1.0491
4.4054,1.1022
4.4769,1.0966
4.7474,1.0754
4.9032,1.062
5.1535,1.048
5.1053,1.0492
4.9327,1.0638
4.5526,1.0937
4.747,1.0814
5.1106,1.0498
4.9507,1.0619
4.384,1.1111
4.2474,1.1196
3.6139,1.1648
4.6663,1.083
3.4001,1.1888
3.767,1.1498
4.3024,1.1116
3.8383,1.1585
4.5474,1.0913
4.7363,1.0763
3.8236,1.1444
4.602,1.0874
3.5655,1.185
4.273,1.1115
3.8725,1.152
4.3797,1.1031
4.7686,1.0693
3.9488,1.144
3.9311,1.1451
4.2427,1.1159
3.6988,1.1664
3.995,1.1364
4.2676,1.1121
4.1526,1.1205
4.4128,1.0985
3.9844,1.1361
3.5471,1.1818
3.8359,1.1504
3.8917,1.1446
4.0893,1.1244
3.6516,1.1667
4.0974,1.1225
3.6491,1.1659
3.4774,1.1839
4.3034,1.0992
4.0186,1.1235
3.7112,1.1479
4.2494,1.1026
4.4688,1.0835
4.0081,1.1237
4.437,1.0858
4.3569,1.0885
4.0919,1.1126
4.3897,1.0884
4.0088,1.1233
4.0576,1.1168
4.3284,1.0918
3.54,1.1675
3.9636,1.1222
3.7205,1.1404
4.1713,1.0964
3.5306,1.1608
3.8122,1.1297
3.9641,1.1198
4.078,1.1022
3.5244,1.1598
3.9277,1.1114
3.394,1.1633
1.1588,1.437
3.496,1.1496
3.6239,1.1377
3.6258,1.1414
3.3793,1.1631
3.4554,1.1497
3.5937,1.1366
3.6159,1.1354
3.1908,1.1785
3.4793,1.1443
2.9221,1.2093
3.6933,1.1202
3.2019,1.1706
2.4671,1.264
2.8565,1.2103
3.2888,1.1609
3.3181,1.1566
3.2174,1.1616
2.6721,1.225
3.0026,1.1864
2.9853,1.1869
2.4724,1.2522
2.5714,1.2322
3.1846,1.1544
3.195,1.1514
2.9423,1.1792
2.9987,1.1686
2.4641,1.2384
2.3963,1.2462
2.6854,1.2064
2.4667,1.2353
2.4581,1.2371
2.8708,1.1772
2.6624,1.2014
2.193,1.2612
2.8188,1.1791
2.4083,1.226
2.1149,1.2711
2.4878,1.2176
2.3324,1.2375
2.6677,1.19
2.9834,1.1469
2.4569,1.2102
2.5921,1.1886
2.4564,1.2055
2.4304,1.2031
2.3277,1.2148
2.3503,1.2116
2.4433,1.1965
2.8312,1.1403
2.608,1.1653
2.7487,1.1472
2.7828,1.1376
2.9962,1.1123
2.7464,1.1365
2.7838,1.133
2.9794,1.1102
2.7184,1.1458
2.5369,1.1655
2.7169,1.1485
0.63,1.4988
2.4905,1.1698
2.6009,1.1576
2.5837,1.1604
2.6222,1.1542
2.7414,1.1364
2.6128,1.1482
2.9367,1.1117
3.0169,1.1003
2.7645,1.1296
2.8594,1.1144
2.9847,1.101
2.6011,1.1466
2.8898,1.1097
2.8114,1.1173
2.7415,1.124
2.9897,1.1013
2.6182,1.1288
2.9776,1.0947
2.7613,1.1101
2.7537,1.113
3.0093,1.087
2.6167,1.1274
2.9045,1.0913
2.6379,1.124
2.7653,1.108
2.5247,1.1346
3.2571,1.0568
2.7322,1.1148
2.8462,1.1026
2.5877,1.1241
2.8386,1.0967
2.6343,1.118
2.7817,1.1015
2.8372,1.0932
2.8933,1.0847
2.927,1.0834
2.8695,1.0884
3.0215,1.0693
3.1998,1.0471
3.2095,1.047
2.9374,1.076
3.0854,1.0595
3.0068,1.0638
3.0463,1.0614
2.9862,1.0643
3.0699,1.0564
2.7215,1.094
3.0356,1.0587
3.0447,1.0569
2.9781,1.0613
3.05,1.0563
3.2728,1.0292
3.0247,1.054
3.2594,1.0277
3.2011,1.035
3.1034,1.0421
3.1159,1.0385
3.1164,1.0377
3.087,1.0417
3.1769,1.0314
3.0852,1.0399
3.1634,1.0302
3.2282,1.0231
3.1394,1.0312
3.1674,1.0281
3.1152,1.0308
3.4095,1.0045
3.2765,1.0166
3.2892,1.0182
3.0458,1.0365
3.1163,1.0318
3.1972,1.0218
3.461,0.99923
3.2715,1.0171
3.2705,1.0151
3.1759,1.0219
3.3275,1.0095
3.3616,1.005
3.347,1.0049
3.2532,1.0132
3.3548,1.0028
3.1224,1.0266
3.2472,1.0142
3.1543,1.0215
3.1283,1.0227
3.124,1.0229
3.0926,1.0243
3.2481,1.0124
3.1053,1.0242
3.2816,1.0081
3.3192,1.0055
3.2346,1.0105
3.1624,1.0187
3.16,1.0179
3.1291,1.0201
3.1862,1.0128
3.2246,1.0089
3.4337,0.99289
3.2509,1.0067
3.3206,0.99996
3.3,1.0004
3.2798,1.0008
3.5657,0.97543
3.4358,0.98717
3.3129,0.99838
3.4033,0.99185
3.2377,1.006
3.2589,1.0043
3.2717,1.0013
3.3775,0.99102
3.3457,0.9915
3.3042,0.9952
3.4211,0.98678
3.4726,0.98163
3.4297,0.98583
3.4844,0.98103
3.3621,0.98881
3.2235,1.0034
3.4148,0.98567
3.562,0.97383
3.2916,0.99572
3.4847,0.98055
3.4398,0.98289
3.4398,0.98247
3.5468,0.97233
3.4305,0.98137
3.5731,0.97163
3.4077,0.98167
3.618,0.96446
3.4968,0.97328
3.3692,0.9852
3.4796,0.97367
3.4555,0.97981
3.5269,0.97211
3.5681,0.96764
3.618,0.96564
3.5021,0.97267
3.4037,0.98137
3.6828,0.96031
3.4322,0.98129
3.476,0.97668
3.4992,0.97442
3.3602,0.9857
3.2897,0.99075
3.4773,0.97344
3.185,0.99961
3.6106,0.96342
3.7527,0.9532
3.7185,0.95653
3.5329,0.97277
3.59,0.96509
3.4788,0.97518
3.5899,0.96612
3.5641,0.9689
3.5177,0.97373
3.4693,0.97526
3.4716,0.97355
3.8362,0.94927
3.416,0.97786
3.4434,0.97525
3.5541,0.96407
3.3865,0.98137
3.4808,0.97375
3.491,0.97157
3.2604,0.9914
3.4661,0.9732
3.4935,0.97381
3.2616,0.99091
3.2463,0.99319
3.5718,0.96621
3.6402,0.95902
3.5848,0.96333
3.4366,0.97618
3.6387,0.95869
3.5965,0.96195
3.7338,0.95078
3.701,0.95346
3.5727,0.96129
3.5118,0.96639
3.5104,0.96613
3.7584,0.94993
3.6679,0.95203
3.6544,0.95506
3.6486,0.95498
3.5385,0.96465
3.3587,0.97916
3.547,0.96607
3.5485,0.9644
3.4426,0.97193
3.4357,0.9725
3.5226,0.96419
3.6827,0.94984
3.6789,0.95042
3.294,0.98508
3.4578,0.97009
3.3556,0.97812
3.2676,0.9868
3.3878,0.97418
3.3728,0.9756
3.294,0.98364
3.2484,0.98655
3.3597,0.97744
3.3084,0.98143
3.4741,0.96789
3.2968,0.98169
3.4357,0.97011
3.4109,0.97173
3.4212,0.97074
3.4688,0.96609
3.5445,0.96048
3.6076,0.95506
3.3908,0.97141
3.4391,0.96871
3.449,0.96688
3.2968,0.97925
3.6094,0.9584
3.3,0.97991
3.3951,0.96973
3.5897,0.95548
3.4518,0.96683
3.4277,0.96792
3.4793,0.96346
3.3186,0.97966
3.5172,0.96226
3.4396,0.96836
3.5908,0.95602
3.1856,0.99051
3.2928,0.98076
3.3294,0.97678
3.2877,0.97851
3.4681,0.96304
3.5724,0.95671
3.3966,0.97061
3.3029,0.97828
3.2474,0.98443
3.2869,0.98063
3.4951,0.96467
3.4859,0.96392
3.364,0.97457
3.4397,0.96778
3.5379,0.95894
3.5998,0.95416
3.3804,0.96971
3.528,0.95724
3.7321,0.94242
3.7254,0.94479
3.5208,0.95834
3.6247,0.95122
3.4164,0.96885
3.5327,0.95811
3.4878,0.96233
3.3849,0.96995
3.4559,0.96574
3.5421,0.96104
3.6663,0.94974
3.5146,0.96133
3.6452,0.95133
3.5442,0.95693
3.5656,0.9561
3.7865,0.94147
3.7761,0.9396
3.725,0.94404
3.4741,0.96395
3.6103,0.95342
3.6569,0.94948
3.6661,0.94982
3.5679,0.9555
3.5924,0.95487
3.6271,0.95383
3.5544,0.95948
3.6648,0.95067
3.5726,0.95858
3.6283,0.95354
3.5512,0.95862
3.5543,0.95654
3.6131,0.95346
3.7214,0.94373
3.7387,0.94479
3.4705,0.96491
3.5766,0.95677
3.6486,0.95143
3.5486,0.95913
3.6972,0.94737
3.648,0.94932
3.446,0.96432
3.7132,0.94532
3.5109,0.96092
3.5621,0.95711
3.5488,0.95921
3.5845,0.95368
3.6592,0.95035
3.7804,0.94128
3.7167,0.9442
3.6321,0.95275
3.5204,0.96
3.6806,0.95257
3.5391,0.95949
0.73223,1.3245
3.651,0.95248
3.5413,0.95664
3.4319,0.96449
3.5015,0.95985
3.6015,0.95623
3.6644,0.95072
3.5774,0.95605
3.5532,0.96025
3.4569,0.96794
3.5928,0.95638
3.5042,0.96257
3.6911,0.9476
3.575,0.9561
3.2995,0.97813
3.6851,0.95192
3.7205,0.94815
3.8373,0.93553
3.7552,0.9426
3.4391,0.9641
3.2382,0.98227
3.748,0.94425
3.5789,0.95659
3.5961,0.95165
3.7152,0.94706
3.8088,0.94025
3.7029,0.94659
3.7063,0.94491
3.7019,0.94561
3.7213,0.94508
3.6361,0.95043
3.5601,0.95408
3.6248,0.95081
3.7401,0.9415
3.6064,0.95086
3.814,0.93727
3.6457,0.94885
3.679,0.94533
3.6645,0.94835
3.6929,0.94589
3.7455,0.9413
3.8838,0.93423
3.8692,0.93526
3.8204,0.93716
3.9032,0.93003
3.7654,0.94089
3.7228,0.94233
3.7549,0.93981
3.7786,0.9377
3.6258,0.9486
3.617,0.94984
3.6222,0.94948
3.5156,0.96019
3.6168,0.95163
3.6603,0.94789
3.6396,0.95133
3.6946,0.94594
3.6258,0.95136
3.6384,0.95008
3.6526,0.94815
3.7202,0.94205
3.5352,0.95604
3.6483,0.94568
3.6899,0.94271
3.3981,0.9653
3.9347,0.92597
3.7134,0.94248
3.7062,0.94311
3.6599,0.94624
3.8989,0.92919
3.6977,0.94504
3.6091,0.95169
3.6839,0.94718
3.6808,0.94704
3.7401,0.94242
3.808,0.93765
3.7638,0.94082
3.6981,0.94587
3.7102,0.94232
3.5821,0.952
3.7055,0.94397
3.8082,0.93672
3.6824,0.94618
3.7771,0.93736
3.6882,0.94534
3.9196,0.93058
3.684,0.94525
3.9109,0.93054
3.844,0.93378
3.6544,0.94709
3.7607,0.94004
3.5666,0.95285
3.4589,0.96171
3.8333,0.9352
3.6806,0.94272
3.6018,0.94899
3.6824,0.94516
3.8245,0.93383
3.868,0.93109
3.7603,0.93967
1.3655,1.1777
3.6587,0.94678
3.7904,0.93719
3.6583,0.9469
3.7822,0.93714
3.776,0.93815
3.6852,0.94435
3.8337,0.93569
3.8407,0.93643
3.6457,0.9491
3.7819,0.93846
3.6488,0.94897
3.7319,0.94173
3.7653,0.93768
3.8535,0.93389
3.7866,0.93763
3.6801,0.94443
3.6003,0.95316
3.5283,0.95593
3.6094,0.94981
3.4428,0.965
3.4092,0.96666
3.6779,0.94473
3.444,0.96274
3.6669,0.94903
3.7747,0.93923
3.7137,0.94312
3.7717,0.93827
3.7708,0.94034
3.7603,0.93995
3.6628,0.94693
3.8279,0.93352
3.8343,0.93187
3.8269,0.92909
3.784,0.93758
3.828,0.93371
3.8186,0.93632
3.8496,0.93393
3.7141,0.94258
3.7307,0.94158
3.7855,0.93968
3.678,0.94792
3.8749,0.93202
3.6592,0.94901
3.4777,0.9585
3.6366,0.94894
3.8054,0.93686
3.5676,0.95172
3.6319,0.94609
3.7899,0.93872
3.8408,0.93408
3.7581,0.93804
3.7568,0.93891
3.9363,0.92435
3.7753,0.94101
3.8044,0.93743
3.7338,0.94214
4.1282,0.91455
3.934,0.92787
3.9487,0.92869
4.0195,0.91919
3.7858,0.93716
3.8137,0.93489
3.813,0.93584
3.737,0.9427
3.6778,0.94512
3.7594,0.93875
3.7322,0.94015
3.7342,0.93955
3.7802,0.93707
3.8223,0.93509
3.8217,0.93428
3.6586,0.94633
3.949,0.92561
3.8292,0.93355
3.7064,0.94186
3.8011,0.93453
3.7518,0.93831
3.7012,0.94375
3.6941,0.94435
3.6039,0.94902
3.6862,0.94463
3.704,0.94382
3.5003,0.95868
3.5824,0.95079
3.8119,0.93425
3.91,0.92878
3.8362,0.93513
3.5897,0.95136
3.6884,0.94643
3.634,0.94991
3.5294,0.95492
3.7337,0.94287
3.7369,0.94247
3.6662,0.94553
3.749,0.93874
3.6224,0.94866
3.9045,0.92791
3.6365,0.94793
3.9033,0.92838
4.031,0.91982
3.8377,0.93479
3.8148,0.93476
3.8253,0.93352
3.8439,0.93209
3.8599,0.93172
3.725,0.94164
3.7152,0.93963
0.61531,1.3587
3.8322,0.93276
4.0391,0.91768
3.8503,0.93274
3.9372,0.92407
3.8816,0.92835
3.9719,0.92315
4.0696,0.92091
3.9505,0.92568
3.8418,0.93171
3.9309,0.92596
3.9397,0.9257
3.7437,0.94037
3.9838,0.92221
3.9884,0.92251
3.9768,0.92221
3.6897,0.94395
3.6655,0.94422
3.9013,0.9288
3.8884,0.92899
3.9789,0.92302
3.8911,0.92887
3.7329,0.94057
3.666,0.94565
3.9459,0.92653
3.8264,0.93308
3.8594,0.93099
3.954,0.92464
3.9107,0.92792
3.888,0.93109
3.9653,0.92521
3.8672,0.93201
3.8332,0.93434
3.8872,0.92863
3.8778,0.93265
3.8713,0.93286
3.9403,0.92604
3.8194,0.93601
3.7981,0.93743
3.9047,0.92848
3.9058,0.92883
3.8442,0.93344
3.9627,0.92572
4.2975,0.90576
3.8334,0.93322
3.7344,0.94115
3.667,0.94458
3.8528,0.93243
3.9557,0.92674
3.6887,0.94675
3.811,0.93552
3.6646,0.94601
3.6798,0.94486
3.6094,0.95045
4.0647,0.92039
3.7209,0.9443
3.7203,0.94068
3.6194,0.94883
3.6633,0.94628
3.8317,0.93284
3.7301,0.94073
4.0611,0.91983
3.8731,0.9309
3.8147,0.93445
3.7357,0.93974
3.9287,0.92757
3.6992,0.94196
3.7758,0.93751
3.6825,0.9434
3.7421,0.94039
3.8934,0.9298
3.744,0.93942
3.6403,0.949
3.7564,0.93972
3.8363,0.93371
3.7555,0.93825
3.5848,0.952
3.9166,0.92618
3.7565,0.93707
3.8591,0.93127
3.837,0.92942
3.7698,0.93441
3.9299,0.9237
3.8005,0.93263
3.775,0.93497
3.8546,0.93155
3.8971,0.92983
3.8541,0.93218
3.691,0.94293
3.7972,0.93758
3.5757,0.953
3.8531,0.92973
3.7439,0.94104
3.8331,0.93355
3.7292,0.94109
3.8573,0.93138
3.6991,0.94103
3.8391,0.93156
3.7672,0.93665
3.6676,0.94332
3.6707,0.9424
3.816,0.9327
3.7492,0.9383
3.5892,0.95062
3.6996,0.94192
3.7206,0.94048
3.5994,0.94949
3.5084,0.95612
3.6098,0.94929
3.6588,0.94844
3.6806,0.94612
3.5307,0.95775
3.8499,0.93177
3.7748,0.93466
3.7697,0.93525
3.7583,0.9376
3.8145,0.93373
3.8073,0.93461
3.713,0.94021
3.6827,0.94265
3.8105,0.93381
3.6657,0.94429
3.4622,0.95986
3.6382,0.94633
3.7278,0.94011
3.6177,0.94819
3.8239,0.93138
3.6683,0.94427
3.6856,0.94148
3.7728,0.93417
3.7557,0.93585
3.7461,0.93521
3.7773,0.93355
3.8024,0.93319
3.7289,0.94012
3.8833,0.92744
3.8824,0.92851
3.8051,0.93516
3.8222,0.93403
3.9238,0.92557
3.8767,0.92998
3.827,0.93223
3.8562,0.93145
3.8508,0.93152
3.8537,0.93052
3.8731,0.92769
3.7746,0.93638
3.9357,0.92464
3.7865,0.93645
3.743,0.93935
3.8598,0.93087
3.8179,0.93468
3.7966,0.93487
3.6718,0.94498
3.691,0.94355
3.9449,0.92312
3.4264,0.96211
3.8187,0.93412
3.9549,0.9228
3.9752,0.92297
3.9714,0.92277
3.9329,0.92498
3.9465,0.92505
3.9694,0.92322
3.8375,0.9317
3.8035,0.9333
3.8073,0.93431
3.9592,0.92447
3.36,0.96653
3.7756,0.9372
3.9072,0.92812
3.8172,0.93295
3.96,0.92412
3.7873,0.93422
3.7367,0.93914
3.8859,0.92856
3.9042,0.9263
3.7607,0.93789
3.6862,0.94312
3.7507,0.93644
3.7941,0.9349
3.8629,0.93019
3.7667,0.93799
3.6898,0.94315
3.7899,0.93641
3.7092,0.94136
3.8462,0.9337
3.8742,0.93108
3.9291,0.9269
3.7258,0.94194
3.6291,0.94725
3.5966,0.94947
3.6898,0.94205
3.7336,0.94017
3.8229,0.93265
3.9495,0.92591
3.8455,0.93066
3.777,0.93843
3.7706,0.93716
3.5787,0.95192
3.7623,0.93659
3.8788,0.92994
4.0087,0.92054
3.7632,0.93827
3.9102,0.92872
3.8006,0.93581
3.629,0.94958
3.7577,0.94346
3.6718,0.94499
3.6973,0.94256
3.8242,0.93233
3.7348,0.93978
3.7031,0.94102
3.7074,0.94098
3.796,0.93507
3.5468,0.95442
3.6201,0.94673
3.5716,0.95534
3.2936,0.97855
3.6295,0.94866
3.7048,0.94164
3.846,0.9315
3.7248,0.94078
3.7781,0.93638
3.7899,0.93594
3.7237,0.94049
3.8697,0.92774
3.7351,0.93818
3.7503,0.93691
3.8693,0.92672
3.8159,0.93662
3.8144,0.93166
3.9468,0.92147
3.9483,0.92104
3.9539,0.92075
3.6708,0.94195
3.9691,0.9239
3.8894,0.9285
3.7498,0.9382
3.6929,0.94116
3.8986,0.92496
3.8392,0.9303
3.8764,0.92954
4.0383,0.91517
3.6439,0.94515
3.8336,0.93396
4.0066,0.92136
3.7806,0.9364
3.8314,0.93127
3.7123,0.93992
3.7514,0.93576
3.7203,0.94017
3.7563,0.93746
3.7861,0.93655
3.7929,0.93472
3.735,0.9382
3.8404,0.93096
3.5934,0.95107
3.5641,0.95177
3.7424,0.93837
3.6884,0.94214
3.6153,0.94687
3.6604,0.9431
3.5317,0.95436
3.6274,0.94487
3.6696,0.94125
3.6448,0.94517
3.8591,0.92823
3.6618,0.945
3.6536,0.94476
3.7737,0.93724
3.7016,0.94201
3.7721,0.93459
3.7164,0.94091
3.503,0.95586
3.7788,0.93378
3.7175,0.93925
3.7833,0.93587
3.871,0.92936
3.8224,0.92994
3.7547,0.93838
3.7549,0.93925
3.6655,0.94488
3.7694,0.93719
3.5472,0.95233
3.7582,0.93792
3.7184,0.94078
3.6717,0.94349
3.5718,0.95375
3.838,0.92941
3.7822,0.93507
3.8275,0.93293
3.8878,0.92853
4.012,0.91969
3.9397,0.92477
3.8566,0.93012
3.8915,0.92876
3.7871,0.93636
3.6383,0.94514
3.7679,0.93803
3.6862,0.94425
3.7677,0.93441
3.7799,0.93487
3.8241,0.93152
3.8611,0.92997
3.7457,0.93641
3.6139,0.94706
0.9439,1.261
3.7315,0.93877
3.584,0.94984
3.6497,0.94584
3.6607,0.94425
3.5999,0.94658
3.7067,0.94284
3.789,0.93738
3.6921,0.9421
3.8316,0.9325
3.8363,0.93045
3.8224,0.9312
3.8549,0.93209
4.0565,0.92043
3.9074,0.92622
3.8147,0.93395
3.7904,0.93451
3.5896,0.95136
0.50631,1.399
4.0569,0.92121
3.7912,0.93653
3.9701,0.92778
3.663,0.94439
3.7163,0.94154
1.034,1.2403
3.645,0.94678
3.652,0.94668
3.9313,0.92868
3.6238,0.9455
3.757,0.93548
3.6757,0.94266
3.8581,0.92845
3.5341,0.95373
3.6327,0.94789
3.7635,0.93708
3.7837,0.93337
3.8252,0.93271
3.6857,0.94392
3.7185,0.93948
3.7463,0.93755
3.8071,0.9341
3.6906,0.94137
3.7656,0.93643
3.882,0.92802
3.715,0.93871
3.8054,0.9338
3.8798,0.92649
3.8215,0.93206
3.8096,0.93082
3.9099,0.92396
3.8831,0.92788
4.1768,0.90642
3.8349,0.93179
3.8661,0.93044
3.8591,0.92981
3.8449,0.93059
3.7671,0.9357
3.8386,0.92958
3.8622,0.92868
3.8858,0.92731
3.8167,0.93368
3.9549,0.92209
3.6885,0.93995
3.6768,0.94098
3.9911,0.91758
3.8233,0.93002
3.6029,0.94967
3.6005,0.94877
3.7726,0.93458
3.732,0.93799
3.7136,0.94031
3.7051,0.94112
3.7243,0.93946
3.553,0.9539
3.6144,0.9502
3.6649,0.94604
3.645,0.94543
3.6809,0.94278
3.6236,0.94592
3.7471,0.93806
3.6181,0.94712
3.5419,0.9529
3.6063,0.94748
3.7568,0.93494
3.7872,0.93262
3.86,0.92883
3.7198,0.93695
3.6565,0.94437
3.6054,0.94594
3.4241,0.96086
3.8511,0.92954
3.5575,0.95208
3.7074,0.94007
3.5207,0.95477
3.8166,0.93113
3.584,0.95021
3.6697,0.94153
3.6853,0.94108
3.6063,0.94779
3.7528,0.9356
3.5709,0.95031
3.6455,0.94441
3.8683,0.92664
3.8109,0.93251
4.0635,0.91339
3.7736,0.93432
3.9802,0.91817
3.9004,0.92432
3.8243,0.92949
3.8011,0.93461
3.9467,0.92289
3.9098,0.92636
3.9545,0.92286
3.8542,0.92906
4.0086,0.92007
3.9021,0.92735
3.8735,0.92821
3.8655,0.92817
3.8476,0.93147
3.8999,0.92756
3.9411,0.92436
3.8405,0.93035
3.6677,0.94578
3.8736,0.92976
3.8294,0.93037
3.7761,0.93493
3.742,0.93778
3.8823,0.9265
3.745,0.93813
3.8499,0.92938
3.8817,0.92787
3.8465,0.92906
3.7857,0.936
3.823,0.93309
3.912,0.92737
3.8912,0.92892
3.7804,0.93664
3.8192,0.93209
3.6953,0.94185
3.6211,0.9474
3.7157,0.93953
3.8249,0.93118
3.8981,0.9256
3.8052,0.93398
3.7589,0.93738
3.6629,0.94359
3.772,0.93411
3.817,0.93269
3.8634,0.93064
3.9078,0.92635
3.9496,0.92514
3.7253,0.93904
4.0585,0.91542
3.9551,0.92249
3.8378,0.93138
3.7562,0.93697
3.8832,0.92699
3.9781,0.92163
3.8392,0.9301
3.7814,0.93423
3.7609,0.93759
3.7635,0.93589
3.7114,0.94215
3.7026,0.94081
3.7918,0.93349
3.8732,0.9287
3.8618,0.92807
3.7988,0.93321
3.7976,0.93333
3.9526,0.92293
3.8446,0.92932
3.9159,0.92637
3.9551,0.92129
4.085,0.91285
4.0618,0.91247
3.9042,0.9259
3.8866,0.9274
3.6832,0.94029
3.7324,0.9391
3.7795,0.93565
3.5613,0.95193
3.6685,0.94259
3.7045,0.9413
3.7917,0.93402
3.7087,0.94025
3.6582,0.94471
3.8629,0.92753
3.9722,0.91985
3.7147,0.93735
3.9051,0.92477
0.91991,1.264
3.7394,0.93661
3.6862,0.94
3.8512,0.92681
3.7777,0.93367
3.8135,0.93168
3.7864,0.93425
3.8921,0.92505
3.9326,0.92334
3.8517,0.92992
3.9154,0.92417
3.8984,0.92561
3.7468,0.93621
3.7777,0.93431
3.8,0.93133
3.6676,0.94156
3.7251,0.93696
3.7676,0.93487
3.8649,0.92811
3.5682,0.95095
4.1596,0.90954
3.809,0.93261
3.8104,0.93239
3.6142,0.94537
3.5149,0.95096
3.6288,0.9459
3.5966,0.94763
3.625,0.94503
3.5411,0.95052
3.8147,0.92978
3.7316,0.93743
3.7846,0.93484
3.7972,0.93371
3.882,0.9269
3.798,0.93378
3.7712,0.93364
3.7582,0.93492
3.8663,0.92862
3.8557,0.93063
3.7222,0.94006
3.6663,0.94251
3.6894,0.94066
3.6654,0.94343
3.7122,0.93959
3.6306,0.94466
3.7633,0.93536
3.7167,0.93962
3.7849,0.93315
3.6524,0.94379
3.662,0.94301
3.8219,0.93183
3.7199,0.94021
3.6025,0.94745
3.5897,0.9471
3.5749,0.94883
3.662,0.94232
3.7232,0.93689
3.7446,0.93513
3.7041,0.93829
3.7388,0.93706
3.7838,0.93415
3.7388,0.93742
3.9224,0.92403
3.9143,0.92594
3.7611,0.93549
3.7103,0.93812
3.4223,0.95899
3.597,0.94707
3.728,0.93611
3.7975,0.93166
4.0029,0.91517
3.8689,0.92544
3.717,0.93797
3.8286,0.92888
3.799,0.93132
3.8253,0.92914
3.8003,0.93138
3.9886,0.91788
3.6816,0.94034
3.8797,0.92681
3.9519,0.92073
3.9281,0.92235
3.9081,0.9233
3.8507,0.92722
3.9708,0.91863
3.8834,0.92477
3.7858,0.93229
3.8445,0.92708
3.8421,0.92599
3.8704,0.92438
3.8007,0.93018
0.88047,1.2709
3.8749,0.92533
3.8844,0.9242
3.8287,0.92668
3.9977,0.91479
4.0143,0.91502
3.8883,0.92375
3.7841,0.92847
4.216,0.90323
4.1142,0.9101
3.9425,0.91811
3.8578,0.92438
3.7116,0.93461
3.9307,0.91819
3.9708,0.91542
3.7443,0.93132
3.6371,0.93909
3.7274,0.93233
3.7664,0.92831
3.7978,0.92635
3.6733,0.93583
3.5556,0.9426
3.7504,0.92939
3.9188,0.91511
3.8687,0.92158
4.0287,0.90646
3.7495,0.92791
3.9218,0.91411
3.8645,0.92165
3.7041,0.93233
3.6784,0.93341
3.6541,0.93385
3.7297,0.92786
3.8458,0.92155
3.7114,0.92995
3.9627,0.91495
4.0847,0.90701
3.9057,0.91544
3.9241,0.9128
3.7914,0.92042
3.9663,0.90953
3.9734,0.90881
3.7491,0.9218
3.8036,0.91853
3.9027,0.91192
3.8779,0.91366
3.7333,0.92385
4.0459,0.90256
4.0155,0.90171
3.8063,0.91813
3.815,0.91731
3.8361,0.9145
3.7154,0.92454
3.9048,0.91132
3.7802,0.91923
4.2468,0.89041
4.1533,0.89616
4.0291,0.89938
4.0393,0.89831
4.0835,0.89741
4.3782,0.87748
4.0898,0.89256
3.7994,0.9101
4.2304,0.88139
4.0734,0.89347
4.0763,0.8933
4.2534,0.88161
4.0958,0.88945
3.7948,0.90897
3.891,0.90339
3.9381,0.89937
4.0606,0.8906
3.8477,0.90271
4.0561,0.89083
3.8705,0.90112
4.0655,0.88774
4.0157,0.89295
4.0961,0.88545
4.1173,0.88295
4.1933,0.87755
4.012,0.89099
4.4074,0.86435
4.1792,0.88003
4.1069,0.88502
4.3247,0.87057
4.3349,0.86664
4.0548,0.88506
4.0807,0.88165
4.2186,0.87326
3.9189,0.89401
4.3192,0.86839
3.8517,0.89478
4.2612,0.87173
4.4777,0.85812
4.2811,0.86888
4.2336,0.87032
4.1569,0.87446
4.3378,0.8629
4.5121,0.85289
4.3472,0.86207
4.2785,0.86497
4.368,0.86057
4.475,0.85663
4.3628,0.86285
4.1638,0.87171
4.4402,0.85831
4.5974,0.84742
4.5439,0.84816
4.6663,0.83954
4.742,0.83505
4.5371,0.84603
4.6509,0.83968
4.7584,0.83383
4.6295,0.83928
4.8108,0.8271
4.7604,0.83157
4.6878,0.83441
4.7715,0.82999
4.577,0.8384
4.4968,0.84338
4.6057,0.83697
4.5971,0.83773
4.9961,0.81298
4.7817,0.8252
4.6834,0.831
5.0043,0.8132
4.9028,0.82002
5.0215,0.81199
5.0871,0.80761
5.2228,0.80165
5.2212,0.79906
5.3628,0.79391
5.3597,0.79321
5.2535,0.79601
5.4248,0.7867
5.4696,0.78496
5.2838,0.79356
5.2889,0.79317
5.1756,0.79752
5.3564,0.78915
5.2504,0.79319
5.4144,0.78431
5.3377,0.78858
5.1685,0.7942
5.2003,0.79248
0.87685,1.1928
4.9348,0.80638
5.0499,0.79983
5.1301,0.79547
5.1859,0.79103
4.9747,0.80214
5.2735,0.78653
5.1802,0.79168
5.4094,0.78016
5.3154,0.78414
5.1729,0.7913
5.5205,0.77215
5.3508,0.78277
5.7187,0.76391
5.6878,0.76517
5.5237,0.77474
5.6267,0.76898
5.3562,0.78119
5.0254,0.79735
5.2219,0.78731
5.4241,0.77927
5.4694,0.7758
5.8179,0.75866
5.5813,0.77012
5.7658,0.7606
5.6975,0.76403
5.7226,0.76189
5.5762,0.76866
5.6752,0.76261
5.6151,0.76401
5.5086,0.7689
5.3519,0.77664
5.3986,0.7756
5.4292,0.7728
5.6477,0.75947
5.3922,0.77429
5.7877,0.75409
5.7737,0.75504
6.0827,0.73889
6.041,0.73913
6.0346,0.73782
6.2477,0.7275
6.2053,0.73027
6.3961,0.71986
6.3364,0.72318
6.1389,0.73281
6.2093,0.72726
6.0929,0.73084
6.4534,0.71705
5.9865,0.73611
6.5165,0.71271
5.6464,0.74825
6.6884,0.70636
6.5426,0.71259
6.2324,0.72373
6.2917,0.72091
6.0291,0.73145
6.3356,0.72042
6.1055,0.72762
6.3796,0.71757
6.5543,0.70803
6.4135,0.71497
6.3086,0.71844
6.288,0.71919
6.4947,0.71073
6.4904,0.71033
6.5352,0.70745
6.7681,0.69798
6.7287,0.69876
6.6548,0.70065
6.8334,0.69338
6.815,0.69381
6.4744,0.70614
6.5235,0.70515
6.6287,0.69999
6.6107,0.70039
6.7658,0.69536
6.6196,0.70047
6.7262,0.69526
6.5495,0.70206
7.0782,0.68169
7.005,0.68527
6.9802,0.68417
6.9021,0.68756
6.9623,0.6845
7.002,0.68382
7.0061,0.68222
6.8692,0.68762
6.8912,0.68552
6.7697,0.69021
6.7159,0.69149
6.7221,0.69111
6.7054,0.69177
6.7723,0.68943
6.9326,0.68207
7.0283,0.67897
6.4962,0.69919
6.6831,0.68988
6.6044,0.69276
6.7747,0.68628
6.3179,0.70323
6.6439,0.69061
6.6211,0.69091
6.3609,0.70021
6.4114,0.6987
6.4119,0.69922
6.3201,0.70198
6.3153,0.7024
6.431,0.6958
6.5344,0.69233
6.439,0.69535
6.3131,0.69923
6.4145,0.69561
6.5027,0.69098
6.2726,0.69979
6.2232,0.70181
6.7086,0.68252
6.0461,0.70851
6.4648,0.69129
5.8877,0.71466
6.3322,0.69543
6.1851,0.70076
6.4133,0.69152
6.0657,0.70558
6.3424,0.69383
6.0971,0.70341
6.2558,0.69684
6.1529,0.69956
6.0325,0.70435
5.9166,0.7101
6.2492,0.69622
6.1359,0.69933
5.9971,0.70542
6.177,0.69865
6.34,0.69116
6.2386,0.69488
6.2254,0.69388
6.2925,0.69027
5.9431,0.70373
5.8054,0.70869
5.7269,0.71123
5.7962,0.70768
5.6988,0.71244
5.865,0.7037
5.7439,0.70912
0.81097,1.1438
6.0254,0.69686
6.0609,0.69482
6.1262,0.6928
6.1158,0.69224
5.8591,0.70395
5.8988,0.70157
6.0388,0.69503
5.8558,0.70269
5.8928,0.70101
5.9927,0.69699
5.952,0.69853
5.872,0.70151
5.7575,0.70642
5.9983,0.69401
5.9366,0.69678
5.8164,0.70222
5.9236,0.69606
5.8324,0.70003
5.6377,0.70744
6.0138,0.6904
5.6833,0.70599
5.5654,0.7095
5.6111,0.70749
5.6299,0.70639
5.6762,0.70393
5.8569,0.69501
5.6464,0.70524
5.5613,0.70926
5.762,0.69686
5.7157,0.69947
5.6973,0.69928
0.64931,1.1763
5.5294,0.70741
5.7156,0.69729
5.7328,0.69819
5.7708,0.69682
5.7919,0.69462
5.7772,0.69521
5.85,0.69107
5.8716,0.68953
5.7748,0.69425
5.7578,0.69448
5.6211,0.70116
6.0845,0.67927
5.8222,0.69103
5.6701,0.69831
5.69,0.69638
5.7789,0.69152
5.8004,0.69008
5.7048,0.69485
5.5709,0.6999
5.7516,0.69178
5.7395,0.69291
5.5742,0.69896
5.651,0.69505
5.437,0.70511
5.524,0.70115
5.5093,0.70276
5.6885,0.69341
5.4049,0.70742
5.3379,0.70927
5.4413,0.7035
5.405,0.70625
5.1703,0.71752
5.3563,0.70777
5.8903,0.68122
5.7971,0.68495
5.3232,0.70887
5.615,0.69524
5.4221,0.70309
5.5657,0.69756
5.3844,0.70597
5.3805,0.70584
5.4735,0.70106
5.5996,0.69455
5.5735,0.6932
5.4492,0.70011
5.2832,0.70967
5.2716,0.71005
5.4668,0.698
5.6309,0.69014
5.3816,0.70409
5.5073,0.69615
5.2805,0.70609
5.624,0.69043
5.4198,0.69985
5.3033,0.70441
5.3865,0.70025
5.5186,0.694
5.4618,0.69719
5.2725,0.70594
5.4607,0.69632
5.3189,0.7042
5.3425,0.702
5.4841,0.69513
5.5361,0.69256
5.4441,0.69765
5.5407,0.69246
5.4915,0.69462
5.22,0.70733
5.6987,0.68544
5.5166,0.69311
5.5814,0.69039
5.3141,0.70271
5.3082,0.70258
5.2747,0.70347
5.5506,0.69067
5.4747,0.69664
5.6085,0.68993
5.6341,0.68815
5.4332,0.69879
5.4908,0.69676
5.4612,0.69644
5.6387,0.68886
5.3038,0.70339
5.3644,0.70083
5.5237,0.69242
5.4244,0.69594
5.3899,0.69781
5.4802,0.69342
5.6325,0.68556
5.5592,0.68978
5.2954,0.70318
5.5407,0.69129
5.7099,0.68481
5.4776,0.69586
5.5382,0.69237
5.543,0.69257
5.5946,0.69076
5.5423,0.69238
5.4309,0.69744
5.485,0.6938
5.5865,0.68939
5.4168,0.69704
5.4192,0.69674
5.6303,0.68712
5.5575,0.69079
5.5899,0.69043
5.4694,0.69554
5.2377,0.70599
5.5146,0.69279
5.6035,0.68734
5.474,0.69257
5.6148,0.68677
5.4429,0.69419
5.6928,0.68495
5.5769,0.68932
5.7178,0.68369
5.4351,0.69725
5.4158,0.69768
5.4305,0.69666
5.7571,0.68168
5.6396,0.68563
5.646,0.68428
5.4179,0.69528
5.4092,0.69563
5.6322,0.68703
5.705,0.68232
5.6476,0.68452
5.6772,0.68408
5.607,0.68675
5.572,0.68861
5.4656,0.69385
5.4757,0.69283
5.7116,0.68261
5.6632,0.68539
5.4788,0.69424
5.5156,0.69341
5.5607,0.69093
5.5855,0.68981
5.5961,0.68794
5.578,0.68798
5.6399,0.68436
5.6496,0.68325
5.664,0.68287
5.7744,0.67818
5.6276,0.68514
5.5973,0.68828
5.7882,0.68058
5.6608,0.6845
5.5119,0.69209
5.4892,0.69307
5.486,0.69194
5.6092,0.68682
5.5216,0.69076
5.481,0.69115
5.5075,0.68915
5.5382,0.68784
5.5734,0.68624
5.4586,0.6929
5.679,0.68432
5.6077,0.68801
5.5713,0.69065
5.5101,0.69258
5.463,0.6938
5.49,0.69245
5.7715,0.67844
5.5529,0.68644
5.5032,0.68843
5.4192,0.69333
5.5754,0.68727
5.6506,0.68423
5.4114,0.69613
5.3448,0.70029
5.2867,0.70325
5.2678,0.70433
5.2276,0.70536
5.5434,0.68903
5.4335,0.69451
5.3417,0.69648
5.3204,0.69754
5.4472,0.69244
5.2867,0.69982
5.3674,0.69615
5.537,0.68896
5.8459,0.67536
5.6415,0.68532
5.2094,0.70511
5.6623,0.68375
5.5734,0.68782
5.699,0.68266
5.6315,0.68565
5.3604,0.698
5.5055,0.691
5.7039,0.68212
5.537,0.68896
5.5257,0.68892
5.4834,0.69005
5.4951,0.69006
5.5684,0.68794
5.4539,0.69272
5.4315,0.69402
5.268,0.70143
5.4425,0.69324
5.4518,0.69278
5.592,0.68686
5.5582,0.68779
5.2894,0.69966
5.4585,0.69153
5.2668,0.70108
5.311,0.69921
5.3859,0.6959
5.5435,0.68863
5.4086,0.69436
5.482,0.69157
5.3714,0.6958
5.4021,0.69453
5.5043,0.69037
5.3946,0.69487
5.3548,0.69713
5.3736,0.69741
0.65797,1.1567
5.3834,0.69549
5.4694,0.69132
5.4413,0.69308
5.4179,0.69343
0.71127,1.1382
5.3584,0.69543
5.5866,0.6843
5.4483,0.69104
5.5409,0.68734
5.4134,0.69409
5.4305,0.69411
5.5177,0.69087
5.5456,0.68931
5.6001,0.68601
5.5344,0.68879
5.5885,0.68563
5.4741,0.68928
5.5002,0.68977
5.562,0.68647
5.5524,0.68693
5.4184,0.69263
5.591,0.68512
5.741,0.67886
5.7263,0.68039
5.7434,0.67974
5.6266,0.6851
5.5659,0.68745
5.607,0.68581
5.3851,0.69566
5.5788,0.68553
5.4591,0.69111
5.4138,0.69249
5.4892,0.6886
5.4961,0.68868
5.5144,0.68913
5.5468,0.68825
5.5903,0.68675
5.7355,0.68062
5.7996,0.67834
5.5616,0.68805
5.7809,0.67801
5.7113,0.68095
5.7093,0.68035
5.7788,0.67698
5.7731,0.67698
5.731,0.67892
5.6122,0.68505
5.6816,0.68141
5.6035,0.68479
5.6413,0.68293
5.8967,0.67173
5.727,0.67977
5.8206,0.67609
5.5724,0.68709
5.4863,0.69062
5.6181,0.68463
5.4554,0.69104
5.517,0.68826
5.4383,0.6913
5.5353,0.68633
5.575,0.68567
5.5927,0.6855
5.4065,0.69464
5.4786,0.69143
5.6417,0.68426
5.4806,0.69177
5.5954,0.68649
5.5946,0.68602
5.5967,0.68573
5.7318,0.67836
5.3977,0.6934
5.4187,0.69245
5.3861,0.69464
5.3167,0.69824
5.3468,0.69712
5.4347,0.69284
5.3133,0.69891
5.6036,0.68538
5.4575,0.69096
5.5145,0.68971
5.7135,0.67987
5.5836,0.68697
5.3677,0.69624
5.7993,0.67677
5.4594,0.69154
5.5679,0.6869
5.6185,0.68511
5.6411,0.68426
5.6979,0.68254
5.6976,0.68226
5.6186,0.68516
5.8548,0.67419
5.6664,0.68187
5.3909,0.69365
5.2824,0.70008
5.3499,0.69636
5.4319,0.69258
5.5648,0.68666
5.5651,0.68678
5.5101,0.68876
5.3495,0.69683
5.4088,0.69408
5.4369,0.69343
5.3534,0.6965
5.4011,0.69387
5.5255,0.68763
5.3847,0.69423
5.4976,0.68866
5.4,0.69417
5.4562,0.69212
5.3344,0.69675
5.4419,0.69291
5.3163,0.69849
5.4141,0.69365
5.3383,0.69795
5.2607,0.70137
5.4196,0.69347
5.3743,0.6955
5.2825,0.69877
5.2216,0.70193
5.1631,0.70473
5.2307,0.70199
5.3802,0.69451
5.3586,0.69556
5.2998,0.69881
5.4062,0.69446
5.3169,0.69904
5.2343,0.7019
5.3624,0.69627
5.2835,0.69846
5.4517,0.69101
5.3184,0.69805
5.3958,0.6942
5.4722,0.69009
5.4706,0.69
5.4904,0.68877
5.5477,0.68636
5.5673,0.6863
5.6624,0.68128
5.4264,0.69366
5.6237,0.68442
5.5652,0.68726
5.6712,0.68164
5.6364,0.68345
5.4656,0.69093
5.5356,0.68807
5.6765,0.68154
5.629,0.68279
5.576,0.68483
5.496,0.68766
5.5732,0.68531
5.4847,0.6893
5.465,0.69033
5.3593,0.69508
5.6919,0.6805
5.7731,0.67701
5.4027,0.69243
5.2908,0.69722
5.4428,0.69093
5.3803,0.69497
5.7553,0.67855
5.5167,0.68848
5.2719,0.69901
5.5642,0.68657
5.4226,0.69307
5.3493,0.69605
5.5101,0.68902
5.5529,0.68654
5.5389,0.68601
5.5068,0.68808
5.5377,0.68698
5.4429,0.69204
5.5456,0.68691
5.5348,0.68732
5.3749,0.6954
5.556,0.68663
5.5327,0.68649
5.3665,0.69473
5.7457,0.67818
5.6873,0.68107
5.6125,0.68415
5.6297,0.68242
5.8235,0.67495
5.8148,0.67529
5.7262,0.6783
5.7032,0.67891
5.8914,0.67098
5.7484,0.67742
5.6623,0.68194
5.5087,0.68936
5.5821,0.68563
5.5549,0.68665
5.5778,0.68456
5.5157,0.68843
5.7087,0.67959
5.6566,0.68214
5.6549,0.68238
5.5037,0.68863
5.4136,0.69321
5.5395,0.68701
5.5437,0.68661
5.452,0.69116
5.7012,0.68095
5.5521,0.68731
5.6653,0.68275
5.7148,0.68019
5.5454,0.68772
5.4595,0.6913
5.5106,0.6883
5.7261,0.6788
5.5351,0.68724
5.5614,0.68661
5.658,0.68205
5.4627,0.691
5.6321,0.68348
5.8116,0.67563
5.9525,0.67015
5.6603,0.68254
5.7997,0.677
5.6047,0.68495
5.4952,0.69028
5.5759,0.68642
5.473,0.69174
5.5416,0.68741
5.7775,0.67652
5.4956,0.68923
5.4893,0.68948
5.3549,0.69666
5.537,0.68778
5.5153,0.68868
5.5026,0.68914
5.4188,0.69278
5.6857,0.68065
5.5048,0.68868
5.5686,0.6864
5.5413,0.68935
5.5498,0.68832
5.5097,0.69167
5.6081,0.6873
5.4274,0.69547
5.3978,0.69674
5.4265,0.69303
5.4703,0.69127
5.3835,0.69526
5.6309,0.6831
5.3661,0.69517
5.4129,0.69266
5.2976,0.69903
5.3535,0.69713
5.5129,0.68923
5.3468,0.69741
5.3987,0.69507
5.3834,0.69643
5.6108,0.68575
5.5724,0.68777
5.542,0.68835
5.4666,0.69193
5.5442,0.68822
5.8205,0.67593
5.7111,0.68133
5.5916,0.68693
5.5956,0.6869
5.4736,0.69164
5.5658,0.68742
5.5582,0.68732
5.3559,0.69654
5.4053,0.69356
5.4319,0.6922
5.4147,0.69324
5.5109,0.68887
5.4836,0.69107
5.5236,0.68901
5.3743,0.69701
5.4918,0.69159
0.42392,1.2447
5.6174,0.68617
5.635,0.68444
5.639,0.68312
5.4103,0.69353
5.5214,0.68822
0.3893,1.2649
0.38913,1.2647
5.2218,0.70209
0.40352,1.256
0.40145,1.2574
0.418,1.247
5.3387,0.69772
5.3916,0.6952
5.5489,0.68728
5.3198,0.69843
5.3332,0.69761
5.3939,0.69405
5.3647,0.69641
5.3926,0.69506
5.5766,0.68647
5.3719,0.69585
5.4987,0.68937
5.566,0.68561
5.5371,0.68719
5.8048,0.67461
5.6579,0.68163
5.5102,0.68796
5.6294,0.68364
5.8206,0.67594
5.6397,0.68411
5.4875,0.69187
5.4613,0.69304
5.5502,0.68921
5.5859,0.68733
5.5474,0.68704
5.556,0.68686
5.5648,0.68626
5.5059,0.68828
5.4825,0.68947
5.46,0.69048
5.5926,0.68502
5.6509,0.68284
5.6854,0.68188
5.6647,0.6834
5.5215,0.69006
5.7949,0.67795
5.541,0.68835
5.4538,0.69201
5.3663,0.69583
5.4476,0.69169
5.5812,0.68611
5.6305,0.68326
5.5544,0.6858
5.3999,0.69319
5.5213,0.68836
5.5992,0.68501
5.4472,0.69104
5.6081,0.68467
5.6496,0.68213
5.5766,0.68493
5.5795,0.68571
5.6298,0.68374
5.6386,0.68269
5.7197,0.67974
5.5284,0.68753
5.7494,0.67762
5.6209,0.68401
5.4826,0.68992
5.5546,0.68687
5.455,0.69145
5.5521,0.68686
5.5109,0.68894
5.3919,0.69369
5.4848,0.68986
5.5133,0.68847
5.5139,0.68795
5.3181,0.69679
5.3516,0.6941
5.4738,0.68796
5.386,0.69201
5.6047,0.68275
5.406,0.6913
5.5962,0.68313
5.6217,0.68117
5.4892,0.68751
5.7628,0.67625
5.5031,0.68756
5.6278,0.68276
0.44902,1.2303
5.6718,0.68195
5.648,0.68232
5.6427,0.68265
5.6201,0.6839
5.5754,0.68576
5.7941,0.67617
5.7291,0.67933
5.7136,0.68042
5.499,0.69052
5.7226,0.67997
5.5224,0.68921
5.5113,0.68948
5.7947,0.67622
5.5984,0.68531
5.5671,0.68613
5.6012,0.68505
5.6559,0.68256
5.4589,0.69135
5.8314,0.67471
5.6963,0.68037
5.8375,0.67497
5.7325,0.67933
5.701,0.68211
5.7272,0.68097
5.692,0.68243
5.6806,0.68232
5.7892,0.67786
5.6679,0.68208
5.6169,0.68393
5.6714,0.68186
5.5314,0.6873
5.5635,0.68592
5.624,0.68291
5.6259,0.68379
5.4887,0.69037
5.7884,0.67718
5.5096,0.69026
5.7525,0.67977
5.5043,0.6903
5.6935,0.68222
5.6618,0.68398
5.4718,0.69313
5.4603,0.69224
5.6699,0.68305
5.4623,0.69253
5.5096,0.68984
5.3946,0.69438
5.8382,0.67447
5.5991,0.68554
5.4832,0.6911
5.6478,0.68345
5.5745,0.68618
5.6447,0.68367
5.7147,0.68056
5.8914,0.67413
5.6724,0.68269
5.7056,0.68096
5.5835,0.68663
5.7518,0.67867
5.8596,0.67415
5.597,0.68499
5.2688,0.6987
0.60105,1.173
5.6013,0.68488
5.3251,0.69625
5.5274,0.68788
5.4823,0.69047
5.4925,0.69013
5.6778,0.68116
5.6116,0.68354
5.7374,0.67922
5.7276,0.67905
5.612,0.68357
5.7051,0.68047
5.851,0.67496
5.8172,0.67531
5.9246,0.67131
5.8072,0.67541
5.6313,0.68362
5.5327,0.68843
5.5627,0.68613
5.6648,0.68229
5.5981,0.68388
5.5416,0.68704
5.8304,0.67445
5.6577,0.68249
5.9255,0.67053
5.8126,0.67561
5.7983,0.67615
5.8352,0.67488
5.6282,0.68372
5.8377,0.67447
5.7009,0.68086
5.9282,0.67119
5.8395,0.67532
5.6699,0.68298
5.9125,0.67286
5.6791,0.68215
5.6943,0.68197
5.6274,0.68437
5.7156,0.67983
5.8269,0.67547
5.7369,0.67903
5.9419,0.66972
5.8447,0.67501
5.7068,0.6812
5.8534,0.67323
5.6945,0.68113
5.7722,0.6767
5.8216,0.67471
5.6483,0.68312
5.689,0.68088
5.666,0.68186
5.7371,0.67895
5.6969,0.68175
5.6859,0.68141
5.6258,0.68521
5.6258,0.68497
5.6267,0.68416
5.8047,0.67686
5.8867,0.67365
5.7861,0.6762
5.756,0.67733
5.9081,0.67099
5.9306,0.6703
5.7557,0.67809
5.6636,0.68292
5.9061,0.67265
5.8903,0.6731
5.8048,0.67785
5.9294,0.67195
5.825,0.67657
5.5632,0.68686
5.908,0.67204
5.6832,0.68135
5.6571,0.6828
5.7146,0.68008
5.7073,0.68125
5.6308,0.68389
5.6426,0.68322
5.6656,0.68227
5.7363,0.67956
5.7179,0.67944
5.7891,0.67693
5.541,0.68662
5.7411,0.67781
5.606,0.68437
5.6424,0.683
5.6518,0.68278
5.8132,0.67572
5.6511,0.68253
5.7089,0.681
5.639,0.68414
5.7754,0.67843
5.6835,0.68184
5.6688,0.68185
5.7718,0.67684
5.7231,0.67905
5.8341,0.67339
5.7669,0.6774
5.8617,0.67394
5.6567,0.68348
5.5673,0.68869
6.0205,0.66855
6.0474,0.66681
5.6335,0.68448
5.7332,0.67943
5.606,0.68469
5.7674,0.67674
5.9002,0.67034
5.8387,0.67399
5.9466,0.6695
5.8695,0.67303
5.8217,0.67525
5.5651,0.68503
5.589,0.68486
5.6306,0.68255
5.7212,0.67864
5.5909,0.68422
5.5878,0.68411
5.6955,0.6796
5.5806,0.68562
5.8081,0.6753
5.5918,0.68515
5.592,0.68455
5.6341,0.68234
5.5191,0.68837
5.5174,0.68807
5.4019,0.69208
5.398,0.69226
5.6684,0.68046
5.3853,0.69403
5.3729,0.69459
5.5861,0.68661
5.3019,0.6992
5.696,0.68128
5.4712,0.69166
5.6438,0.68344
5.5162,0.68867
5.6201,0.68415
5.697,0.67977
5.5939,0.68496
5.6078,0.68366
5.8357,0.67304
5.6111,0.68325
5.5884,0.685
5.7909,0.67497
5.7764,0.67574
5.7003,0.67962
5.7468,0.67709
5.6024,0.68347
5.7076,0.67975
5.6549,0.68296
5.6287,0.68378
5.7202,0.67969
5.7493,0.67811
5.7949,0.67557
5.7333,0.67816
5.5813,0.68414
5.5078,0.68612
5.5547,0.68515
5.6633,0.68111
5.7841,0.67699
5.5854,0.68544
5.793,0.67614
5.7736,0.67648
5.7347,0.67851
5.8409,0.67353
5.7432,0.67781
5.6402,0.68143
5.6126,0.68214
5.7604,0.67713
5.9065,0.67017
5.7899,0.67558
5.831,0.67465
5.7663,0.67709
5.6797,0.68098
5.7445,0.6776
5.6346,0.68215
6.0908,0.66269
5.8289,0.67374
6.0478,0.66439
5.9757,0.66757
5.7767,0.67582
5.9123,0.67064
5.9572,0.66905
5.602,0.68483
5.7612,0.67734
5.8445,0.67305
5.9304,0.67109
6.0935,0.66333
5.8313,0.67353
5.7632,0.67686
5.7786,0.67703
5.9282,0.67022
5.7321,0.67826
5.7825,0.67605
5.9432,0.66918
5.8992,0.67206
6.0484,0.66445
5.8725,0.67227
5.7051,0.68007
5.8279,0.67385
6.0568,0.66406
5.8597,0.67264
6.0138,0.66609
5.8264,0.67482
5.7952,0.67553
5.9352,0.66826
5.9197,0.66925
5.7299,0.67833
5.7838,0.67415
5.867,0.67144
5.8729,0.67149
5.7604,0.67786
5.8582,0.67433
5.8286,0.67659
5.5284,0.6886
0.45537,1.2327
5.6759,0.68173
0.42056,1.2445
5.6026,0.68215
6.0146,0.66433
5.9315,0.66812
5.9185,0.66835
5.9774,0.66638
5.7811,0.67537
5.8665,0.67221
5.738,0.67738
5.7537,0.6777
5.8122,0.67537
5.8915,0.67059
5.8575,0.67205
5.9355,0.66803
5.8144,0.67332
5.6844,0.67838
5.7993,0.67299
5.9029,0.6673
5.803,0.67252
5.8196,0.6724
5.7371,0.67638
6.0176,0.66462
5.8114,0.67351
5.7425,0.67682
5.7076,0.67858
5.8696,0.67148
5.8417,0.67181
5.8871,0.66946
5.7381,0.67563
5.8824,0.66857
5.645,0.67967
5.6185,0.67892
5.6978,0.6767
5.5212,0.68569
5.6404,0.67924
5.5398,0.68441
5.5249,0.68509
5.6621,0.67898
5.6147,0.6811
5.6414,0.67943
5.7795,0.67223
5.6966,0.6753
5.5607,0.68228
5.5879,0.68164
5.7455,0.67454
5.6758,0.67736
5.5213,0.68374
5.5677,0.68152
5.6606,0.67632
5.5075,0.68416
5.38,0.68922
5.3799,0.68907
5.364,0.68963
5.2956,0.69205
5.2866,0.69253
5.3079,0.69075
5.279,0.69195
5.3651,0.68837
5.2965,0.69125
5.1684,0.69683
5.3112,0.68959
5.2713,0.69073
5.5618,0.6783
5.4116,0.68528
5.319,0.68977
5.4617,0.68242
5.1957,0.6946
5.3462,0.68777
5.138,0.69704
5.3199,0.68932
5.387,0.68575
5.2315,0.69308
5.3446,0.68773
5.4016,0.6844
5.2932,0.68835
5.1363,0.69517
5.3405,0.68452
5.1689,0.69311
5.2284,0.68914
5.2067,0.69
5.2444,0.68816
5.2792,0.68743
5.1441,0.69293
5.3,0.68511
5.24,0.68786
5.4571,0.67718
5.4182,0.68019
5.4217,0.6793
5.4478,0.67768
5.325,0.68321
5.5525,0.67297
5.5327,0.67377
5.3045,0.68405
5.3788,0.67983
5.5963,0.66997
5.4995,0.67394
5.4443,0.67649
5.4353,0.67627
5.252,0.68477
5.1807,0.68668
5.3089,0.68046
5.2542,0.68305
5.3198,0.67987
5.3417,0.67923
5.3291,0.67985
5.3662,0.67843
5.3533,0.6793
5.3826,0.67696
5.3046,0.68071
5.3631,0.67572
5.4238,0.67341
5.3874,0.67441
5.4196,0.67277
5.2661,0.67908
5.6402,0.66111
5.3873,0.67246
5.2228,0.67998
5.3238,0.67482
5.1643,0.68268
5.3027,0.67584
5.2878,0.67753
5.2461,0.67817
5.4009,0.671
5.4715,0.66777
5.3756,0.67241
5.3698,0.6727
5.3187,0.67443
5.3737,0.67201
5.2622,0.67649
5.2237,0.67714
5.2745,0.67425
5.2991,0.67296
5.2866,0.67323
5.4274,0.66673
5.1392,0.6803
5.2839,0.67257
5.2228,0.67682
5.3455,0.66999
5.3351,0.67029
5.3126,0.66899
5.3023,0.66974
5.2328,0.67294
5.2182,0.67393
5.3729,0.66693
5.2444,0.6721
5.3797,0.66565
5.3406,0.6675
5.2663,0.67045
5.4855,0.66031
5.3541,0.66669
5.3975,0.66375
5.3533,0.66612
5.333,0.665
5.3558,0.66396
5.4615,0.65845
5.2327,0.6696
5.3736,0.66346
5.3366,0.6633
5.2726,0.66719
5.32,0.6646
5.3199,0.66397
5.4046,0.66026
5.3549,0.66286
5.2548,0.66782
5.2561,0.66757
5.3377,0.66192
5.3686,0.6599
5.3435,0.66078
5.3773,0.65941
5.4069,0.65763
5.2991,0.66198
5.1812,0.6686
5.1455,0.67011
4.6867,0.69216
4.181,0.71442
3.6773,0.72969
3.9168,0.68867
3.9111,0.66718
3.9184,0.6434
4.0875,0.62003
3.6527,0.63567
4.1076,0.60631
3.0304,0.67564
2.8264,0.68493
3.4791,0.62244
2.6676,0.6791
3.5406,0.60185
3.7695,0.57748
4.0745,0.55215
3.7115,0.58064
2.5685,0.6688
3.5271,0.59865
3.6318,0.59423
3.6747,0.59607
2.5548,0.68366
2.5218,0.68723
3.4114,0.61692
2.5377,0.6842
2.4811,0.68567
3.383,0.61041
3.418,0.6051
3.7603,0.58004
3.5004,0.59717
3.8864,0.57291
3.4145,0.60629
3.7404,0.58596
3.4584,0.60619
3.4546,0.60911
3.5928,0.60081
3.6253,0.5967
3.351,0.61712
3.1795,0.6353
3.293,0.62503
3.2536,0.62785
3.2771,0.62619
3.3995,0.61305
3.44,0.60797
3.2436,0.6228
2.5061,0.68335
3.5144,0.60626
2.2776,0.71062
3.5207,0.60572
3.6344,0.59664
3.6607,0.59385
3.7101,0.59033
3.6075,0.59783
3.7441,0.58817
4.0051,0.5695
3.8754,0.5801
3.9398,0.57331
2.4206,0.69137
2.4612,0.68639
2.5245,0.68076
2.264,0.70994
2.4246,0.6901
3.3961,0.61218
3.4521,0.60828
3.5231,0.60202
3.8302,0.57735
3.7104,0.58671
3.7214,0.58791
3.6552,0.59296
3.2994,0.61593
3.3531,0.61311
3.7059,0.58743
3.4917,0.60412
3.364,0.61293
3.4016,0.60886
3.3824,0.61122
3.3497,0.61393
3.7041,0.59006
3.6155,0.59458
3.744,0.58599
3.4338,0.606
3.1099,0.63173
3.8027,0.58057
3.5614,0.59861
3.8164,0.58023
3.728,0.58496
3.6795,0.58693
3.6631,0.58757
3.6258,0.59307
3.617,0.59376
3.2928,0.61271
3.1916,0.62097
3.2882,0.61497
3.1889,0.6225
3.4532,0.60114
3.9087,0.57238
3.298,0.61341
3.7466,0.5826
3.8322,0.57632
3.8541,0.57483
3.877,0.57327
3.844,0.57558
3.8842,0.57263
3.3442,0.60794
3.2943,0.61395
2.9484,0.64076
3.5919,0.59132
3.5806,0.59374
3.6274,0.59015
3.415,0.60583
3.2903,0.61638
3.4938,0.59955
3.4013,0.60342
3.5025,0.59617
3.9316,0.5697
3.9764,0.56302
3.6166,0.58447
3.394,0.60202
3.3759,0.60807
3.3337,0.61035
3.825,0.57202
3.4504,0.59635
3.7937,0.57187
3.5646,0.59105
3.7319,0.57978
3.4377,0.59906
3.574,0.58915
3.4303,0.60188
3.4997,0.59496
2.8734,0.64049
3.8377,0.57111
4.1997,0.54971
3.5851,0.5876
4.1726,0.54892
3.7931,0.57403
4.071,0.55975
3.7041,0.58136
3.5079,0.59455
3.6704,0.58114
4.2502,0.54629
3.4833,0.59565
3.8743,0.57085
3.6023,0.58713
4.0707,0.55848
4.0649,0.55831
3.5346,0.59303
3.5516,0.59145
4.1339,0.55212
3.7681,0.57387
3.4121,0.60155
3.6006,0.58731
3.6613,0.58313
3.688,0.57971
3.7566,0.5765
3.4665,0.59851
3.375,0.60554
3.6053,0.58676
3.5575,0.58766
3.6569,0.58166
3.3519,0.60524
3.4455,0.59899
3.6944,0.58071
3.4354,0.59514
3.3424,0.60454
3.5701,0.58641
4.2077,0.54694
4.185,0.54893
3.8754,0.56875
4.2314,0.54739
4.3741,0.53899
4.2566,0.54663
4.3115,0.54253
3.6975,0.57956
4.1741,0.55048
3.3454,0.60355
3.644,0.58339
3.8481,0.57412
3.8817,0.56828
4.1598,0.54956
0.79237,0.92883
4.1923,0.54779
3.9064,0.5685
3.1618,0.61956
4.1695,0.5506
4.1077,0.55305
4.3422,0.53879
0.70994,0.95609
4.1386,0.54967
4.286,0.53944
3.8263,0.56973
3.8271,0.57199
3.8546,0.57107
3.8636,0.57012
3.9301,0.56574
3.869,0.57219
3.845,0.57321
3.9145,0.56586
3.9771,0.56063
3.8733,0.56819
4.1072,0.55239
3.8007,0.57229
3.9741,0.55919
4.136,0.54793
4.1439,0.54954
4.0613,0.5535
3.2914,0.6044
3.2749,0.60661
3.1053,0.62223
3.2414,0.61164
4.1479,0.54962
3.6062,0.58733
4.1256,0.55681
3.2005,0.61523
3.9296,0.56458
3.9543,0.56074
3.8003,0.57059
4.0427,0.55514
3.9934,0.55604
4.2006,0.54444
4.2691,0.54243
4.1815,0.54747
4.3043,0.54019
2.8951,0.64208
3.5352,0.5924
3.9568,0.56283
2.7361,0.65028
3.2542,0.60862
4.134,0.54853
4.2788,0.5354
3.3611,0.59771
3.3715,0.5985
3.4572,0.59165
4.3009,0.54066
3.263,0.60891
4.2107,0.5476
3.1843,0.61586
3.3925,0.59934
2.9874,0.63401
4.3085,0.54207
3.2501,0.6077
3.1823,0.61327
3.1913,0.61288
3.225,0.61367
3.2501,0.61146
3.2122,0.61417
2.6822,0.6555
3.3838,0.59895
4.3053,0.54172
3.1659,0.6176
3.8266,0.57039
3.3078,0.6039
3.2133,0.61281
3.5926,0.58411
4.3327,0.5356
3.3872,0.59664
0.18022,1.2399
4.2146,0.54213
3.1651,0.61333
3.2555,0.60837
3.6861,0.57895
3.2605,0.60802
3.0008,0.62937
4.267,0.54238
3.4577,0.59241
3.3632,0.59882
3.4788,0.58894
3.4165,0.59542
3.2712,0.6083
3.3618,0.60206
4.4626,0.53035
3.3834,0.59975
4.0863,0.55499
3.4258,0.59634
3.2287,0.61092
3.3434,0.59879
3.3204,0.59913
3.0937,0.61739
3.1162,0.61509
3.4148,0.59186
3.3097,0.60445
4.1993,0.54952
3.0934,0.62555
3.0153,0.6284
3.1431,0.61975
3.3101,0.60432
4.0693,0.55447
4.2391,0.54513
3.3914,0.59959
4.0459,0.55622
3.4705,0.59061
3.3094,0.60325
3.5878,0.58535
3.1824,0.61518
3.5727,0.58452
3.3272,0.60159
3.9399,0.56222
3.4712,0.59121
4.1389,0.54839
4.3899,0.53371
3.1908,0.61335
4.3323,0.53794
4.2543,0.5425
4.3225,0.53739
3.6838,0.57873
4.2771,0.54083
4.2799,0.54159
4.4121,0.53632
4.2493,0.54531
4.3208,0.53968
4.135,0.55249
4.1322,0.55195
3.2299,0.6112
4.1055,0.55194
3.065,0.62438
4.3075,0.53962
4.2342,0.54452
4.0542,0.55603
3.917,0.56557
3.1295,0.61848
3.1395,0.61733
3.257,0.60666
4.1488,0.54979
4.3801,0.53592
3.1837,0.61519
4.3329,0.54024
3.4616,0.59525
4.3997,0.53558
3.6655,0.57968
3.7121,0.57526
3.4503,0.59558
3.4356,0.59519
3.2524,0.60783
3.5966,0.58426
4.2189,0.54565
3.9608,0.56253
4.217,0.545
4.0992,0.55404
4.1132,0.5523
4.094,0.55367
4.0619,0.55819
4.0483,0.55793
4.2887,0.54224
4.1494,0.55376
4.2253,0.54815
4.1156,0.55255
2.8903,0.63959
4.0191,0.56162
4.0331,0.55568
4.2353,0.54065
4.2731,0.54018
2.8842,0.63914
2.9638,0.63172
2.9562,0.63273
2.9698,0.63037
3.0815,0.62065
3.0957,0.62143
3.0195,0.62599
2.7351,0.65086
3.132,0.62075
3.9443,0.5646
4.0648,0.55566
3.1985,0.61476
3.4911,0.59192
4.006,0.55808
4.35,0.53435
3.0153,0.62463
4.2739,0.53971
4.1588,0.54676
3.9664,0.55876
4.0394,0.55862
3.9171,0.56445
3.1714,0.61391
3.6876,0.58006
3.7871,0.57473
3.9917,0.55923
4.1625,0.5475
4.1082,0.55276
0.16614,1.2589
4.1141,0.55181
4.1711,0.54846
4.2917,0.54255
3.8689,0.57066
3.3457,0.60257
3.2386,0.60936
3.3732,0.59901
3.2517,0.60777
3.4365,0.59168
3.4331,0.59249
0.29609,1.1362
3.3692,0.60032
3.3571,0.60063
3.4398,0.5937
3.4717,0.59343
3.0496,0.62535
3.2624,0.60691
3.4192,0.59431
3.4268,0.59505
3.3997,0.60044
3.3694,0.59926
3.4626,0.59034
3.3119,0.60309
3.2712,0.60694
3.2407,0.60872
3.325,0.60329
3.287,0.60672
2.9786,0.63109
2.9738,0.62935
3.2239,0.60924
3.2609,0.60647
3.2472,0.60737
3.1537,0.61506
3.1623,0.61345
3.2011,0.61144
3.2624,0.60961
3.2938,0.60636
3.2245,0.6123
3.1945,0.6164
2.7828,0.65049
2.438,0.67829
2.8861,0.63902
3.2102,0.61292
3.0548,0.62234
4.4323,0.53052
2.3933,0.67903
3.2435,0.60928
3.4005,0.59864
3.2312,0.614
3.2816,0.60829
3.1789,0.61662
2.9274,0.6368
3.3235,0.60493
3.4403,0.59449
3.5477,0.5856
3.5539,0.58587
2.6068,0.65997
3.2658,0.60796
3.4797,0.59364
3.493,0.59222
3.2728,0.60887
3.2051,0.61501
3.2055,0.61548
3.0502,0.62622
4.1075,0.55385
3.1333,0.62128
2.9559,0.63529
4.2494,0.54386
4.2828,0.54142
4.3352,0.53815
3.1638,0.6149
4.1997,0.54521
3.2168,0.61214
3.1487,0.61942
3.3654,0.60353
4.2747,0.54444
3.9265,0.56607
3.3586,0.6019
4.0031,0.55688
3.3582,0.59893
4.3384,0.53447
4.0764,0.55416
3.3283,0.60122
3.4563,0.59154
4.0231,0.55678
3.9564,0.56206
3.3571,0.60141
4.1913,0.54689
4.3305,0.53895
4.1892,0.54725
4.4011,0.53572
4.3041,0.54065
4.0458,0.55758
4.3725,0.53639
3.9141,0.56509
4.3006,0.54216
4.2639,0.54684
4.1714,0.55127
4.2604,0.54439
3.9552,0.56464
4.0882,0.55738
3.7715,0.57619
3.7735,0.57325
3.8784,0.56667
3.777,0.57386
4.1969,0.54604
3.9679,0.56141
4.0702,0.55623
4.0642,0.55707
4.1319,0.55295
3.1381,0.61984
4.309,0.54196
4.1516,0.54976
4.1303,0.5521
4.2468,0.54457
4.3252,0.53689
4.058,0.555
4.2552,0.54427
4.299,0.54089
4.336,0.5368
4.2663,0.54236
4.3266,0.53867
3.3385,0.60158
2.3907,0.68057
4.0753,0.55281
4.0449,0.55324
4.0052,0.55603
3.1035,0.61956
3.0425,0.62588
3.3732,0.60253
3.2246,0.61765
3.3134,0.60979
3.3864,0.59969
3.31,0.60281
3.3697,0.59784
3.3051,0.60476
3.2659,0.60679
3.9298,0.55936
4.0846,0.55224
3.1085,0.62156
4.2314,0.54402
4.0448,0.55384
4.0159,0.55511
4.3753,0.53413
4.1708,0.54592
4.0822,0.55071
4.0363,0.55731
4.1238,0.55467
4.2164,0.54873
4.0935,0.55557
4.0268,0.55803
3.8828,0.56829
3.962,0.56015
3.1853,0.61223
3.1317,0.61443
4.0699,0.55109
3.3084,0.60153
3.1654,0.61207
3.1858,0.61239
4.0756,0.55501
3.4559,0.59702
2.807,0.64633
3.1504,0.61683
3.2933,0.60476
3.2868,0.6046
4.0579,0.55341
3.9409,0.5612
3.4868,0.59151
3.4074,0.59852
3.5289,0.5895
3.4615,0.59418
3.7074,0.57884
3.7216,0.57779
3.856,0.56609
4.1109,0.55141
3.3331,0.60481
3.4438,0.59483
3.9933,0.55805
3.6794,0.57904
3.7953,0.57107
3.4134,0.59747
3.6596,0.579
3.2702,0.60736
3.0919,0.62039
2.3378,0.68616
2.3395,0.68546
2.3228,0.68851
3.2954,0.60542
2.3645,0.68536
3.1614,0.61565
3.2938,0.60537
3.2888,0.60685
3.0867,0.62048
3.3766,0.59656
3.2077,0.60958
4.2046,0.5433
3.019,0.62449
2.98,0.62768
2.4801,0.67054
3.262,0.60691
2.968,0.63056
4.2296,0.545
4.1648,0.54752
3.3661,0.59754
3.5268,0.5865
3.3154,0.60381
3.3766,0.60083
4.1297,0.55167
4.2491,0.5447
3.2518,0.60891
3.1809,0.61649
3.2449,0.60882
2.5152,0.66916
3.2359,0.60797
3.6676,0.57663
2.4479,0.67561
4.2552,0.54047
2.4747,0.67323
3.5438,0.58744
4.17,0.54826
4.1793,0.54679
4.2123,0.54612
3.8932,0.56645
4.294,0.54021
4.1598,0.549
3.32,0.60503
4.315,0.54036
4.3734,0.53499
3.9883,0.55745
4.3515,0.53461
3.9731,0.55923
3.7441,0.57514
3.8599,0.56721
2.8738,0.63976
2.9087,0.63725
3.1297,0.61764
4.3762,0.53558
4.0071,0.55828
3.959,0.56089
3.0254,0.62785
3.9226,0.56612
3.245,0.61265
3.8541,0.5715
3.7748,0.57739
3.7881,0.57415
3.9371,0.56265
3.9868,0.55925
4.0406,0.55496
4.0969,0.55097
3.9551,0.56265
3.8092,0.57224
3.9495,0.5619
3.8489,0.57066
3.8378,0.57217
3.8267,0.57493
3.8839,0.57071
4.0817,0.55347
3.3024,0.60398
0.75061,0.94002
4.1301,0.54785
4.0517,0.5538
3.87,0.56515
3.3268,0.60375
3.8554,0.56763
3.9061,0.56391
3.9206,0.56484
3.1,0.62093
4.1261,0.55109
2.8832,0.63647
2.8545,0.6407
4.1466,0.54926
3.232,0.60941
3.3219,0.60321
3.3881,0.59749
3.3656,0.60103
3.3371,0.60119
3.4244,0.5939
3.9695,0.55878
3.3513,0.60375
3.861,0.5681
3.6832,0.57797
3.7969,0.57021
3.0606,0.62166
3.0991,0.61944
3.1082,0.62092
3.1142,0.6177
3.5087,0.58527
3.0456,0.62447
3.2797,0.60633
3.5123,0.58888
3.3925,0.59529
4.1479,0.54724
4.0844,0.55163
0.16343,1.2592
3.3427,0.60143
4.2175,0.54517
4.2251,0.54344
3.1597,0.613
4.2691,0.54134
4.2196,0.54671
4.1768,0.54716
4.0307,0.55212
4.1596,0.5458
4.253,0.54197
3.0386,0.624
3.0579,0.62136
2.4856,0.67066
3.9818,0.5572
2.5692,0.66168
2.4334,0.67756
3.3081,0.60289
3.7833,0.57081
3.3253,0.60139
3.2357,0.60633
3.136,0.61676
3.3809,0.60222
3.4226,0.59536
3.4656,0.59005
3.4048,0.59567
3.3906,0.59692
3.4606,0.59101
3.3299,0.59975
3.557,0.58418
3.3845,0.59873
3.5525,0.58958
4.2085,0.54587
3.641,0.58348
4.1922,0.5491
2.7607,0.64751
3.7241,0.57286
3.8948,0.56176
4.2453,0.54029
3.5637,0.58576
3.5949,0.58271
3.6748,0.57784
4.0907,0.55319
4.1866,0.54912
3.7397,0.57594
3.7423,0.57447
3.5577,0.58582
3.6345,0.58012
3.4022,0.59422
3.575,0.58171
4.3294,0.535
4.3089,0.53719
4.1964,0.5452
4.3713,0.53593
3.4143,0.59649
3.514,0.5885
3.6203,0.581
3.5684,0.58469
4.4296,0.531
4.4434,0.53013
3.2547,0.60735
4.4028,0.53294
4.4686,0.52976
3.7953,0.57095
3.8073,0.57046
3.8196,0.56939
3.7475,0.57396
3.1668,0.61513
3.1767,0.61369
3.251,0.60804
4.4701,0.53023
3.1746,0.61356
4.3691,0.53612
3.9089,0.56432
3.1745,0.61349
4.1246,0.54947
4.3318,0.53714
4.3201,0.53881
4.2918,0.5399
4.262,0.54153
4.3618,0.53775
4.3739,0.53878
3.9036,0.56736
3.7739,0.57656
3.9019,0.56684
3.8642,0.56795
4.1266,0.5497
4.1183,0.54944
4.0414,0.55408
3.9872,0.559
4.1927,0.54772
3.9045,0.56605
4.0763,0.55478
4.257,0.54379
3.8622,0.56885
3.6373,0.58492
3.6742,0.58143
3.9654,0.56231
3.5176,0.5917
4.11,0.5495
3.5488,0.58724
4.0333,0.55488
3.4615,0.59323
3.7279,0.57591
3.71,0.5762
3.3559,0.60206
3.6505,0.58544
4.0799,0.5556
4.0774,0.55548
3.9655,0.56211
3.7781,0.57158
3.3246,0.60224
4.0989,0.55172
4.0336,0.55592
4.1056,0.55255
3.2492,0.6105
3.3573,0.60054
3.9831,0.56062
4.1653,0.548
3.8954,0.56451
4.4067,0.5326
4.1934,0.54584
4.0294,0.55483
3.4803,0.58905
3.3716,0.59905
4.2114,0.54492
4.1458,0.54824
4.1694,0.5467
4.2629,0.54049
4.1291,0.54938
3.9953,0.55855
4.1233,0.55283
4.2052,0.5467
4.3669,0.53424
4.5171,0.52421
4.0933,0.55008
4.1009,0.54965
4.2914,0.53734
3.5269,0.58725
2.4755,0.67274
2.4116,0.67844
3.543,0.58811
2.4419,0.67688
3.2194,0.61062
3.3049,0.60239
4.1569,0.54579
3.908,0.56012
3.2413,0.60683
3.5853,0.5813
3.4262,0.59309
3.2188,0.60948
3.2557,0.60914
2.4862,0.67447
4.5568,0.52761
4.3317,0.53832
4.3759,0.53356
4.3108,0.53648
4.1647,0.54579
4.2135,0.54082
4.1954,0.54231
4.0786,0.55108
4.2412,0.542
4.0914,0.55247
4.1854,0.54923
4.158,0.54879
4.2294,0.54233
3.4482,0.59315
4.2841,0.54025
3.2956,0.60179
3.6076,0.57939
3.4282,0.59388
3.4806,0.5908
3.4655,0.59319
3.4492,0.59478
3.3014,0.6053
2.4593,0.67412
2.5073,0.66875
2.498,0.66978
0.63885,0.97411
4.5159,0.52563
2.5094,0.66782
3.6111,0.58312
2.5028,0.67123
2.5544,0.66524
4.209,0.54644
2.5856,0.6612
2.5464,0.66535
2.5566,0.6645
2.5327,0.66722
2.5275,0.66597
3.5393,0.58572
4.4903,0.52898
4.4156,0.534
4.0063,0.55713
4.4449,0.52983
4.3271,0.53669
3.8318,0.56658
3.9231,0.55878
3.8603,0.56259
4.0098,0.55367
3.9249,0.55941
4.1024,0.55045
3.2702,0.60783
4.0229,0.55856
3.2978,0.60561
3.164,0.61819
4.4708,0.53291
4.335,0.53961
3.57,0.58556
3.2896,0.60409
3.1764,0.61343
4.4282,0.53209
3.1042,0.62091
4.378,0.53744
3.4988,0.59046
4.4103,0.53653
4.2542,0.54365
4.3898,0.53601
4.1221,0.55091
4.1172,0.55029
4.2611,0.54222
4.2963,0.53867
3.4914,0.58782
4.4065,0.53268
3.3166,0.60415
4.1515,0.54757
3.1771,0.61483
4.3168,0.54078
4.3005,0.54254
4.4653,0.53055
4.3612,0.53739
4.3344,0.53913
4.3626,0.5373
4.3312,0.53897
4.2701,0.54202
4.1237,0.54995
4.3958,0.53383
3.899,0.56591
3.8838,0.56623
3.9189,0.5631
3.7636,0.57672
3.78,0.57543
4.0465,0.55817
4.3992,0.53707
4.0268,0.55944
3.0209,0.63031
3.9917,0.56121
4.1246,0.55269
3.9654,0.56265
3.9929,0.55943
4.051,0.55608
3.4858,0.58903
3.5403,0.58478
4.2211,0.54461
3.6194,0.58344
3.2485,0.61172
3.3039,0.60529
3.1355,0.61677
3.0495,0.62622
4.062,0.55613
3.0969,0.6197
3.5102,0.58387
3.1557,0.61175
4.1697,0.54524
4.2479,0.538
4.243,0.53789
4.1019,0.54723
4.3146,0.53664
3.324,0.59898
2.4411,0.67197
2.4739,0.6694
2.5541,0.66202
49.36,-0.24392
0.18112,1.2339
3.8332,0.56893
4.153,0.54865
3.2947,0.6034
3.3052,0.60239
2.6588,0.65574
2.7611,0.64641
3.5976,0.58265
3.4985,0.58969
3.5375,0.58595
3.4542,0.59175
3.4681,0.58987
3.4299,0.59162
4.0464,0.55336
4.5055,0.52476
4.4985,0.52612
2.569,0.65905
4.3966,0.53144
4.5028,0.52636
3.5865,0.58077
4.4199,0.53366
4.3058,0.54106
3.5198,0.58753
3.5031,0.58987
2.585,0.65823
3.6658,0.57562
4.3873,0.53193
3.56,0.58303
3.5646,0.58333
4.4844,0.52718
3.6894,0.57545
3.6761,0.57522
2.6506,0.651
4.3467,0.53409
2.5772,0.66237
3.5054,0.58719
3.4307,0.59322
4.3664,0.53478
3.3397,0.60121
4.2786,0.53863
4.3591,0.53484
3.3395,0.59971
3.5584,0.58294
4.6,0.51784
4.4517,0.52924
3.6206,0.58034
4.4912,0.52695
3.5452,0.58521
3.384,0.59776
3.5702,0.58166
2.5909,0.65781
2.6643,0.65124
2.5985,0.65806
0.15319,1.2678
3.6092,0.58186
3.3048,0.60331
4.4094,0.53259
3.6715,0.57665
4.2739,0.54021
2.5755,0.66115
2.5539,0.66178
2.6989,0.64968
3.5268,0.58651
4.2149,0.5438
3.5575,0.58557
4.2845,0.53951
2.5633,0.66352
3.61,0.58126
3.5549,0.58587
4.1943,0.54585
4.2775,0.53881
4.2081,0.54355
4.1607,0.54859
2.5609,0.66527
3.7171,0.57236
4.096,0.54965
4.2555,0.54089
4.3264,0.53633
3.4389,0.59326
3.4204,0.59623
4.2959,0.53969
4.5601,0.52371
4.8236,0.5081
4.7952,0.51089
2.5035,0.66876
4.3854,0.53291
4.1115,0.55039
3.5462,0.58669
4.4971,0.53037
3.7918,0.57209
4.3225,0.5383
4.1363,0.54877
3.8667,0.56711
3.8603,0.56701
4.3745,0.53544
4.1775,0.54696
4.4899,0.53058
4.203,0.54734
4.296,0.54177
3.7511,0.57523
3.8251,0.57017
3.89,0.56668
3.8891,0.56498
3.7279,0.57435
3.7897,0.57074
3.9139,0.56268
3.7971,0.57189
3.8827,0.56596
3.3977,0.59929
3.6164,0.58466
3.9025,0.56578
3.8553,0.56751
4.0749,0.55482
4.1626,0.54907
4.1823,0.54843
3.6423,0.58203
3.6192,0.58494
3.6043,0.58605
3.5804,0.58715
4.087,0.55489
4.2767,0.54566
3.9685,0.56285
4.0484,0.5584
4.0229,0.55883
4.2087,0.54792
4.147,0.55202
3.4354,0.59704
4.1232,0.55194
4.0465,0.55669
3.9086,0.56617
3.369,0.59959
4.2804,0.5401
3.44,0.59496
4.0583,0.55521
3.7682,0.57393
4.1354,0.5525
3.5951,0.58647
3.5771,0.58749
3.5628,0.59036
3.7448,0.57742
3.9637,0.56162
3.7698,0.57342
3.8354,0.56965
3.7524,0.57639
3.7126,0.57948
4.0878,0.55809
4.2152,0.54746
4.1591,0.55106
4.0875,0.55751
4.0495,0.55912
4.1805,0.55141
3.9658,0.56556
3.6159,0.58616
4.0913,0.55413
4.0654,0.5595
4.3868,0.53966
4.1179,0.55544
2.3997,0.68551
2.4449,0.681
2.4492,0.67968
2.4744,0.67675
3.4461,0.59854
3.4225,0.60328
3.6365,0.58581
4.3603,0.54172
2.4769,0.67942
3.3679,0.60804
3.5822,0.59236
2.4646,0.68155
2.5178,0.67673
3.577,0.59081
2.5968,0.66614
3.5229,0.59369
4.4476,0.53574
3.4333,0.6
3.6539,0.58538
3.5373,0.59362
3.7919,0.57732
3.6346,0.58782
3.4091,0.60296
3.6081,0.58955
4.3832,0.54342
3.6703,0.58534
3.8173,0.57698
4.3641,0.54416
3.6352,0.58908
2.5802,0.67205
3.4756,0.59933
2.5975,0.66898
4.3702,0.54244
2.5895,0.66725
2.5812,0.66772
2.5583,0.66903
3.7764,0.57809
4.4924,0.53503
2.5844,0.66985
4.3607,0.54521
3.7877,0.57995
3.7385,0.58297
3.7762,0.57994
4.0605,0.56339
2.554,0.67519
3.801,0.5784
3.715,0.58292
3.7129,0.58426
4.3941,0.54356
3.3549,0.61138
3.6259,0.59106
3.422,0.60517
3.2695,0.61718
3.7768,0.58152
3.864,0.57578
3.4322,0.60586
3.7625,0.58291
3.825,0.57849
3.885,0.57595
4.12,0.56219
4.0475,0.56747
4.1022,0.56348
3.2572,0.61895
4.0099,0.57012
3.6637,0.59037
4.463,0.54223
3.2303,0.62163
4.1718,0.56019
2.6124,0.67387
4.3453,0.5512
4.0504,0.56815
3.0132,0.6414
3.9567,0.57558
4.3381,0.55272
3.5182,0.60278
4.1966,0.56062
4.2179,0.55803
4.3076,0.55313
4.17,0.56182
4.2812,0.55474
4.327,0.55305
4.1059,0.56534
4.1606,0.56268
4.1993,0.5587
4.2377,0.55636
4.2438,0.55698
4.2517,0.55786
4.1344,0.56546
4.0395,0.57116
4.1094,0.56657
4.164,0.56432
4.175,0.56383
4.1135,0.56744
3.1411,0.63252
4.2876,0.55619
4.233,0.56073
3.9193,0.58179
4.2829,0.55653
4.1781,0.56189
3.4905,0.60684
3.4799,0.60663
4.2788,0.5569
3.5673,0.60019
3.1454,0.63157
3.5495,0.60266
3.5374,0.6047
3.1874,0.62808
3.5203,0.60417
3.198,0.62907
3.2529,0.62359
4.376,0.55081
4.0419,0.5729
4.2859,0.55793
3.4516,0.61007
4.0899,0.56953
3.2537,0.6238
4.5198,0.5449
2.5182,0.68575
3.521,0.606
2.5155,0.68593
2.416,0.69687
2.4941,0.68823
3.0962,0.63995
2.3744,0.70555
2.3727,0.70131
2.527,0.68353
2.4151,0.69595
2.4977,0.68615
2.518,0.68397
2.527,0.68339
2.5302,0.68414
2.4538,0.69496
3.099,0.6402
3.2038,0.63003
3.232,0.62827
3.2694,0.62513
3.3111,0.61978
4.1932,0.56691
2.5047,0.68957
3.3926,0.61606
2.5031,0.68844
3.3712,0.6185
2.5091,0.68921
3.3087,0.62191
2.6333,0.67575
2.6137,0.67782
2.555,0.6844
2.6483,0.67779
2.6233,0.67769
2.5427,0.68537
2.5804,0.68159
2.6747,0.67132
2.5087,0.69043
2.6224,0.68076
2.6134,0.68012
2.6554,0.67556
2.6579,0.67722
2.6965,0.67254
4.1605,0.56776
2.7502,0.66732
2.7038,0.67211
2.6878,0.67419
2.7269,0.66982
2.772,0.66563
2.7035,0.67274
2.7524,0.66816
2.8033,0.66448
2.698,0.67511
2.6185,0.68177
2.7227,0.67135
2.659,0.67821
2.6168,0.68216
3.7506,0.5952
3.415,0.61865
3.6565,0.6016
2.6615,0.6775
2.6208,0.68258
3.7072,0.59947
3.262,0.63443
3.1165,0.64352
3.6218,0.60534
3.5693,0.60863
3.5085,0.6118
2.9363,0.65367
3.6546,0.60425
3.531,0.60957
3.4753,0.61565
3.6674,0.60306
3.5069,0.61555
2.8518,0.66512
3.5509,0.61173
2.9668,0.65389
3.6461,0.60507
3.9896,0.58239
3.588,0.60984
4.0573,0.58024
3.9855,0.58483
3.493,0.61499
3.9458,0.58625
2.5316,0.69215
2.5209,0.6967
2.5176,0.70027
3.6995,0.60552
3.7175,0.60409
3.4579,0.62019
4.329,0.5681
4.3658,0.56522
3.6691,0.60328
3.5717,0.61162
3.6951,0.60247
4.2598,0.5691
3.5379,0.61414
3.5362,0.61521
4.0923,0.58006
3.6461,0.60793
3.7775,0.60006
3.9205,0.59169
3.8468,0.59481
3.7301,0.60446
4.0222,0.58505
3.9268,0.59195
3.7598,0.60268
3.8318,0.59802
4.0474,0.58619
4.1008,0.58336
3.908,0.59303
4.1973,0.57636
3.9439,0.59019
3.8389,0.60156
2.4687,0.70388
2.4595,0.70458
2.4424,0.7062
4.2911,0.57
2.4815,0.70119
2.4096,0.70816
2.4557,0.70415
4.0949,0.58394
2.4279,0.70939
3.9292,0.59513
2.4174,0.70931
3.9308,0.59326
4.0681,0.58595
4.1895,0.57604
4.1164,0.58161
4.0471,0.58646
4.1708,0.58017
4.1674,0.58047
4.202,0.57887
2.5249,0.70064
4.0132,0.59069
3.9924,0.59297
4.2075,0.57718
2.595,0.69242
3.1435,0.64699
2.5533,0.69543
3.59,0.61494
3.2743,0.63828
3.3213,0.63501
2.6157,0.69259
3.257,0.64188
2.6613,0.68693
2.7046,0.68209
3.2614,0.63936
2.6536,0.68928
3.2059,0.64426
3.4912,0.62207
3.269,0.63946
3.4531,0.62495
3.4345,0.62594
2.6946,0.68391
3.5255,0.61972
3.5059,0.62118
3.6018,0.61333
3.4652,0.62426
2.7626,0.67911
3.4713,0.62403
3.5622,0.62168
2.6962,0.68879
3.377,0.63488
2.723,0.68674
2.8121,0.67718
2.7789,0.67904
2.8105,0.67428
2.7088,0.68367
2.753,0.67898
2.6702,0.68823
2.7443,0.67976
2.7768,0.67726
2.7329,0.68283
2.7629,0.68039
2.7178,0.68617
3.3461,0.63756
2.828,0.67607
2.7904,0.67918
2.8338,0.67682
3.4678,0.6279
2.861,0.67532
3.5597,0.61979
2.8162,0.67513
2.8624,0.67162
2.5916,0.69754
3.4848,0.62706
2.7711,0.68106
3.497,0.62475
3.6638,0.61416
3.5541,0.62181
3.4942,0.62923
2.8372,0.67853
3.5947,0.62145
3.4748,0.62855
3.414,0.63338
2.7939,0.68041
2.791,0.68042
4.1368,0.58644
2.8091,0.67874
3.8051,0.60537
2.7778,0.68151
3.9786,0.59586
2.7977,0.68006
3.8941,0.60192
3.7878,0.60932
3.8016,0.60927
3.8211,0.6092
3.8371,0.6085
3.3652,0.64015
3.9742,0.59994
4.059,0.59358
3.985,0.5983
2.8351,0.67922
4.1738,0.58588
2.7581,0.68631
2.7501,0.68815
2.8172,0.68188
3.5019,0.62979
4.0394,0.59684
2.8459,0.68038
3.468,0.63418
2.84,0.68199
3.9081,0.60683
3.6544,0.62376
3.8801,0.60593
3.5169,0.62909
4.0867,0.59415
3.8786,0.60755
4.2391,0.58554
3.8805,0.60653
3.9629,0.60212
2.7162,0.69319
3.169,0.65829
3.8437,0.61306
3.2202,0.65515
4.1119,0.59738
4.1358,0.59303
4.2018,0.59131
4.0975,0.59673
4.1463,0.59287
3.1781,0.65648
4.0451,0.59778
3.7827,0.61438
3.7597,0.61691
3.3126,0.64763
3.4495,0.63772
3.3782,0.64239
3.6416,0.62483
3.1763,0.65881
3.3719,0.64349
3.3549,0.64473
3.2049,0.65672
4.0986,0.59745
3.2889,0.65144
3.3595,0.64642
3.3804,0.64454
3.8699,0.61324
3.8735,0.61301
3.7181,0.62237
3.5928,0.63239
3.2372,0.6555
3.8263,0.61496
2.6945,0.69929
2.6323,0.70439
3.9402,0.60797
3.3022,0.64862
4.1939,0.59096
4.0661,0.59935
3.3339,0.64848
3.1667,0.66098
2.5958,0.70737
3.8248,0.61563
2.6319,0.70409
2.8259,0.68483
2.8551,0.68232
2.8095,0.68746
2.7938,0.68965
2.9019,0.67934
2.8382,0.68677
3.4051,0.64224
4.3058,0.58571
3.8107,0.61515
4.162,0.5938
4.3264,0.5835
3.5587,0.63247
4.0288,0.6025
4.0083,0.60346
2.731,0.69532
4.3549,0.58358
3.8841,0.61079
4.1865,0.59289
4.1982,0.59358
4.024,0.60438
4.0821,0.60011
3.8728,0.61275
3.971,0.60657
4.0187,0.60346
2.8498,0.68557
3.9115,0.61044
4.1304,0.59543
4.0414,0.60179
4.1206,0.59605
3.9943,0.60324
4.0808,0.59933
3.7622,0.61895
4.0333,0.60241
3.6397,0.62732
3.965,0.60594
3.7486,0.62028
3.7357,0.62105
3.6602,0.62594
3.6204,0.63001
3.7108,0.62365
3.5693,0.63252
3.7103,0.6229
3.5634,0.63368
3.3821,0.64706
3.5095,0.63779
2.9632,0.678
3.6202,0.62816
3.2814,0.65154
2.9496,0.67855
3.5642,0.63359
3.467,0.64026
2.9386,0.68151
2.9892,0.67713
3.5604,0.63464
2.957,0.67875
2.7962,0.69217
4.0924,0.60073
4.1677,0.59685
4.0855,0.60085
4.1408,0.59839
2.7703,0.69446
3.9749,0.60949
2.7576,0.69621
3.657,0.62837
2.7971,0.69347
4.0047,0.60715
2.7135,0.70069
4.4578,0.58036
3.2169,0.65964
2.9211,0.68255
4.2789,0.58994
4.3598,0.58661
3.887,0.61518
3.7363,0.62416
3.1081,0.66936
3.8297,0.61943
3.8677,0.61767
3.4929,0.64105
3.4744,0.64283
3.9153,0.61764
3.6716,0.6309
4.1741,0.60076
2.8525,0.69211
3.8887,0.61617
3.8699,0.61791
4.25,0.594
2.815,0.69471
4.1538,0.60044
4.0869,0.60716
3.87,0.61803
3.9372,0.61496
4.3312,0.59332
3.9899,0.61124
3.9316,0.61509
4.33,0.59146
4.1828,0.60087
4.3191,0.59149
4.263,0.5948
3.7444,0.6255
3.885,0.61702
4.329,0.59035
4.438,0.58413
4.4118,0.58706
3.9394,0.61695
3.0872,0.67306
4.2293,0.59943
4.0332,0.61104
3.9029,0.61761
4.2198,0.59896
4.1486,0.60313
4.0353,0.60881
4.0514,0.60811
3.9795,0.61161
3.9394,0.6143
4.0149,0.61045
0.23063,1.2332
4.2854,0.59348
4.222,0.59753
3.9038,0.61805
4.2805,0.59648
3.9236,0.6181
3.8719,0.62186
3.3139,0.65924
3.8819,0.62119
4.2684,0.59715
2.7488,0.70357
3.9935,0.61405
3.7722,0.62923
4.0273,0.6098
3.3226,0.65903
3.3437,0.6577
3.3634,0.65414
3.2913,0.66208
3.3293,0.65591
3.3586,0.65455
3.3576,0.6535
3.3456,0.65679
2.8338,0.69506
3.3913,0.65276
4.1598,0.60568
3.9254,0.61899
3.8785,0.62248
3.4486,0.64896
3.9002,0.61961
3.7651,0.62898
3.7649,0.62883
3.783,0.62877
3.8887,0.62172
3.8014,0.62841
3.9855,0.6166
3.9721,0.61613
2.9099,0.6912
2.8798,0.69354
2.9489,0.68797
2.8676,0.6945
2.9888,0.68392
2.9371,0.68772
2.9359,0.6899
2.9852,0.68442
3.0134,0.68036
3.1379,0.67031
3.0042,0.68239
3.0596,0.67773
3.7601,0.62937
3.6121,0.64019
3.7674,0.62784
2.8619,0.69409
3.7899,0.6288
3.7384,0.63152
3.7451,0.63126
3.5146,0.64595
0.22961,1.2361
3.7378,0.63191
3.7654,0.62757
2.8498,0.69377
3.4411,0.65115
4.2945,0.59516
2.8223,0.69695
2.8497,0.69529
4.1167,0.60884
2.9141,0.69016
2.8486,0.69664
2.8651,0.69575
2.8964,0.6935
2.7949,0.70188
2.765,0.70547
2.8168,0.70039
3.8959,0.62241
3.9922,0.61819
3.8321,0.62777
3.6026,0.64196
3.8044,0.62546
3.8283,0.62553
3.6902,0.6353
3.679,0.63648
3.7486,0.63136
3.6568,0.63823
3.6893,0.63609
3.673,0.63684
3.94,0.62106
3.7497,0.63455
3.9045,0.62298
4.1152,0.60928
3.8739,0.62519
3.6365,0.63914
4.1241,0.61148
4.158,0.60842
4.1324,0.61035
4.1494,0.60993
3.7521,0.63348
3.4112,0.65664
4.0525,0.61826
4.172,0.61184
4.2262,0.60765
4.1271,0.61187
4.1263,0.61292
4.2896,0.60019
4.2787,0.60214
4.2547,0.60392
4.3372,0.59592
4.3988,0.59448
4.0634,0.61457
4.1032,0.61215
4.0617,0.6133
3.9969,0.62084
3.9676,0.62157
3.8761,0.62944
4.137,0.61435
3.8937,0.62953
3.9374,0.62638
3.9831,0.62405
3.8996,0.62833
4.0019,0.61795
3.8424,0.6303
3.8729,0.62781
3.5072,0.65214
2.6699,0.71426
3.9767,0.62291
3.6704,0.64151
2.6897,0.71392
2.6185,0.72037
2.6964,0.71355
4.0646,0.61757
2.7316,0.7099
2.6855,0.71584
2.7425,0.71015
4.0132,0.62203
3.3932,0.66051
4.1222,0.61496
2.6944,0.71368
2.6612,0.71667
3.1169,0.67941
2.6084,0.72123
3.0934,0.68044
2.9811,0.69037
2.7167,0.71193
3.9176,0.62626
2.6116,0.72207
2.667,0.71639
4.0755,0.61617
3.6922,0.63995
3.0022,0.68914
4.0997,0.61447
3.6537,0.6415
3.9988,0.62111
4.0851,0.6158
2.8913,0.69637
3.281,0.66745
3.5007,0.6512
3.2675,0.6693
3.4069,0.65807
3.7999,0.63291
2.6959,0.71257
2.701,0.71188
3.5792,0.64719
2.7241,0.71125
3.7754,0.63453
2.765,0.70848
3.7117,0.63822
2.8464,0.70182
3.287,0.66864
3.2969,0.66634
3.192,0.67373
2.8786,0.69794
2.9579,0.69092
2.8451,0.70057
3.014,0.68619
2.8743,0.69888
2.9462,0.69262
2.9243,0.69449
2.9975,0.68862
2.9065,0.69633
2.9517,0.6926
3.026,0.68709
2.9896,0.69016
4.0785,0.61701
4.0504,0.61941
4.0552,0.61866
4.0866,0.61722
3.9992,0.62281
3.9585,0.62369
4.0959,0.61656
4.0429,0.61977
3.3544,0.66367
3.352,0.66415
3.5728,0.64788
3.3794,0.66295
2.918,0.69586
3.9392,0.62556
4.0867,0.61676
3.5659,0.64968
3.8147,0.63348
3.4611,0.65699
3.7994,0.63511
3.8,0.63506
3.7664,0.63716
3.8207,0.63293
2.9244,0.6964
2.9886,0.69018
3.9863,0.62262
4.1445,0.61451
4.0732,0.61862
3.5523,0.65099
4.0765,0.61782
4.063,0.61901
3.9202,0.62766
2.9477,0.69484
3.516,0.65317
4.0678,0.61895
2.9826,0.69277
3.7438,0.63844
3.6633,0.64516
3.9908,0.62281
4.0527,0.62
4.104,0.61583
3.9605,0.62625
3.5584,0.6503
3.5028,0.65403
4.1735,0.61356
3.6492,0.64458
3.8621,0.63122
3.4917,0.655
3.516,0.6539
3.8835,0.63036
3.8751,0.63158
3.8288,0.63482
3.7643,0.639
