22.06,0.43234
16.835,0.51836
18.51,0.48468
19.512,0.46533
18.903,0.47749
21.587,0.43343
19.309,0.4705
18.796,0.47925
22.539,0.41355
19.609,0.4654
19.762,0.46266
22.894,0.40883
22.762,0.41874
21.99,0.43503
21.666,0.44036
21.333,0.44593
21.309,0.44632
21.518,0.44289
21.326,0.44665
21.591,0.44156
21.543,0.44302
21.63,0.4409
21.584,0.44172
22.184,0.43126
20.724,0.44722
19.611,0.4639
18.423,0.48688
21.824,0.42751
19.637,0.46705
21.579,0.43354
21.373,0.4369
21.703,0.43208
21.493,0.43289
22.02,0.42563
23.557,0.40156
20.677,0.4495
19.008,0.47395
21.126,0.44707
19.059,0.47345
23.964,0.39532
18.219,0.48982
19.663,0.46273
21.564,0.4331
21.422,0.43864
23.034,0.41254
19.066,0.47343
19.831,0.46439
22.647,0.41775
19.867,0.45807
20.574,0.44541
22.787,0.409
21.576,0.42906
22.294,0.41734
21.257,0.43401
22.281,0.41779
22.023,0.4224
22.311,0.41751
21.331,0.43368
21.674,0.42826
18.496,0.48489
19.594,0.46385
21.293,0.43808
21.026,0.44362
21.617,0.43079
21.004,0.44299
20.283,0.45234
23.908,0.39936
22.615,0.41718
22.614,0.41637
21.574,0.43161
23.227,0.40966
22.504,0.41528
21.259,0.43805
21.207,0.44045
20.878,0.44674
21.193,0.44078
19.77,0.46119
19.848,0.45876
20.464,0.44722
20.597,0.44547
21.912,0.42663
21.494,0.43371
21.7,0.43009
21.823,0.42777
19.752,0.46222
21.765,0.43556
22.225,0.42799
19.28,0.4703
18.741,0.48065
19.77,0.46106
20.052,0.45932
20.156,0.45352
19.941,0.45806
23.227,0.41037
19.514,0.46534
22.22,0.42803
22.952,0.41348
21.324,0.44291
18.435,0.48617
19.933,0.4569
18.835,0.47913
21.81,0.43755
21.866,0.43605
18.982,0.47999
21.358,0.43521
22.592,0.42004
21.787,0.43492
21.265,0.44319
19.588,0.46327
20.021,0.46052
19.409,0.46717
19.575,0.46407
19.387,0.46827
20.629,0.4475
20.333,0.45495
21.199,0.44547
19.079,0.47316
21.775,0.43622
19.735,0.46091
19.236,0.47019
19.914,0.46021
19.333,0.46937
18.643,0.48221
20.366,0.45516
21.758,0.43742
18.332,0.48922
19.421,0.47247
23.334,0.40724
18.401,0.4864
21.433,0.4376
21.212,0.44423
21.103,0.4479
22.738,0.41437
20.195,0.45542
21.048,0.43803
20.165,0.45724
21.956,0.43335
21.335,0.4441
21.913,0.42882
19.733,0.46419
18.768,0.48219
20.465,0.44858
19.29,0.47072
18.036,0.49265
19.45,0.46597
17.931,0.49469
18.268,0.48831
17.634,0.50157
18.445,0.48527
18.865,0.47797
18.533,0.48225
18.621,0.4817
19.958,0.46163
19.496,0.46467
18.01,0.4937
18.66,0.47994
20.819,0.45098
19.986,0.46515
18.785,0.47765
18.163,0.49007
22.934,0.40793
17.835,0.49595
20.686,0.45482
21.269,0.44286
18.035,0.49127
17.666,0.50032
17.966,0.493
20.858,0.45185
17.602,0.50067
17.745,0.49712
19.808,0.46717
18.461,0.4868
19.119,0.47356
18.132,0.49528
19.769,0.46166
19.198,0.47802
18.55,0.48489
19.467,0.46734
19.332,0.46707
16.776,0.52149
19.815,0.46057
18.025,0.49033
16.998,0.51164
16.814,0.51584
17.211,0.50753
16.84,0.51482
16.131,0.53025
18.047,0.49381
19.796,0.46518
19.786,0.46759
18.145,0.49189
15.853,0.53553
19.17,0.47937
19.735,0.46493
19.524,0.46886
17.334,0.51428
17.923,0.5007
15.895,0.53408
15.695,0.5382
19.098,0.47839
15.5,0.54318
19.577,0.46633
17.433,0.50417
15.68,0.54256
17.44,0.50552
19.523,0.46828
17.006,0.52239
17.632,0.49798
14.687,0.56282
16.652,0.52621
16.507,0.52369
15.855,0.53867
17.783,0.50365
18.136,0.4956
16.861,0.5181
16.459,0.5213
15.287,0.54869
17.575,0.50446
14.685,0.56042
15.151,0.54977
17.349,0.50919
13.921,0.57866
15.12,0.55074
12.805,0.61274
13.125,0.60075
12.634,0.61767
12.698,0.61528
14.03,0.57395
12.776,0.6069
14.031,0.57566
13.52,0.59045
12.897,0.60234
12.526,0.61389
12.331,0.61746
11.918,0.62967
11.669,0.63764
11.549,0.64188
13.661,0.58687
11.523,0.64036
13.064,0.60943
14.822,0.55199
13.427,0.58883
13.274,0.59297
12.621,0.612
12.396,0.61808
12.607,0.6102
12.203,0.62312
10.202,0.68128
13.294,0.5989
10.998,0.65744
11.107,0.65669
11.696,0.64412
9.8489,0.69352
12.138,0.63091
9.7611,0.69691
10.576,0.67144
9.1133,0.71938
11.002,0.66335
10.089,0.69286
9.6248,0.70854
9.8235,0.70176
10.345,0.68224
9.2199,0.71451
9.3757,0.71019
7.3864,0.78909
8.5966,0.7388
7.3296,0.79107
9.7428,0.70182
8.6815,0.74462
7.4631,0.78568
10.008,0.6843
8.879,0.72908
8.383,0.75171
8.6976,0.73233
7.6825,0.78148
7.666,0.78149
5.8281,0.86622
5.6073,0.87823
6.5184,0.83431
6.6084,0.82435
5.2888,0.89565
5.0327,0.91202
6.4649,0.83211
4.7626,0.93007
5.8278,0.86888
4.6016,0.9401
5.2179,0.90493
4.9034,0.92445
4.3303,0.9591
5.2796,0.89764
4.1927,0.96785
4.8041,0.92698
4.4388,0.95397
4.2102,0.97242
4.4938,0.94653
3.7535,1.0012
4.1454,0.97446
3.8137,0.99606
3.9598,0.98961
4.0071,0.98251
3.8732,0.99332
3.6959,1.0102
3.1713,1.0526
3.1455,1.0602
3.1857,1.0517
3.1806,1.051
2.9916,1.0726
3.001,1.0704
2.9944,1.0699
2.9766,1.0725
2.9552,1.0736
2.7649,1.0936
2.7663,1.0951
2.6866,1.1041
2.692,1.1025
2.683,1.1029
2.6374,1.108
2.4292,1.1327
2.572,1.1133
2.5939,1.1093
2.4116,1.1338
2.3871,1.1364
2.3809,1.1355
2.2939,1.1459
2.1164,1.1702
2.2545,1.1495
2.1652,1.1607
2.0982,1.1698
2.1381,1.1629
1.9306,1.1944
1.9997,1.1822
1.8594,1.2039
1.856,1.2034
1.849,1.203
1.8836,1.1967
1.7205,1.223
1.7233,1.2223
1.686,1.2278
1.6692,1.2282
1.7494,1.2122
1.6861,1.2214
1.6622,1.225
1.4968,1.2574
1.54,1.2452
1.4709,1.259
1.4056,1.2716
1.4462,1.2609
1.3931,1.271
1.4239,1.2639
1.396,1.2684
1.3256,1.2833
1.3843,1.2686
1.3548,1.2736
1.3084,1.2822
1.2301,1.2998
1.2756,1.2871
1.2043,1.303
1.2945,1.2783
1.159,1.3115
1.1408,1.3161
1.2077,1.2973
1.2217,1.2911
1.13,1.3131
1.1768,1.3054
1.4457,1.2539
1.3557,1.2719
1.166,1.3138
1.0767,1.3345
1.1118,1.3261
1.1051,1.3268
1.0394,1.343
0.96746,1.362
0.65019,1.4565
0.67449,1.4427
0.91228,1.3765
0.99077,1.3537
1.0562,1.3344
0.95425,1.365
0.95896,1.3614
0.93259,1.3673
0.92948,1.3674
0.92955,1.3652
0.91522,1.369
0.85817,1.3873
0.87522,1.3799
0.88643,1.3733
0.80251,1.3978
0.84298,1.3816
0.81401,1.3899
0.79015,1.3974
0.73249,1.4191
0.76952,1.4034
0.75676,1.4074
0.72625,1.4179
0.77529,1.3975
0.75644,1.4036
0.72007,1.4208
0.80802,1.3888
0.81084,1.3912
0.96224,1.3445
0.85942,1.3763
0.8834,1.3664
0.8411,1.38
0.85292,1.3757
0.84921,1.3769
0.84825,1.371
0.9519,1.3396
0.89814,1.3562
0.96953,1.3356
1.0416,1.3169
1.0593,1.3121
1.0615,1.3106
1.0119,1.3242
1.0568,1.3128
0.99307,1.329
1.0315,1.3142
1.0145,1.319
1.0278,1.3162
1.048,1.3118
1.0357,1.3149
1.1065,1.2962
1.1105,1.2971
1.1276,1.2944
1.1087,1.2992
1.1909,1.2779
1.1446,1.2904
1.1147,1.2976
1.1522,1.289
1.1433,1.2917
1.1715,1.2835
1.1972,1.2762
1.1927,1.2794
1.1628,1.284
1.2881,1.2539
1.2659,1.2562
1.1939,1.2757
1.1997,1.2729
1.2535,1.2589
1.2044,1.2707
1.276,1.2548
1.2807,1.2529
1.2667,1.2553
1.365,1.2323
1.2369,1.2598
1.2514,1.2605
1.2642,1.2566
1.3725,1.2306
1.251,1.2585
1.3199,1.2413
1.2662,1.2513
1.2919,1.2443
1.2518,1.253
1.3354,1.2348
1.2711,1.2472
1.2185,1.26
1.3966,1.2195
1.2542,1.2512
1.2829,1.245
1.4247,1.2137
1.3723,1.2264
1.4225,1.2156
1.535,1.1936
1.3871,1.2256
1.428,1.2142
1.3757,1.224
1.413,1.2196
1.6075,1.1855
1.778,1.1645
2.0157,1.1357
2.0663,1.1294
2.0752,1.1287
2.029,1.1352
2.0806,1.1273
2.1492,1.117
2.0942,1.1224
2.0052,1.1365
2.0544,1.1282
2.0681,1.125
2.0157,1.1306
1.965,1.1381
1.8691,1.1515
1.9132,1.144
1.9494,1.1382
1.9996,1.133
2.0793,1.1222
2.1132,1.1163
2.1288,1.1159
2.1867,1.1096
2.3868,1.0816
2.2839,1.0934
2.2629,1.0933
2.3342,1.0862
2.1509,1.1121
2.2606,1.0973
2.2864,1.0944
2.279,1.0963
2.2739,1.0989
2.5009,1.0707
2.3829,1.0851
2.5446,1.0691
2.6199,1.0639
2.6778,1.0556
2.5611,1.0665
2.4523,1.0787
2.4065,1.0821
2.5535,1.0668
2.5482,1.0659
2.5096,1.0675
2.3776,1.0835
2.4216,1.0761
2.52,1.0674
2.7888,1.0439
2.8713,1.0373
2.9486,1.0323
2.7699,1.0496
2.7243,1.0513
2.6521,1.0612
2.6448,1.0594
2.5776,1.064
2.527,1.0697
2.5463,1.0666
2.5407,1.0656
2.6339,1.0552
2.5956,1.0597
2.6589,1.0527
2.7311,1.0458
2.7427,1.0448
2.6278,1.0569
2.7349,1.0455
2.6527,1.0574
2.7473,1.0461
2.8227,1.0389
2.7662,1.0451
2.7747,1.04
2.8053,1.0396
2.8258,1.0375
2.7774,1.0411
2.8194,1.0369
2.7989,1.0399
2.8711,1.0299
2.8498,1.0323
2.8625,1.0321
2.9343,1.0251
2.8488,1.0343
2.7655,1.0409
2.6469,1.052
2.7077,1.0439
2.7304,1.043
2.6631,1.0499
2.68,1.0464
2.7155,1.0437
2.7667,1.037
2.6622,1.0469
2.604,1.0516
2.6661,1.0466
2.7059,1.0418
2.9501,1.0225
2.9089,1.0252
2.8592,1.0289
2.8378,1.0319
2.8141,1.0355
2.8182,1.0336
2.9111,1.0232
2.8522,1.0312
2.7484,1.0396
2.6327,1.051
2.7148,1.0423
2.7454,1.0381
2.6176,1.0502
2.741,1.0394
2.7486,1.0385
2.6391,1.0479
2.5854,1.0532
2.5746,1.0554
2.6577,1.0459
2.6958,1.044
2.6665,1.048
2.7332,1.0392
2.6509,1.0466
2.5813,1.0546
2.628,1.0499
2.6414,1.0468
2.7097,1.0426
2.8785,1.027
2.9069,1.0246
2.939,1.023
2.8795,1.0301
2.9107,1.0247
3.0235,1.0175
3.0629,1.0144
2.9592,1.0219
2.8614,1.0301
2.9589,1.0205
2.9682,1.019
2.7932,1.0349
2.7527,1.039
2.8891,1.021
2.7003,1.0411
2.7334,1.0383
2.7447,1.0375
2.8238,1.0312
3.0252,1.0113
3.0738,1.0093
3.0706,1.0106
2.9459,1.0207
2.9868,1.0181
2.8698,1.0263
2.8361,1.0288
2.944,1.0204
2.9604,1.0191
2.9357,1.0199
3.0586,1.0091
3.1373,1.0047
3.0788,1.0077
3.0177,1.0133
3.1547,1.0034
3.0923,1.0099
3.1259,1.0046
3.1264,1.0059
3.2888,0.99221
3.0842,1.0106
3.1317,1.0056
3.1934,1.0004
3.2072,0.99823
3.1361,1.004
3.076,1.0101
3.1045,1.0073
3.083,1.0079
3.1403,1.0048
3.2888,0.99281
3.394,0.98569
3.4223,0.98443
3.3839,0.98743
3.3608,0.9891
3.2587,0.99532
3.1985,1.0004
3.331,0.98997
3.3057,0.99081
3.2286,0.99663
3.338,0.98929
3.2413,0.99537
3.205,0.99788
3.2766,0.99366
3.3814,0.98401
3.5427,0.97326
3.8109,0.95689
3.9582,0.94772
4.003,0.94504
3.8958,0.95328
3.8986,0.95039
3.6726,0.96742
3.5009,0.97971
3.5741,0.97418
3.5614,0.97415
3.4614,0.98133
3.5882,0.97148
3.5045,0.97874
3.6308,0.96798
3.5748,0.97151
3.5881,0.97161
3.7166,0.96084
3.6356,0.96564
3.6664,0.9654
3.8544,0.95236
3.8856,0.94855
3.7073,0.96084
3.7593,0.95815
3.7715,0.9577
3.7683,0.95608
3.8365,0.95333
3.8792,0.95128
3.8927,0.95019
3.8988,0.95176
4.1947,0.93389
4.2933,0.9275
4.149,0.93515
4.075,0.9406
4.153,0.93537
4.041,0.94015
3.8207,0.95624
4.0744,0.93909
4.0941,0.93616
3.8207,0.95345
3.7407,0.95959
3.7732,0.95751
3.6792,0.96386
3.7195,0.96145
3.7929,0.9567
3.6973,0.96377
3.7144,0.96118
3.8393,0.9544
3.9342,0.94563
3.8612,0.95203
4.0705,0.94017
4.2074,0.9321
4.2027,0.92995
4.1709,0.93293
4.2357,0.92924
4.1928,0.93146
4.1073,0.93703
4.1596,0.93479
4.2265,0.92986
4.1453,0.93391
4.0552,0.94144
4.2762,0.92521
4.1121,0.93484
3.8598,0.95179
3.9974,0.94177
3.838,0.95441
3.6958,0.9625
3.7235,0.95999
3.8253,0.95469
3.8508,0.95177
3.8246,0.95257
3.93,0.94651
4.0552,0.93978
4.0153,0.94133
3.9882,0.9415
4.0434,0.93871
4.3156,0.92317
4.3052,0.92434
4.2732,0.92602
4.1423,0.93302
3.8589,0.95005
3.846,0.95114
4.0318,0.93947
4.0969,0.93564
4.1518,0.93447
4.2814,0.92772
4.4625,0.91744
4.5009,0.91233
4.224,0.93064
4.3017,0.92573
4.2252,0.92939
4.1961,0.93029
4.1387,0.93404
4.3322,0.92298
4.1278,0.935
3.9998,0.94334
3.9995,0.94219
4.0442,0.93869
3.7712,0.95718
3.8167,0.95364
3.9187,0.94705
3.8318,0.95562
3.7286,0.96125
3.8616,0.95057
3.8733,0.95219
3.9124,0.94681
3.912,0.94663
3.972,0.94339
3.9679,0.94221
4.0376,0.93814
4.1502,0.93227
4.2666,0.92614
4.2182,0.92825
4.1127,0.93645
4.299,0.92436
4.2957,0.92355
4.1329,0.93309
4.0158,0.94126
4.1748,0.9296
3.9143,0.94634
3.9626,0.94212
3.9733,0.94263
3.9478,0.94225
3.8119,0.95192
3.8778,0.94707
3.9309,0.94388
3.9264,0.94264
3.8346,0.94977
3.9794,0.93964
4.0182,0.93871
3.9548,0.94238
4.1384,0.93016
4.1845,0.9283
3.9437,0.94407
3.9123,0.94358
3.9184,0.94488
3.7789,0.95324
3.6831,0.95974
3.7369,0.95766
4.0053,0.94095
4.1363,0.93108
4.0022,0.94002
4.1079,0.93215
4.2643,0.92094
4.1094,0.93157
4.0896,0.93528
4.077,0.9362
4.1995,0.92876
4.0843,0.93462
4.0892,0.93701
4.224,0.9299
4.2923,0.92572
4.3327,0.92163
4.4264,0.91647
4.2857,0.92569
4.0813,0.93746
4.2317,0.92803
4.2305,0.92876
4.2333,0.92707
4.1428,0.9327
4.2319,0.92804
4.34,0.92181
4.3107,0.92258
4.3976,0.91622
4.3975,0.91725
4.3507,0.91949
4.3,0.92225
4.4207,0.915
4.3891,0.91797
4.1935,0.92902
4.0399,0.93757
4.0742,0.93583
3.8927,0.94591
3.9498,0.94395
4.0099,0.94067
4.1021,0.93386
3.9539,0.94198
4.0641,0.93524
4.1861,0.92861
4.4146,0.91501
4.2426,0.92679
4.4694,0.91301
4.5153,0.91001
4.4148,0.91572
4.4026,0.91667
4.3249,0.92099
4.3552,0.91888
4.2651,0.92477
4.2713,0.92574
4.3945,0.91781
4.3547,0.91888
4.2351,0.92603
4.2555,0.92534
4.2267,0.92751
4.1374,0.93266
4.1495,0.93223
4.2735,0.92417
4.3011,0.92315
4.326,0.92119
4.4702,0.91377
4.5657,0.90911
4.3767,0.91737
4.3211,0.92178
4.3472,0.92166
4.3595,0.9195
4.3386,0.92185
4.4677,0.91561
4.7731,0.89677
4.6682,0.90228
4.7016,0.90182
4.7882,0.89736
4.8033,0.89535
4.705,0.901
4.6184,0.90603
4.56,0.90907
4.4515,0.91395
4.3351,0.92245
4.4913,0.91368
4.5673,0.90845
4.5873,0.90747
4.5485,0.91151
4.7334,0.90104
4.5435,0.90865
4.4826,0.91298
4.5127,0.91185
4.6381,0.90209
4.4228,0.9138
4.4318,0.91426
4.5818,0.90418
4.4298,0.91359
4.4495,0.912
4.4328,0.91376
4.5139,0.9086
4.4532,0.9134
4.5978,0.90701
4.6185,0.90701
4.556,0.90811
4.4872,0.91316
4.5884,0.90849
4.6485,0.90218
4.5883,0.9044
4.3729,0.91663
4.362,0.91859
4.5152,0.90789
4.3047,0.92116
4.4401,0.91346
4.4466,0.91162
4.2768,0.92251
4.254,0.92494
4.4194,0.91423
4.4043,0.9148
4.3434,0.91899
4.3856,0.9162
4.4939,0.91201
4.5052,0.91167
4.6492,0.90512
5.0684,0.88204
5.1693,0.87933
4.9057,0.8913
4.9873,0.88612
5.0329,0.88378
5.0127,0.88355
4.9774,0.88584
4.9976,0.88654
4.8572,0.89351
4.9236,0.88997
5.007,0.88527
4.9412,0.8907
4.9232,0.89091
4.8711,0.89403
4.8237,0.89683
4.8578,0.89417
4.8464,0.89337
4.6541,0.90319
4.6896,0.90184
4.4466,0.91417
4.2345,0.92738
4.2047,0.92899
4.2073,0.92895
4.1701,0.93016
4.0765,0.93609
4.2344,0.92672
4.2502,0.92491
4.2451,0.92602
4.4169,0.91618
4.477,0.91244
4.3832,0.9172
4.3856,0.91706
4.3776,0.91885
2.0078,1.1037
4.5417,0.90891
1.9975,1.1044
4.6038,0.90566
4.5846,0.90592
4.4403,0.91369
4.424,0.91472
4.4364,0.91253
4.459,0.90948
4.3355,0.91935
4.4386,0.91255
4.4643,0.91145
4.2022,0.92812
4.3382,0.91859
4.2521,0.924
4.0884,0.9331
4.0943,0.93304
4.0644,0.93323
4.088,0.93288
4.143,0.92871
4.0882,0.93331
4.1217,0.9326
4.2931,0.92276
4.4164,0.91698
4.3895,0.91874
4.4284,0.91683
4.6051,0.90749
4.6476,0.90498
4.468,0.91513
4.417,0.91676
4.3513,0.91958
4.3924,0.91608
4.4077,0.91498
4.5123,0.9072
4.4154,0.9139
4.4592,0.91236
4.4996,0.91063
4.6591,0.90174
4.671,0.90324
1.8699,1.1193
4.8464,0.89454
4.6245,0.9051
4.5376,0.9099
4.5754,0.90593
4.6981,0.90052
4.8983,0.89075
4.8871,0.89043
4.6747,0.90208
4.6531,0.90268
4.5081,0.91169
4.3335,0.92127
4.3094,0.92265
4.8457,0.88974
4.6392,0.9048
4.7124,0.89679
4.6484,0.90181
4.8921,0.88983
4.9469,0.8882
4.9438,0.885
4.8764,0.89037
4.8735,0.89225
4.8668,0.89111
4.7054,0.89967
4.7125,0.90024
4.8567,0.8926
4.6228,0.90467
4.5439,0.91093
4.6125,0.90549
4.6004,0.9059
4.7863,0.89631
4.7749,0.89695
4.7146,0.89899
4.9026,0.88874
4.8155,0.89378
4.7686,0.8964
4.7478,0.8968
4.9554,0.88793
4.9442,0.89032
4.9809,0.88817
4.808,0.89723
5.0613,0.88334
5.1514,0.8802
5.1089,0.88083
5.2348,0.87509
5.3551,0.86932
5.0982,0.88093
4.8076,0.89484
4.6186,0.90425
4.9471,0.88606
4.753,0.89628
4.7309,0.89826
4.78,0.89462
4.8289,0.89131
4.8493,0.89129
4.8929,0.88962
4.8613,0.89032
4.9657,0.8876
5.1389,0.87988
5.0742,0.88163
4.6513,0.90442
4.5839,0.90867
4.6575,0.90388
4.7512,0.89611
4.5189,0.91047
4.5389,0.90813
4.7029,0.89716
4.7056,0.89691
4.669,0.89849
4.4992,0.90894
4.5848,0.905
4.6201,0.90273
4.6676,0.90077
4.7083,0.89982
4.6442,0.90387
4.6226,0.90394
4.8554,0.89156
4.8307,0.89238
4.7582,0.89852
4.6706,0.90275
4.6716,0.9017
4.614,0.90445
2.2391,1.0752
4.5714,0.90622
4.4852,0.91104
4.6153,0.90435
4.5898,0.90619
4.7415,0.89983
4.7747,0.89773
4.8124,0.89489
4.8079,0.89662
5.1775,0.87707
4.914,0.89012
4.8222,0.89414
4.5925,0.90618
4.6153,0.90358
4.695,0.89895
4.7584,0.89625
4.7556,0.89641
4.739,0.89796
4.5559,0.90803
4.5669,0.90687
4.7568,0.89737
4.7893,0.89573
4.7392,0.90008
4.8417,0.89344
4.949,0.88931
5.0138,0.8843
4.9778,0.88474
4.756,0.89778
4.7453,0.89823
4.7932,0.89391
4.6117,0.90366
4.5909,0.90572
4.6242,0.90374
4.7553,0.89371
4.4198,0.91377
4.3659,0.91707
4.4609,0.91115
4.3337,0.91881
4.2931,0.92199
4.5153,0.91068
4.4803,0.91265
4.5953,0.90389
4.5015,0.90998
4.539,0.9092
4.5777,0.90568
4.3484,0.91741
4.3288,0.91739
4.4778,0.90832
4.5308,0.90443
4.4698,0.90954
4.3709,0.91709
4.5434,0.90672
4.5382,0.90574
4.1811,0.92832
4.2738,0.92336
4.338,0.92064
4.4798,0.91126
4.5979,0.90569
4.4639,0.91309
4.3241,0.91897
4.1036,0.93231
4.1089,0.93153
4.3063,0.91992
4.522,0.9089
4.7098,0.89792
4.584,0.90664
4.6379,0.9025
4.4033,0.91683
4.4747,0.91226
4.5581,0.9085
4.4297,0.91541
4.5458,0.90988
4.4879,0.91169
4.4669,0.91205
4.642,0.90217
4.6843,0.90118
4.5804,0.9061
4.6459,0.90364
4.9057,0.88961
4.8132,0.89477
4.7872,0.89664
4.6596,0.9027
4.5698,0.90799
4.74,0.89805
4.3601,0.91777
4.3527,0.91756
4.4967,0.91016
4.4724,0.91194
4.4273,0.91453
4.3893,0.9178
4.5031,0.90985
4.3864,0.91685
4.3809,0.91599
4.4905,0.91079
4.5299,0.90757
4.4571,0.91237
4.3497,0.91858
4.3136,0.9205
4.4188,0.91345
4.5885,0.90495
4.5732,0.904
4.4869,0.90989
4.4706,0.91145
4.5315,0.90887
4.7438,0.89609
4.7224,0.89893
4.7411,0.8982
4.7053,0.89929
4.5047,0.90861
4.4359,0.9131
4.4437,0.91192
4.5442,0.90842
4.6351,0.90271
4.5948,0.90516
4.4505,0.91369
4.3864,0.91605
4.3982,0.91454
4.4311,0.91327
4.4788,0.91012
4.4777,0.91253
4.4542,0.91501
4.3573,0.9193
4.4533,0.91413
4.6362,0.90314
4.5269,0.90898
4.5384,0.90787
4.6972,0.90053
4.9109,0.88946
5.0827,0.88069
5.0327,0.88355
4.8892,0.8886
4.7679,0.89547
4.5212,0.90784
4.5039,0.90984
4.5218,0.90866
4.485,0.90903
4.26,0.92456
4.3315,0.9188
4.2632,0.92313
4.3165,0.91992
4.4287,0.91067
4.2974,0.9207
4.2634,0.92353
4.2631,0.9226
4.324,0.91865
4.316,0.91907
4.2744,0.92212
4.4431,0.91235
4.3408,0.91887
4.5842,0.90348
4.4584,0.91088
4.3073,0.91985
4.3162,0.91756
3.9914,0.93857
4.0553,0.93417
4.1904,0.92664
4.3414,0.91897
4.33,0.92043
4.3965,0.91548
4.6085,0.90495
4.6178,0.90286
4.5349,0.90682
4.5899,0.90413
4.652,0.90017
4.6957,0.8987
4.6918,0.89917
4.6894,0.89888
4.6068,0.90364
4.6057,0.90354
4.4618,0.91205
4.4385,0.91362
4.4194,0.91212
4.3792,0.9163
4.3903,0.91556
4.484,0.91044
4.35,0.91733
4.3547,0.91718
4.5506,0.9052
4.4942,0.90828
4.4897,0.90913
4.4282,0.91306
4.5286,0.90626
4.4308,0.91161
4.5345,0.90621
4.5401,0.90587
4.477,0.90978
4.5727,0.90525
4.7799,0.89118
4.6006,0.90346
4.7572,0.8935
4.8864,0.88839
5.239,0.86923
5.1681,0.87425
4.8678,0.88915
4.7696,0.89419
4.7754,0.89346
4.7913,0.8919
4.835,0.8896
4.9542,0.88347
4.9303,0.88507
4.8531,0.88929
4.928,0.88372
4.9193,0.88462
4.702,0.8945
4.8393,0.88682
4.6833,0.89562
4.8309,0.88726
4.8114,0.88689
4.6548,0.89556
4.6262,0.89708
4.7829,0.89039
4.9527,0.88045
4.9702,0.87997
5.1215,0.87143
4.912,0.88208
4.9246,0.88124
4.67,0.89412
4.8214,0.88547
4.9054,0.88127
4.8102,0.88486
4.8336,0.88286
4.9648,0.87528
5.0046,0.87298
5.1186,0.8673
5.0756,0.86978
5.0963,0.86782
5.1434,0.86422
5.1115,0.86711
5.2479,0.86021
5.2221,0.86352
5.4008,0.85507
5.4674,0.85215
5.3847,0.85494
5.2482,0.86091
5.4014,0.853
5.361,0.85514
5.3143,0.85742
5.2431,0.85945
5.234,0.85991
5.3932,0.85146
5.553,0.84285
5.5697,0.84311
5.7652,0.831
5.7258,0.83486
5.8273,0.82885
5.9286,0.82525
5.7375,0.83413
5.6055,0.83933
5.5947,0.83947
5.6333,0.83703
5.5541,0.83897
5.5342,0.84005
5.4504,0.84444
5.5338,0.83861
5.3873,0.84557
5.6384,0.8339
5.6014,0.83557
5.5348,0.83703
5.5344,0.83682
5.5951,0.83431
5.8807,0.82152
6.0092,0.81602
6.086,0.81262
6.2986,0.80225
6.478,0.79611
6.8299,0.78173
6.9326,0.77783
6.8783,0.77948
6.7911,0.78154
6.8515,0.77999
6.9403,0.77508
6.6954,0.78432
6.8534,0.77792
6.7783,0.78156
6.9703,0.77343
6.9707,0.77306
7.0008,0.77086
6.8469,0.77535
6.9545,0.77144
7.2127,0.76241
6.9918,0.76866
7.1984,0.76213
7.4225,0.7532
7.4679,0.75237
7.7225,0.74194
7.6799,0.74335
7.7012,0.74156
7.7013,0.74118
7.7172,0.73997
7.8858,0.73376
7.9169,0.73388
7.9971,0.73123
7.8871,0.73317
7.9514,0.73005
7.9555,0.72965
7.7662,0.73529
7.8527,0.73294
7.8798,0.73126
7.8315,0.73212
8.0191,0.72522
7.9179,0.72861
7.8604,0.73012
7.7321,0.73337
7.7385,0.73236
7.7084,0.73311
7.8789,0.72677
7.8608,0.72635
7.8942,0.72396
7.9895,0.72111
8.1926,0.71414
8.411,0.7066
8.6372,0.70067
8.8943,0.69376
9.2481,0.68345
9.2565,0.68266
9.315,0.68208
9.3696,0.67974
9.2613,0.68305
9.3604,0.6792
9.6608,0.67155
9.9496,0.66432
9.9436,0.66331
9.8532,0.66508
10.048,0.65951
10.036,0.65895
10.037,0.65821
10.279,0.65158
10.034,0.65844
9.9884,0.65913
10.005,0.658
10.316,0.64964
10.266,0.65064
10.372,0.64764
10.262,0.65051
10.168,0.65266
10.33,0.64823
10.417,0.64609
10.242,0.64989
10.157,0.65132
10.982,0.63136
10.893,0.63286
10.942,0.63198
11.097,0.6279
11.222,0.62506
11.409,0.62086
11.293,0.62322
11.27,0.62243
11.428,0.61861
11.224,0.62386
11.243,0.62251
11.262,0.62107
11.481,0.61605
11.161,0.62264
11.469,0.61454
11.792,0.6064
11.559,0.61024
11.838,0.60368
11.52,0.60955
11.801,0.6027
11.423,0.611
11.969,0.59843
11.974,0.5975
12.047,0.59655
12.548,0.5861
12.295,0.59072
12.07,0.59494
12.012,0.59563
12.329,0.58813
12.342,0.5865
12.151,0.59122
12.354,0.5868
12.605,0.58107
12.69,0.57854
12.528,0.58189
12.719,0.57776
12.915,0.5744
12.651,0.57919
12.755,0.57598
12.975,0.57165
12.9,0.57197
13.014,0.56976
13.06,0.56781
13.231,0.56316
13.31,0.56158
13.335,0.56034
13.304,0.56063
13.242,0.56091
13.81,0.55101
13.086,0.56361
13.063,0.56373
12.97,0.56569
13.137,0.56174
13.315,0.55786
13.116,0.56113
13.206,0.55888
13.133,0.56065
13.233,0.55774
13.069,0.55973
13.908,0.54471
14.769,0.52926
14.27,0.5378
14.011,0.54099
14.062,0.53943
13.942,0.54205
13.946,0.54096
13.542,0.5483
13.806,0.54358
13.899,0.54392
13.599,0.54943
13.939,0.54218
14.041,0.53972
13.634,0.54652
13.448,0.55094
13.247,0.55515
13.075,0.55769
13.03,0.55772
13.335,0.55188
13.249,0.55327
13.232,0.55304
12.697,0.5641
12.246,0.57306
12.56,0.56647
12.622,0.56463
12.661,0.56486
12.62,0.56498
12.742,0.56198
12.489,0.56662
12.914,0.5592
12.761,0.56142
12.398,0.56877
12.479,0.56629
12.359,0.5685
12.084,0.57401
12.608,0.56349
12.313,0.56915
12.453,0.56594
12.534,0.56385
11.894,0.57677
12.358,0.56641
12.716,0.55757
12.698,0.55687
12.019,0.57276
11.851,0.57473
11.817,0.57749
11.69,0.57803
11.851,0.57529
11.52,0.58326
11.323,0.58888
11.446,0.58487
11.666,0.57834
11.013,0.59328
10.865,0.59701
10.828,0.59897
11.036,0.59632
11.174,0.59329
11.057,0.59548
10.869,0.59972
11.113,0.59366
10.931,0.59731
10.375,0.61063
9.9108,0.62705
9.7856,0.62942
9.5902,0.63866
9.5499,0.63696
9.94,0.62625
9.9972,0.62228
9.9644,0.62299
10.142,0.61882
10.287,0.61418
10.053,0.61906
9.7896,0.62824
9.3211,0.63955
9.0853,0.65029
8.8003,0.65691
8.7121,0.65773
8.8707,0.65302
8.6291,0.66274
8.4525,0.66465
8.5514,0.66346
8.3936,0.66822
8.3721,0.66827
8.6515,0.65866
8.4851,0.66371
8.8776,0.65069
9.0504,0.64555
8.8351,0.65095
8.8254,0.65131
9.0347,0.64455
9.1853,0.64061
9.0415,0.6439
9.1818,0.63985
9.2076,0.63871
9.1028,0.6408
8.928,0.64635
8.9618,0.64525
8.3405,0.66561
8.3513,0.66366
0.64103,1.2561
8.5659,0.65423
7.9652,0.67532
7.8468,0.67923
8.286,0.66286
8.5163,0.6544
8.3467,0.65921
8.884,0.64234
8.1587,0.66614
8.689,0.64984
8.6776,0.64943
8.8517,0.64251
8.6698,0.64912
8.7164,0.64676
8.5522,0.65085
8.7785,0.64519
8.9794,0.63737
8.6625,0.64671
8.6415,0.64742
8.4908,0.65272
8.4507,0.65408
7.6246,0.67982
7.9022,0.66965
8.4128,0.64992
8.4595,0.64993
8.1042,0.66116
8.5158,0.64744
8.5187,0.646
8.4639,0.64859
8.46,0.64782
8.4947,0.6461
8.1408,0.65714
8.1456,0.6576
8.4377,0.6479
8.8833,0.63526
8.7943,0.6376
8.5202,0.64532
8.2852,0.6511
8.3295,0.64955
8.611,0.64084
8.3557,0.64779
8.1692,0.65248
8.2813,0.64791
8.7202,0.63539
4.645,0.79306
8.2473,0.65035
8.5371,0.64148
8.6037,0.63881
8.5167,0.64065
8.3591,0.64565
8.5575,0.64104
8.4239,0.64366
8.5164,0.63999
8.4289,0.64256
8.2247,0.64888
8.2263,0.64907
8.0255,0.6554
8.168,0.6505
8.3222,0.64645
8.3746,0.64295
8.3692,0.64391
8.1566,0.64981
8.0831,0.65128
8.1799,0.6489
8.5779,0.63713
7.9921,0.65482
5.83,0.73333
8.2365,0.64688
8.3819,0.64337
8.2929,0.64608
4.4843,0.79756
5.4697,0.74877
8.4545,0.64002
8.5927,0.63584
5.5241,0.74565
8.3153,0.64529
8.5412,0.63721
8.5267,0.63877
8.4366,0.64064
8.3995,0.64217
8.2835,0.64567
8.5284,0.63645
8.6705,0.63302
8.5037,0.63841
8.3547,0.64356
8.6035,0.63638
8.7132,0.63302
8.59,0.63646
8.7396,0.63132
8.7237,0.63253
8.9144,0.6258
8.8423,0.62715
8.5362,0.63769
8.517,0.63818
8.6739,0.63342
8.7665,0.63003
8.5567,0.63745
8.3014,0.64563
8.7166,0.63232
8.7694,0.63112
8.4584,0.63988
8.4012,0.64381
8.5656,0.63843
8.6569,0.63456
8.7568,0.63005
8.6677,0.63358
8.1491,0.64879
8.268,0.64371
8.0681,0.65093
8.2698,0.64497
8.1874,0.64792
8.2411,0.64647
8.3926,0.6414
8.2387,0.64537
8.2156,0.6462
8.1833,0.64886
8.2067,0.64643
8.2364,0.64586
8.1118,0.64876
8.0458,0.65235
7.943,0.65768
8.258,0.64634
8.5933,0.63646
8.3583,0.64165
7.6737,0.66372
7.6902,0.66278
8.643,0.63381
8.4512,0.64001
8.2567,0.6458
8.4037,0.64154
8.3994,0.6404
8.329,0.6418
8.6199,0.63438
8.3118,0.64286
8.1924,0.64716
8.1424,0.6479
8.3089,0.64326
8.2376,0.64552
8.3082,0.6431
8.2325,0.64465
8.2615,0.64429
8.4318,0.64043
8.3687,0.64226
8.4702,0.63965
8.6105,0.63371
8.3963,0.63981
8.3989,0.64009
8.1646,0.64787
8.2975,0.64429
8.4796,0.63878
8.4821,0.63842
8.2642,0.64507
8.2451,0.64527
8.441,0.63956
7.8963,0.65503
7.9859,0.65382
8.4797,0.63996
8.2711,0.64524
4.7024,0.78286
8.6599,0.63381
8.3995,0.64118
7.9617,0.65321
8.1159,0.64872
8.119,0.64882
8.4483,0.64011
8.4076,0.64129
8.7635,0.63014
8.3985,0.64105
8.6527,0.63318
8.5458,0.63706
8.6394,0.634
8.6926,0.63214
8.6032,0.63473
8.4752,0.63864
8.678,0.63262
8.7132,0.63139
8.2444,0.6456
8.8724,0.62705
8.6726,0.6334
8.4951,0.6391
8.4771,0.63868
8.5532,0.63652
8.4209,0.63972
8.6598,0.63287
8.5991,0.63374
8.3869,0.63946
8.406,0.63918
8.6088,0.6327
8.2765,0.64332
8.6082,0.63352
8.3388,0.64183
8.2464,0.64415
8.3611,0.64095
8.3896,0.63957
8.532,0.63567
8.2928,0.64305
7.3407,0.6723
8.1378,0.64717
8.2547,0.64385
8.0679,0.64903
8.3304,0.64166
8.1007,0.64845
8.4587,0.63783
8.4699,0.63805
8.3881,0.64081
8.6277,0.63377
8.6509,0.63348
8.4497,0.63868
8.4175,0.64001
8.6037,0.63438
8.8231,0.6274
8.7393,0.63033
8.8518,0.62638
8.3769,0.64118
8.4965,0.63763
8.4026,0.64009
8.5106,0.63737
8.4936,0.63715
8.1368,0.64705
8.5798,0.63477
8.5666,0.63439
8.5955,0.6338
8.5383,0.63609
8.5409,0.63603
8.5614,0.63508
8.5318,0.6362
8.0929,0.64883
8.0652,0.64767
8.0636,0.64896
8.1836,0.64518
8.1708,0.64578
7.8694,0.65663
8.161,0.64634
8.0424,0.64962
8.3001,0.64131
8.1311,0.64629
8.1877,0.64443
8.3834,0.63796
8.3924,0.63906
8.2159,0.64531
8.7755,0.62961
8.2374,0.64401
8.9261,0.62496
8.4477,0.63779
8.6296,0.63474
8.5965,0.63577
8.6379,0.63361
8.5749,0.63518
8.2541,0.64361
8.495,0.63648
8.697,0.62979
8.7693,0.62793
8.2193,0.6435
8.0867,0.6481
8.4425,0.63832
8.1569,0.64521
8.7744,0.62862
8.6458,0.63259
8.6294,0.63357
8.4436,0.63835
8.8507,0.62683
8.5786,0.63496
8.3255,0.64168
8.2367,0.64373
8.2958,0.64227
8.4226,0.63833
8.221,0.64429
8.2536,0.6431
8.4542,0.6372
8.6924,0.63104
8.5362,0.63627
8.5297,0.63668
8.8022,0.62866
8.6508,0.63208
8.4635,0.63888
8.3159,0.64353
8.5162,0.63708
8.3829,0.64063
8.6523,0.63179
8.4302,0.6389
8.7014,0.63182
8.4363,0.63955
8.3358,0.64116
8.4675,0.6384
8.6994,0.63124
8.7132,0.63136
8.3602,0.64024
8.5121,0.63529
8.3744,0.64091
8.3389,0.6415
8.4869,0.63785
8.1485,0.64633
8.5588,0.63456
8.3934,0.63828
8.3106,0.64198
8.5442,0.63476
8.4945,0.63494
8.4278,0.63774
8.059,0.64944
8.0846,0.6476
8.3614,0.64049
8.5865,0.63378
8.5363,0.63543
8.5061,0.63645
8.2026,0.64476
8.4778,0.63696
8.2858,0.64216
8.5404,0.63421
8.3268,0.64192
8.5835,0.63472
8.4335,0.63854
8.2088,0.64519
8.2023,0.64346
8.2572,0.64256
8.2771,0.64183
8.3208,0.64054
8.1676,0.6456
8.5313,0.63541
8.3143,0.64141
8.1604,0.64533
8.5179,0.63575
8.2493,0.64249
8.2092,0.64581
8.5928,0.63333
8.3593,0.63943
8.4843,0.63754
8.7878,0.62843
8.5472,0.63428
8.6536,0.63178
8.7181,0.6302
8.4964,0.63758
6.1736,0.71668
8.5326,0.63592
8.5634,0.63583
8.1524,0.64647
8.4317,0.63784
8.4069,0.63767
8.1373,0.6443
8.2742,0.64075
8.3023,0.64025
8.5348,0.63405
8.7169,0.63046
8.3918,0.64042
8.4145,0.64008
8.3232,0.6425
8.3459,0.64142
8.156,0.64711
8.4937,0.63636
8.165,0.64481
8.2037,0.64321
8.2523,0.64148
7.9976,0.64938
8.2184,0.64387
7.9386,0.6527
8.6383,0.63173
8.2129,0.64394
8.0928,0.64828
8.1998,0.6443
7.9577,0.65205
8.1625,0.64593
8.1967,0.64386
7.9983,0.64953
8.1115,0.64593
7.9576,0.65046
8.3036,0.64051
8.0384,0.64884
8.1609,0.64548
8.2013,0.64452
8.0475,0.64892
8.1447,0.64641
8.7774,0.62838
8.5723,0.6345
8.5254,0.63618
8.5222,0.63637
8.5054,0.63721
8.4987,0.63566
8.5488,0.63558
8.6277,0.63264
8.4423,0.63826
8.5707,0.63458
8.4889,0.63708
8.5293,0.63637
8.0752,0.64794
8.0275,0.6503
8.4028,0.63815
8.0832,0.64665
8.0977,0.64623
8.3457,0.63999
8.298,0.64159
8.3553,0.63988
8.0746,0.64764
8.2538,0.64224
8.2191,0.64279
8.1471,0.64535
8.5345,0.63553
8.3298,0.63963
8.6863,0.63067
8.4592,0.63544
8.4798,0.63663
8.3304,0.64092
8.7387,0.63057
8.1373,0.64684
8.7999,0.62917
8.7769,0.62946
8.5827,0.63373
8.663,0.63158
8.4756,0.63727
8.3869,0.63936
8.0982,0.64654
8.3332,0.63994
8.3371,0.64038
8.4192,0.63759
8.2163,0.64389
8.2353,0.64325
8.3127,0.64167
8.1701,0.64586
8.251,0.6433
8.3117,0.64077
8.4819,0.63678
8.5067,0.63601
8.4868,0.63714
8.4523,0.63825
8.4802,0.63649
8.5415,0.63456
8.4571,0.63743
8.4985,0.63603
8.5389,0.63595
8.5385,0.6358
8.519,0.63629
8.5649,0.63438
8.3299,0.64068
8.3989,0.63887
8.4637,0.63747
8.3142,0.64222
8.146,0.64644
8.4997,0.63591
8.7386,0.62955
8.4534,0.63725
8.6482,0.63218
8.7368,0.62964
8.7999,0.62785
8.7082,0.63067
4.426,0.79356
8.072,0.64724
7.9734,0.65067
8.0322,0.64864
8.1437,0.64573
8.0796,0.64752
8.2016,0.64362
8.1031,0.64691
8.0105,0.64909
8.0199,0.64999
8.3199,0.64224
8.2012,0.6443
8.2379,0.6431
8.4293,0.63813
8.2859,0.64198
8.3198,0.641
8.2999,0.64263
8.3363,0.6414
8.363,0.63991
8.3131,0.64152
8.6154,0.63165
8.3325,0.64168
8.2913,0.64188
8.0767,0.64847
8.2499,0.6446
8.3539,0.63943
7.9969,0.64972
8.2457,0.64154
8.2511,0.6404
8.1479,0.6445
8.1891,0.64282
8.1713,0.64338
8.276,0.64041
8.2166,0.64242
8.2749,0.64148
8.059,0.6484
8.5414,0.63511
8.4047,0.63919
8.5495,0.63595
8.2607,0.64307
8.4083,0.63941
8.3693,0.63842
8.2887,0.64154
8.1198,0.64651
8.367,0.64111
8.3586,0.63889
8.4368,0.63852
8.223,0.6434
8.2545,0.64312
8.1416,0.64583
8.0888,0.64794
8.1556,0.64518
7.9468,0.65153
7.9735,0.64976
7.992,0.64949
8.3978,0.63876
7.9395,0.6511
8.4859,0.63603
8.0794,0.64574
8.4641,0.63755
7.9006,0.65321
7.9881,0.65055
8.1699,0.6435
8.1705,0.64272
7.9881,0.64945
7.8266,0.65448
8.2802,0.63984
7.9783,0.65033
7.9714,0.651
8.1194,0.64543
7.984,0.64947
8.2157,0.64179
8.4706,0.63745
8.1222,0.64572
8.3017,0.64146
8.6924,0.63036
8.2845,0.64071
8.5555,0.63488
8.3697,0.63947
8.3597,0.64008
8.2462,0.643
8.4167,0.63823
8.468,0.63759
7.9819,0.65035
8.0253,0.64965
8.4788,0.63616
8.3204,0.64039
7.8731,0.65434
8.1799,0.64374
8.3865,0.63807
8.3315,0.6399
8.2803,0.64149
8.2685,0.64212
8.3742,0.63777
8.7196,0.63018
8.5535,0.63381
7.8446,0.65501
8.2037,0.64294
5.421,0.74539
8.0899,0.64737
8.0027,0.6512
8.0309,0.64963
8.1618,0.64388
8.276,0.64227
8.2279,0.64348
8.0335,0.64904
8.1467,0.64637
8.1047,0.64623
7.9818,0.65037
8.1343,0.64533
8.1047,0.64638
8.1036,0.64584
8.222,0.64211
8.0911,0.64732
8.0095,0.64943
8.022,0.64992
8.3145,0.64123
8.0587,0.64725
8.2098,0.64371
7.9159,0.65198
8.3482,0.64011
8.4319,0.63721
8.6061,0.63225
8.6023,0.63233
8.3592,0.63934
8.2681,0.64264
8.4162,0.63814
8.4885,0.63498
8.5386,0.63322
8.4933,0.63478
8.6788,0.6313
8.2575,0.64338
8.066,0.64859
8.3937,0.63798
8.2459,0.64176
8.4352,0.63708
8.0337,0.64804
8.4707,0.63717
8.6496,0.6319
8.7037,0.63041
8.6149,0.6325
8.412,0.63682
8.3219,0.63949
8.1556,0.6446
7.9867,0.64922
8.1434,0.64291
8.4866,0.63326
8.3637,0.63743
8.2839,0.64133
8.0564,0.64756
8.2742,0.64011
4.6288,0.78191
8.0132,0.64834
7.981,0.64982
8.1279,0.64645
8.1444,0.64456
7.9934,0.64991
8.1604,0.64384
8.0016,0.64847
8.1726,0.64294
8.0459,0.647
8.0476,0.64815
7.9094,0.65333
8.0665,0.64807
8.1536,0.64417
8.3382,0.64039
7.8594,0.65327
8.1282,0.64701
8.3004,0.64201
8.3729,0.63858
8.2702,0.64135
8.4051,0.63777
8.5333,0.6341
8.5363,0.63311
8.5919,0.63293
8.5221,0.6361
8.3803,0.6386
8.2549,0.64171
8.5742,0.63101
8.2496,0.64209
8.5469,0.63461
8.6154,0.63195
8.6574,0.63084
8.6198,0.63178
8.6389,0.63205
8.657,0.63126
8.4641,0.63633
8.7159,0.62956
8.2415,0.64318
8.6111,0.63281
8.6551,0.63191
8.5754,0.63395
8.5415,0.63262
8.6264,0.63092
8.6345,0.63128
8.4059,0.63661
8.7364,0.62833
8.6981,0.63002
8.3926,0.6391
8.6525,0.63221
8.6458,0.63199
8.6577,0.63055
8.1778,0.64414
8.1831,0.64455
8.6208,0.63302
8.4719,0.63677
8.7644,0.62773
8.6879,0.63056
8.6317,0.63247
8.6803,0.62971
8.7463,0.6287
8.6176,0.63238
8.6364,0.63227
8.6437,0.63218
8.5888,0.63397
8.6609,0.63146
8.5743,0.63446
8.3554,0.64032
8.8736,0.62444
8.3922,0.63714
8.7409,0.62756
8.7129,0.62863
8.8082,0.62583
8.475,0.6356
8.9421,0.62259
8.9161,0.62396
8.8503,0.62583
8.868,0.62521
8.3659,0.64068
8.2434,0.6405
7.9502,0.64977
8.3496,0.63927
8.3997,0.63735
8.5205,0.63377
8.2334,0.6413
8.4684,0.63433
8.331,0.64001
8.4366,0.63649
8.1896,0.64262
8.4036,0.63662
8.1193,0.64434
8.0858,0.64545
8.2315,0.64132
8.1919,0.64326
8.0124,0.64947
8.367,0.6387
8.1738,0.64315
8.1127,0.64428
8.1847,0.64166
8.4835,0.63457
8.5615,0.63249
8.2564,0.64158
8.1578,0.64339
8.2276,0.64187
8.2298,0.64169
8.1403,0.64497
8.2934,0.64097
8.1691,0.64365
8.1046,0.645
8.3824,0.63782
8.2683,0.64088
8.2341,0.64167
8.209,0.64326
8.2713,0.64136
8.0666,0.64703
8.1683,0.6435
8.2726,0.64207
8.476,0.63567
8.5232,0.63571
8.6497,0.63109
8.7074,0.62954
8.7615,0.62821
8.6664,0.63232
8.3491,0.64087
8.6328,0.63295
8.6158,0.63298
8.0073,0.64933
8.1068,0.64536
8.3392,0.63811
8.0868,0.6451
8.3331,0.63951
8.4283,0.63732
8.4633,0.63731
8.5684,0.63361
8.3558,0.63932
8.6383,0.63257
8.5666,0.63484
8.5833,0.63332
8.2148,0.64248
8.1311,0.64547
8.1879,0.64273
7.9427,0.65018
8.3125,0.63894
8.2994,0.64004
8.3235,0.63904
8.268,0.64095
8.2663,0.64152
8.3496,0.63834
8.2696,0.64075
8.3856,0.63779
7.9738,0.64862
8.0004,0.64853
8.0264,0.64719
8.1164,0.64311
7.9999,0.64663
8.2245,0.64096
8.0618,0.64729
8.0178,0.64879
7.9943,0.64872
8.1577,0.6454
8.2668,0.63945
7.9919,0.64814
8.0259,0.64766
8.0904,0.64594
7.9557,0.65094
8.073,0.64684
8.2326,0.64135
8.253,0.641
8.4359,0.63762
7.9974,0.64895
8.3605,0.63877
8.3849,0.63851
8.2424,0.64153
7.9748,0.6499
5.4788,0.74321
8.4009,0.63711
8.5656,0.63411
5.3804,0.74711
8.1253,0.64604
8.4561,0.63644
8.4061,0.63649
8.1447,0.64507
8.0577,0.6464
8.137,0.64583
8.3426,0.63899
8.1787,0.64279
8.4676,0.63599
8.5311,0.63441
8.5261,0.63376
8.5517,0.63448
8.5539,0.63346
8.5565,0.63298
8.3422,0.64038
8.3617,0.6399
8.2725,0.64338
8.4,0.63853
8.3576,0.63813
8.5464,0.6328
8.0892,0.64421
8.0625,0.64659
8.056,0.64706
8.1758,0.64275
8.1309,0.64486
8.0385,0.64801
8.2091,0.64256
8.1421,0.64427
8.2947,0.63963
8.2843,0.64099
8.0862,0.64652
8.0234,0.6484
8.0974,0.6438
8.2025,0.64094
8.2274,0.64044
8.1385,0.64389
8.0821,0.64695
8.0097,0.64908
8.0476,0.64788
8.06,0.64659
8.1909,0.64288
8.0531,0.64788
7.9832,0.64908
8.3725,0.63843
8.0666,0.64717
8.0692,0.64489
8.0163,0.64713
7.7077,0.65691
8.1643,0.64304
8.0906,0.64487
8.1815,0.64116
7.9184,0.65158
7.8435,0.65365
8.0529,0.64696
7.8823,0.65195
8.0208,0.64709
8.3701,0.64006
7.9198,0.65086
7.888,0.65189
8.0425,0.64702
8.0896,0.64541
5.359,0.74794
8.6401,0.63151
8.1246,0.64502
8.4738,0.63682
8.2138,0.64282
8.2219,0.64358
8.1728,0.64249
8.1192,0.6452
8.5596,0.63473
8.6721,0.63168
8.5935,0.63273
8.7148,0.62879
8.4955,0.63469
8.5226,0.63447
8.5648,0.63374
8.5909,0.63283
8.6822,0.63055
8.8492,0.62586
8.5654,0.63374
8.2715,0.64207
8.399,0.63755
8.1582,0.64525
8.3232,0.64066
8.2628,0.64223
8.2715,0.64204
8.0169,0.64751
8.0957,0.64686
7.9663,0.64944
8.1585,0.64517
8.1761,0.64491
8.2258,0.64313
8.3253,0.63903
8.2628,0.6415
8.1821,0.64318
8.1723,0.64399
8.2489,0.64219
8.2642,0.64008
8.1652,0.64195
8.1992,0.6403
8.352,0.6373
8.0789,0.64653
8.2536,0.64096
8.0914,0.64437
7.9242,0.64979
8.1923,0.64221
8.2055,0.64197
8.1566,0.6435
8.0845,0.6468
8.15,0.64365
8.2473,0.64048
8.3003,0.63958
8.4786,0.63477
8.2055,0.64137
8.1869,0.64313
8.4143,0.63492
8.0192,0.64811
8.1357,0.6454
7.9542,0.65028
8.0381,0.64803
8.3301,0.63932
7.9988,0.64899
8.2864,0.64009
8.2848,0.63953
7.9116,0.65009
8.1159,0.64522
8.44,0.63556
8.6114,0.63271
8.5368,0.63494
8.5749,0.63364
8.6839,0.63052
8.4174,0.63844
8.6386,0.63125
8.408,0.63802
8.2458,0.64231
8.3966,0.63778
8.5794,0.63229
8.5209,0.63323
8.3787,0.63886
8.4311,0.63751
8.1972,0.64262
8.2287,0.64059
8.1967,0.64266
8.0956,0.64607
8.2174,0.64178
8.2257,0.64189
8.2204,0.64173
8.1976,0.64317
8.1284,0.64426
8.2936,0.63984
8.336,0.63869
8.4426,0.63599
7.9769,0.64887
7.8547,0.65262
7.8125,0.65287
8.01,0.64715
7.9662,0.64815
7.8303,0.65361
8.3781,0.63832
8.1252,0.64451
8.2136,0.64312
8.4551,0.63588
8.2927,0.63908
8.1115,0.64601
8.2088,0.64293
8.4777,0.6364
8.3988,0.63812
7.9557,0.64994
8.2451,0.64128
7.5343,0.66373
8.3999,0.63735
8.2971,0.64067
8.1715,0.64407
8.1569,0.64406
8.0079,0.64857
8.1166,0.64471
8.0192,0.64739
8.12,0.64592
8.0935,0.64473
8.1678,0.64375
8.0525,0.64741
8.1152,0.64518
8.4499,0.63449
8.2692,0.63959
8.2264,0.64302
8.1377,0.6445
8.1943,0.64312
8.3847,0.63723
7.9471,0.65046
8.4183,0.63714
8.2669,0.64125
8.5926,0.63093
8.2951,0.63939
8.4372,0.63751
8.8066,0.62712
8.3199,0.64057
8.7108,0.62917
8.3436,0.63977
8.6018,0.63268
8.5003,0.63499
8.3447,0.63972
8.3726,0.6375
8.4155,0.63754
8.4056,0.63681
8.4286,0.63721
8.4449,0.6366
8.4585,0.63563
8.5617,0.63418
8.1988,0.64341
8.4931,0.63446
8.4571,0.63682
8.6654,0.63139
8.4559,0.63696
8.5135,0.63565
8.3673,0.63889
8.6061,0.63177
8.4925,0.63536
8.4828,0.636
8.4435,0.63697
8.5214,0.63492
8.5997,0.63276
8.3535,0.63917
8.5469,0.63457
8.4387,0.63697
8.2207,0.6422
8.0207,0.64774
8.0233,0.64789
8.5988,0.63232
8.308,0.6381
8.4218,0.63513
8.2367,0.64136
8.137,0.64409
8.1728,0.64322
7.8836,0.65161
8.2457,0.64073
8.0301,0.6472
8.5418,0.63457
8.6912,0.6289
8.3578,0.6391
8.1056,0.64617
8.3024,0.63965
8.2233,0.64122
8.4122,0.63683
8.5641,0.63434
8.3235,0.64131
8.2264,0.64285
8.4674,0.63586
8.6222,0.63114
8.2152,0.64151
8.33,0.64022
8.3094,0.64029
7.9904,0.64861
8.2134,0.64106
8.135,0.64253
8.1992,0.64204
8.3295,0.63985
8.599,0.63096
8.218,0.64214
8.2134,0.64282
8.4224,0.63542
7.9227,0.65078
8.4426,0.63539
8.1899,0.64157
8.2756,0.6416
7.9832,0.65008
8.0882,0.64645
8.3082,0.63984
8.394,0.63757
8.3379,0.6396
8.4938,0.63591
8.2068,0.64262
8.619,0.63102
8.334,0.63877
8.2682,0.64151
8.243,0.64084
4.4427,0.7916
8.2158,0.64196
8.1575,0.64418
8.1178,0.64593
4.3968,0.79584
8.4122,0.63665
8.4954,0.63564
8.3062,0.64174
4.3855,0.79713
8.2813,0.64051
8.0919,0.64434
8.4553,0.63577
8.1407,0.64367
7.9799,0.6488
8.2353,0.64088
8.3497,0.64013
8.2357,0.64305
7.8814,0.6545
8.1936,0.64334
8.5031,0.63429
8.3811,0.63799
8.1853,0.64558
8.5508,0.63472
8.5685,0.63355
8.3919,0.63732
8.5883,0.63245
8.6843,0.63064
8.4656,0.63574
8.5596,0.63321
8.5542,0.63364
8.5398,0.63394
8.4295,0.6368
8.3786,0.63953
7.9881,0.65036
8.0763,0.64753
8.134,0.64578
5.3274,0.74648
8.5142,0.63527
8.113,0.6454
8.2002,0.64489
8.4056,0.6374
8.5585,0.63339
8.4844,0.63542
8.2739,0.64145
8.1273,0.64473
8.1667,0.64343
8.422,0.63734
8.1011,0.6459
8.4839,0.63588
8.5042,0.63566
8.6204,0.6316
8.5901,0.63325
8.5483,0.63452
8.6264,0.63163
8.5507,0.63418
8.6099,0.63192
8.5605,0.63395
8.4155,0.63798
5.7793,0.73029
8.5393,0.63477
8.5833,0.63321
8.3081,0.63821
8.5995,0.63167
8.5857,0.63268
0.45248,1.2958
8.5642,0.63432
8.5809,0.63368
8.6416,0.63079
8.6913,0.62987
8.1678,0.64486
8.2622,0.64183
8.2279,0.6424
8.3376,0.63866
8.2137,0.6417
7.9663,0.6491
8.3358,0.63956
8.2219,0.64291
8.4708,0.63467
8.2327,0.64214
8.3608,0.63953
8.2474,0.64212
8.5647,0.63258
0.27902,1.3933
7.9847,0.64921
8.2876,0.64058
7.9047,0.65118
8.5311,0.63322
8.2543,0.63929
8.3491,0.63694
8.3725,0.63691
8.3655,0.63837
8.1451,0.64346
8.0881,0.64597
8.0999,0.64398
8.3527,0.63608
8.3442,0.6361
8.2651,0.63871
8.32,0.63801
8.2614,0.64028
8.278,0.63931
8.3451,0.63615
8.1882,0.6411
8.104,0.64346
8.2154,0.64135
8.1401,0.64212
8.3857,0.63645
8.4625,0.63406
8.2752,0.63935
8.2517,0.63937
8.2143,0.64045
8.3243,0.63658
8.4817,0.63272
8.4374,0.63442
8.0095,0.64627
8.2101,0.6396
8.4328,0.63484
8.1386,0.64247
8.3307,0.6371
8.41,0.63329
8.5171,0.63052
8.4524,0.63221
8.4778,0.63158
8.2827,0.63649
4.183,0.80355
8.2282,0.63935
8.0171,0.64517
8.3728,0.63412
4.3937,0.79138
4.3292,0.79479
8.3968,0.63407
8.1245,0.64053
8.4307,0.63123
8.7316,0.62307
8.2655,0.63582
8.1624,0.63906
8.3309,0.63298
8.0851,0.64156
8.1487,0.63913
8.1064,0.64112
8.0375,0.64191
8.4106,0.63132
8.2799,0.63584
8.35,0.63358
8.4665,0.62999
8.3281,0.63316
8.277,0.63223
8.5294,0.62615
8.4537,0.62827
8.4596,0.62846
8.5086,0.62686
8.4316,0.62936
8.4625,0.62745
8.1383,0.63505
8.1801,0.6345
8.2478,0.63274
8.1786,0.63458
8.2746,0.63174
8.2323,0.63235
8.2136,0.63294
8.0722,0.63708
8.153,0.63396
8.0882,0.63587
8.0461,0.63611
8.2238,0.63088
8.211,0.6321
7.9348,0.63925
7.6082,0.64923
7.6879,0.64678
7.7873,0.64348
7.8644,0.64026
7.8349,0.64046
7.8894,0.63791
7.7401,0.64326
7.6486,0.6459
7.7714,0.64253
7.8349,0.64113
8.0761,0.63279
7.8778,0.63696
7.9323,0.6363
7.5112,0.64894
7.8713,0.63791
7.7641,0.64078
7.7533,0.64004
7.5269,0.64794
7.7418,0.64058
7.655,0.64374
7.5078,0.64818
7.4747,0.64947
7.531,0.64764
7.7738,0.6387
8.0824,0.63151
7.7471,0.64082
7.6953,0.64246
7.5703,0.64446
7.4583,0.64796
8.024,0.63213
7.3216,0.6522
7.6186,0.64338
7.5537,0.64326
7.8921,0.63316
7.6883,0.63903
7.6979,0.63781
7.4144,0.64643
7.6231,0.64069
7.541,0.64428
7.2329,0.6524
7.3832,0.64619
7.8141,0.63499
7.2551,0.6518
7.6392,0.64046
7.2995,0.64975
7.5211,0.64255
7.73,0.63492
7.7195,0.63548
7.8085,0.63249
7.2633,0.64953
7.2517,0.65015
7.3301,0.64679
7.3269,0.646
7.4216,0.64279
7.1197,0.65132
7.371,0.64364
7.515,0.63874
7.169,0.6499
7.1837,0.64943
6.9096,0.65801
7.3217,0.64456
7.1318,0.64925
7.4549,0.64225
7.1554,0.65086
6.9815,0.65464
7.3507,0.64161
7.2668,0.64385
7.2692,0.64449
6.9603,0.65568
7.1295,0.64908
6.974,0.65304
7.3669,0.63967
7.6153,0.63252
7.3597,0.64186
7.37,0.63928
7.49,0.63813
7.4371,0.63937
7.1075,0.64682
7.6348,0.63115
7.4261,0.63891
7.2158,0.64606
7.1011,0.64833
7.6365,0.62831
7.7189,0.62765
7.5939,0.63187
7.5092,0.6343
7.6112,0.63068
7.6687,0.62795
7.362,0.63774
7.4545,0.6348
7.486,0.63358
7.4178,0.63498
7.4297,0.63454
7.2654,0.64072
7.1842,0.64227
7.4456,0.63235
7.3573,0.6355
7.0185,0.64724
7.1512,0.64114
7.4439,0.63195
7.201,0.63841
7.0458,0.64336
7.2968,0.63628
7.2936,0.63591
7.3657,0.63266
7.2626,0.63648
7.3236,0.6346
7.46,0.62988
7.3951,0.63179
7.2481,0.63515
7.316,0.63254
7.3422,0.63163
7.2108,0.63612
7.2313,0.63418
7.138,0.63627
7.0378,0.63665
7.2086,0.63399
7.3877,0.62897
7.1786,0.63549
7.2553,0.63291
6.9751,0.64178
7.0822,0.63804
6.8824,0.64455
6.8358,0.64389
6.8413,0.64423
6.6526,0.65232
7.0018,0.63484
7.1102,0.63237
6.7046,0.64768
7.0674,0.63549
6.8081,0.64356
6.9159,0.64133
6.9944,0.63788
6.9396,0.63981
6.9582,0.63891
6.9469,0.63883
6.9553,0.63784
6.8887,0.63948
6.7766,0.64322
6.7129,0.64487
6.7896,0.64157
6.8139,0.64016
6.9603,0.635
6.6728,0.6444
6.792,0.63765
6.8081,0.63753
6.5652,0.6424
6.2275,0.65021
6.0178,0.6537
6.7683,0.62138
6.3698,0.63763
6.1253,0.65141
6.1039,0.65348
6.1976,0.64736
6.0589,0.65413
6.3004,0.64597
6.4389,0.64008
6.5769,0.63442
6.8952,0.62372
6.6787,0.62801
6.5421,0.63293
6.4304,0.63688
6.6125,0.62766
6.2206,0.64338
6.0208,0.65223
6.0366,0.65181
6.0693,0.65094
5.5524,0.67056
5.5254,0.67018
5.8264,0.65868
6.2314,0.6442
5.935,0.65441
6.1841,0.64583
5.9791,0.65314
5.9854,0.64996
5.9571,0.65333
6.2919,0.6421
6.2561,0.64225
6.1962,0.64352
6.3305,0.6369
6.2146,0.64127
6.229,0.64066
6.0936,0.64528
6.2814,0.63722
5.9672,0.65134
5.9284,0.65227
6.0835,0.64696
6.0436,0.64669
6.1152,0.64297
5.9808,0.64855
6.269,0.63629
6.3267,0.63504
6.3811,0.63248
6.5019,0.62775
6.1921,0.63815
6.2596,0.63464
6.2279,0.63557
6.2088,0.63814
5.9456,0.64762
6.1694,0.63912
6.1769,0.63758
6.1883,0.63802
6.1083,0.64103
6.0629,0.64373
5.9612,0.64479
6.1743,0.63754
5.2434,0.6712
5.9853,0.64376
5.6633,0.65335
5.8155,0.64556
5.7773,0.65046
6.0408,0.64101
5.6467,0.65337
5.6895,0.65241
5.5719,0.65611
6.2386,0.63172
6.2561,0.6308
6.0504,0.63821
6.1433,0.63442
5.4599,0.65866
6.2351,0.62896
6.0663,0.63642
6.0806,0.63645
6.0809,0.63618
5.9041,0.64184
6.0198,0.63742
6.015,0.63663
6.0596,0.63302
5.7052,0.64405
6.064,0.6268
5.8514,0.64268
5.5612,0.65089
5.9385,0.63785
5.7669,0.64383
5.3624,0.65782
5.492,0.6521
5.988,0.6335
5.8057,0.64263
5.5008,0.64993
5.9269,0.63637
5.9345,0.63284
6.1335,0.62506
6.1076,0.62809
6.0593,0.63001
6.2519,0.62223
6.2994,0.62014
6.0918,0.6283
5.9998,0.63157
6.0588,0.62776
6.1341,0.62514
6.1602,0.62481
6.0656,0.62679
6.0582,0.6241
6.2477,0.61809
6.1566,0.62189
5.5627,0.64588
5.6383,0.64331
5.8743,0.63224
5.7303,0.63845
5.8171,0.63619
5.9149,0.63173
5.7642,0.63662
6.0049,0.62593
5.8675,0.63088
5.8952,0.62975
5.8489,0.63303
5.8627,0.63155
5.8914,0.62966
5.8577,0.63138
5.756,0.63432
5.7094,0.6359
5.9706,0.62511
5.7357,0.63589
5.5058,0.64455
5.6502,0.63681
5.126,0.65171
5.6744,0.63447
5.6018,0.63753
5.7939,0.63018
4.5693,0.68607
5.7426,0.63078
5.769,0.62952
5.8707,0.62512
5.785,0.62813
5.7583,0.63004
5.6663,0.63429
5.3749,0.64501
5.5628,0.63878
5.4631,0.64343
5.5352,0.63896
5.4423,0.64241
5.5884,0.63675
5.2612,0.65009
5.5967,0.63708
5.4764,0.64212
5.4951,0.64134
5.5668,0.63784
5.515,0.63969
5.6601,0.63265
5.6424,0.63267
5.5779,0.63597
5.6737,0.63205
5.62,0.63403
5.6223,0.63337
5.7713,0.6276
5.597,0.63504
5.7657,0.62765
5.7659,0.62881
5.8226,0.6263
5.729,0.63049
5.5924,0.63553
5.156,0.65522
5.2822,0.64885
5.2841,0.6483
5.0478,0.65966
5.2255,0.64981
5.3928,0.64268
5.5816,0.63364
5.2284,0.64963
4.9202,0.66587
5.2476,0.65063
5.2988,0.64727
5.2248,0.65088
5.3596,0.64472
5.1419,0.64953
5.3516,0.64272
5.6274,0.63247
5.5783,0.63518
5.6583,0.63256
5.6832,0.63055
5.5692,0.63564
5.4556,0.64046
5.4072,0.64301
5.4717,0.64071
5.5599,0.63609
5.4751,0.64047
5.1365,0.65295
5.382,0.64421
5.3796,0.64274
5.2317,0.64738
5.2819,0.64785
5.228,0.65004
5.3508,0.64411
5.1537,0.6517
5.3484,0.64418
5.2364,0.64939
5.4009,0.64136
5.054,0.65536
5.7644,0.62869
5.5639,0.63753
5.0799,0.65419
5.7556,0.62783
5.7089,0.62908
5.7087,0.62962
5.6906,0.6312
5.7146,0.62973
4.8849,0.6622
5.1013,0.65197
5.6307,0.6328
5.4144,0.64164
5.4187,0.64205
5.3224,0.6467
5.317,0.64703
5.3684,0.64402
5.2519,0.65004
5.3708,0.64484
5.4054,0.64359
5.3094,0.64733
5.2916,0.64702
1.1433,0.98607
5.3189,0.64625
5.6545,0.63204
5.5061,0.63868
5.5708,0.63522
5.5857,0.63448
5.6256,0.63359
5.635,0.63372
5.6253,0.63482
5.5075,0.63978
5.6818,0.63183
5.4574,0.64111
5.5813,0.63493
5.5517,0.63617
5.1141,0.65204
5.0686,0.65416
5.2731,0.64644
5.6496,0.6312
5.6863,0.62986
5.2509,0.64633
5.3312,0.64409
5.4308,0.64031
4.9753,0.65833
5.3616,0.64325
5.3624,0.64345
5.0096,0.65721
4.9126,0.65955
5.0072,0.65604
5.5786,0.6352
5.5995,0.63455
5.5627,0.63575
5.6858,0.62967
5.6843,0.63015
5.6415,0.63198
4.9826,0.65911
4.9322,0.66023
5.0864,0.65431
4.9535,0.65965
5.3122,0.64767
5.2298,0.64761
5.2532,0.64669
5.3058,0.648
5.544,0.63653
5.3769,0.63985
5.5089,0.6376
5.4661,0.63889
5.2045,0.64662
5.269,0.64383
5.2271,0.64702
5.1638,0.64969
5.2246,0.64986
5.2805,0.64698
5.2564,0.64851
5.3733,0.64294
5.1684,0.65102
5.4852,0.63786
5.4794,0.63796
5.1206,0.65284
4.9364,0.65944
5.0915,0.65163
5.1871,0.64962
5.2057,0.64832
4.8602,0.66045
5.1479,0.65004
5.0725,0.65346
4.9519,0.65804
5.2271,0.64702
4.9577,0.65709
5.187,0.64815
5.1681,0.65012
5.1266,0.64945
5.4344,0.63746
4.986,0.65732
4.9928,0.65631
4.7397,0.667
5.2139,0.6462
5.0672,0.65357
5.0486,0.65447
5.0319,0.65478
5.0551,0.65418
5.052,0.65371
4.9923,0.65614
5.0582,0.65295
5.0245,0.65517
4.9943,0.65668
5.1194,0.65054
5.4019,0.64267
5.3076,0.64623
5.313,0.64526
5.2626,0.64625
5.3175,0.64512
5.2961,0.64497
5.2679,0.64589
5.2747,0.64777
5.2344,0.64841
5.329,0.64527
5.0355,0.65686
4.984,0.65801
4.6852,0.66782
5.2718,0.64124
4.9988,0.65542
4.8608,0.66114
5.208,0.64649
5.2717,0.6435
5.2553,0.64581
5.1136,0.65235
5.1574,0.64953
5.4456,0.63909
5.1595,0.65033
5.3799,0.64242
5.3592,0.64253
5.3117,0.64348
5.2397,0.64844
5.2369,0.64824
5.5275,0.63651
5.4296,0.64166
5.1546,0.65441
5.2634,0.64852
5.4218,0.64055
5.2951,0.64613
5.3047,0.64663
5.2335,0.65029
4.5642,0.67414
4.8137,0.66224
5.2101,0.64658
5.1968,0.64734
5.3178,0.64328
4.9442,0.66004
5.2528,0.64542
5.3719,0.63911
5.4254,0.63662
2.4612,0.8196
5.3342,0.64157
5.2774,0.64414
5.4192,0.64098
5.2997,0.64279
5.3776,0.63988
5.4158,0.64187
5.3672,0.64051
4.9959,0.65437
5.201,0.64648
5.292,0.64117
5.3976,0.64173
5.1936,0.65171
5.351,0.64479
5.2248,0.651
5.3113,0.64569
5.4417,0.64
5.3198,0.64469
4.9695,0.65729
5.4353,0.63985
5.4898,0.63815
5.3191,0.64531
5.0421,0.65323
4.8051,0.66424
5.007,0.65598
4.8609,0.66265
4.8871,0.66056
5.2232,0.64963
5.2842,0.646
5.3762,0.64142
5.3107,0.64527
5.3837,0.64187
5.1322,0.65233
5.4124,0.64094
5.2604,0.64832
5.2757,0.64655
5.2134,0.64939
5.1568,0.65171
5.2736,0.64664
4.7709,0.66812
4.7911,0.66521
5.2558,0.64346
5.209,0.64581
4.8497,0.66241
5.267,0.64258
5.2996,0.64138
5.2385,0.64526
4.7449,0.66757
4.9775,0.65674
4.9153,0.65863
4.8012,0.66437
4.948,0.65686
4.9428,0.65778
5.1067,0.65045
4.944,0.65807
4.8567,0.66241
4.8645,0.66161
4.7911,0.66326
4.7077,0.66706
5.2751,0.64623
5.2524,0.64745
5.4997,0.63619
5.3234,0.64158
5.0655,0.65715
5.256,0.6471
5.245,0.64833
5.2413,0.64875
5.1811,0.65169
5.0975,0.65507
5.1803,0.65067
5.2587,0.64734
5.2676,0.64699
5.1638,0.65196
5.2662,0.64675
5.2295,0.64849
4.7488,0.66573
5.4214,0.6394
4.8966,0.65999
4.9073,0.65945
4.8934,0.65978
4.9091,0.65887
4.8497,0.6621
4.6744,0.6709
4.8352,0.66233
4.6893,0.66925
4.6642,0.67009
5.3406,0.64334
4.7684,0.66513
4.6976,0.66827
4.8682,0.66032
5.3866,0.64181
4.9938,0.65517
4.8663,0.66076
4.7835,0.6645
4.8865,0.66141
4.8272,0.66159
4.9015,0.65834
4.9722,0.6578
4.8295,0.66449
5.2892,0.64652
5.328,0.64412
5.471,0.63677
5.4278,0.63846
5.3095,0.64371
5.2557,0.64666
5.2798,0.64575
5.2678,0.6468
5.3565,0.64279
5.4266,0.63957
5.2777,0.64696
5.2837,0.64698
4.8423,0.66205
5.0479,0.65216
4.8973,0.65948
4.8985,0.65883
5.0884,0.65053
5.1361,0.64918
4.9603,0.65653
4.9461,0.65843
4.7663,0.66566
4.9099,0.65828
4.8786,0.65938
4.8448,0.66162
5.0499,0.65166
5.4938,0.63127
5.0165,0.65309
4.9842,0.65547
4.6564,0.66897
5.6097,0.63155
5.4205,0.63995
5.3544,0.64318
5.047,0.65255
4.953,0.65643
5.0988,0.6499
5.1702,0.64657
5.2657,0.64512
5.2873,0.64403
5.1577,0.64965
5.2275,0.64802
5.1186,0.65249
5.2637,0.64561
5.3428,0.64186
5.1529,0.6502
5.1318,0.65122
5.267,0.64578
5.2832,0.64522
5.0318,0.65762
5.1329,0.65311
5.2725,0.64604
5.0652,0.65643
4.9666,0.66079
5.2024,0.64885
5.3073,0.64346
5.3177,0.64281
5.1984,0.64854
5.2385,0.64699
5.2371,0.64695
5.3246,0.64277
5.1777,0.64978
5.0091,0.65411
5.4259,0.63792
5.3612,0.64064
5.3484,0.64166
5.405,0.63899
5.4625,0.63651
5.0509,0.6535
5.3975,0.63969
5.4164,0.63929
5.3851,0.63976
5.4537,0.63706
5.4446,0.63806
5.1535,0.65096
5.2125,0.64782
5.1102,0.65294
5.1885,0.64824
5.2109,0.64903
5.0919,0.65346
5.1358,0.65208
5.2123,0.648
5.1819,0.64937
5.0236,0.65701
5.06,0.65554
5.1915,0.64857
5.376,0.64095
5.2904,0.64463
5.3066,0.64452
5.2596,0.64698
5.2856,0.64456
5.4255,0.63819
5.2266,0.64756
5.3693,0.6405
5.3313,0.64211
5.2657,0.64458
5.2707,0.64448
5.1848,0.64951
5.0082,0.6574
5.1484,0.65113
5.2201,0.64836
5.1087,0.65337
5.0283,0.65746
5.0092,0.65791
5.0872,0.65345
5.1861,0.64858
5.0293,0.65531
5.0767,0.65335
5.0708,0.6538
5.0519,0.65526
5.125,0.6521
5.3419,0.64175
5.3711,0.64132
5.2934,0.64529
5.2213,0.64811
5.2649,0.64567
5.4735,0.63573
5.2712,0.64473
5.4041,0.63826
5.3833,0.6399
5.2698,0.64498
5.1448,0.65072
4.8959,0.66324
5.1866,0.64857
5.3363,0.64232
5.1834,0.64916
5.1425,0.65106
5.1932,0.64794
5.1507,0.64966
5.0918,0.65267
5.2411,0.64562
5.159,0.65071
5.1341,0.65252
5.1146,0.6527
5.2197,0.6472
5.4196,0.63755
5.3273,0.64152
5.2466,0.64614
5.2563,0.64546
5.263,0.64518
4.8434,0.66153
5.3046,0.64297
5.2524,0.64619
5.2366,0.64694
5.2274,0.64687
5.1438,0.65031
5.3103,0.64251
5.2906,0.64412
5.2026,0.64925
5.1877,0.64957
5.2171,0.64796
5.149,0.65065
5.1915,0.64801
5.2575,0.64513
5.1694,0.64919
5.2041,0.64698
5.1677,0.64855
5.2282,0.64644
5.0411,0.65511
5.2451,0.64593
5.2539,0.64518
5.1706,0.64873
0.83679,1.051
5.0935,0.65257
4.9534,0.65907
4.9753,0.6576
5.1481,0.64968
4.9027,0.66105
4.9078,0.66052
5.0185,0.6563
4.8776,0.66023
5.2013,0.64711
5.2629,0.64364
5.3861,0.63856
5.1549,0.64768
5.2769,0.64365
5.2765,0.64377
5.3811,0.63928
5.2419,0.64513
5.2685,0.64421
5.2823,0.64379
5.3381,0.64143
5.0325,0.65441
5.2123,0.64679
5.2217,0.64619
5.2257,0.64615
5.1334,0.65145
5.3515,0.64042
5.2134,0.64659
5.4122,0.63744
5.3868,0.63938
5.2989,0.64378
5.3364,0.64193
5.2855,0.64371
5.0708,0.65239
5.2351,0.64588
5.3864,0.64023
5.4205,0.6384
5.223,0.64634
5.3227,0.6414
5.1465,0.64834
5.1926,0.64718
5.111,0.65022
5.4095,0.6378
5.309,0.64256
5.1576,0.64889
5.0465,0.65493
5.3138,0.64206
5.2357,0.6454
5.1634,0.64859
5.0996,0.65186
5.1239,0.64988
5.109,0.65035
5.2281,0.64596
5.0007,0.65538
5.0978,0.65068
5.2674,0.64376
5.093,0.65213
5.368,0.64029
5.4065,0.6387
5.2469,0.64532
5.231,0.64566
5.179,0.64823
5.2855,0.64335
5.2362,0.64449
5.4342,0.63633
5.3226,0.64228
5.3764,0.6396
5.1381,0.65047
5.2734,0.64364
5.2966,0.64107
5.2349,0.64502
5.1807,0.64819
5.2001,0.64783
5.2725,0.64398
5.1172,0.64987
5.1562,0.64857
5.2647,0.64319
5.2054,0.64629
5.0993,0.65096
5.3117,0.64186
5.2227,0.64626
5.0657,0.65351
5.0566,0.65395
5.1242,0.65082
5.2442,0.64568
5.0405,0.65493
5.0453,0.6545
5.0489,0.65407
5.1235,0.65036
5.0663,0.6531
5.0525,0.65364
5.0756,0.65206
5.2616,0.64316
5.1236,0.65003
5.0664,0.65208
5.2645,0.64497
5.1378,0.65088
5.345,0.64141
4.9143,0.66064
4.9756,0.65699
5.0593,0.65149
5.0116,0.65392
4.9993,0.65414
5.0716,0.65058
5.0362,0.653
5.1003,0.65164
5.2889,0.64323
4.9814,0.65748
5.1564,0.64907
5.1157,0.65185
5.173,0.64933
5.1583,0.64848
5.1109,0.65116
5.1005,0.65155
5.1898,0.64717
5.0926,0.65171
5.117,0.65098
5.1221,0.65082
5.1808,0.64828
5.1253,0.65152
5.1911,0.64833
5.0858,0.65195
5.1715,0.64794
5.114,0.65155
5.1823,0.64852
5.2132,0.6471
5.2272,0.64593
5.2468,0.6451
5.2224,0.64611
5.2588,0.64381
5.472,0.63597
5.3844,0.63922
5.4486,0.63655
5.4554,0.63626
5.3531,0.64058
5.3803,0.63916
5.4834,0.63528
5.342,0.64181
5.4979,0.6346
5.5332,0.63321
5.3638,0.64135
5.0522,0.65492
5.1153,0.65224
5.405,0.63939
5.3645,0.64092
5.3766,0.64018
5.4033,0.6389
5.4561,0.63688
5.2646,0.64625
5.3874,0.64049
5.4346,0.63821
5.4548,0.63754
5.2499,0.64728
5.1653,0.65086
5.0684,0.65567
5.1697,0.65102
5.2951,0.64449
5.3907,0.64094
5.1453,0.65209
5.1238,0.65275
5.1565,0.65117
5.1797,0.65025
5.2148,0.64828
5.0713,0.65531
5.1901,0.64984
5.4106,0.64073
5.3575,0.64349
5.3719,0.6427
5.4368,0.63981
5.4622,0.63895
5.4337,0.64069
5.3066,0.64682
5.3263,0.64592
5.4373,0.64083
5.4008,0.64248
5.3721,0.64391
5.4422,0.64054
5.2139,0.65122
5.1913,0.65202
5.1174,0.65585
5.1678,0.65349
5.3811,0.64301
5.2003,0.65237
5.2264,0.65159
5.3124,0.64744
5.2582,0.6505
5.2567,0.65023
5.2547,0.65074
5.4882,0.64067
5.3683,0.6459
5.3922,0.64475
5.3045,0.64925
5.4022,0.64467
5.4017,0.64525
5.2448,0.65238
5.2938,0.64987
5.3987,0.64453
5.4482,0.64254
5.3915,0.64546
5.33,0.64897
5.3774,0.64644
5.2741,0.65108
5.2819,0.65098
5.3324,0.64911
5.4426,0.64456
5.4243,0.6459
5.2886,0.65251
5.3642,0.64817
5.333,0.64955
5.568,0.63888
5.3566,0.64891
5.374,0.64836
5.3901,0.64811
5.4344,0.64671
5.5974,0.64043
5.358,0.65226
5.2821,0.65529
5.409,0.64928
5.3014,0.65315
5.4529,0.64614
5.4596,0.64591
5.466,0.64587
5.4241,0.64771
5.4675,0.64579
5.4886,0.64559
5.3124,0.65373
5.2507,0.65674
5.2251,0.65796
5.3617,0.65191
5.1958,0.65943
5.0402,0.66691
5.1444,0.66177
5.2335,0.6574
5.3894,0.65132
5.2088,0.66086
5.2893,0.65804
5.1951,0.66221
5.3499,0.65289
5.5012,0.64713
5.3678,0.65245
5.1142,0.66221
5.5197,0.6452
5.1218,0.66184
5.4476,0.64942
5.3575,0.65269
5.4702,0.65009
5.4547,0.65072
5.3586,0.65522
5.3005,0.65795
5.2941,0.65781
5.25,0.6602
5.3743,0.65497
5.2848,0.65909
5.4973,0.64948
5.5087,0.64892
5.4833,0.65015
5.484,0.65007
5.3759,0.65556
5.3933,0.65495
5.4566,0.65242
5.3451,0.65711
5.4049,0.65426
5.29,0.65996
5.39,0.65664
5.4156,0.65564
5.3704,0.65851
5.3088,0.66055
5.3974,0.65716
5.2305,0.66482
5.3057,0.66097
5.2919,0.66189
5.4625,0.6546
5.385,0.65885
5.2114,0.66659
5.2408,0.66444
5.2425,0.66445
2.772,0.81158
5.2632,0.66509
5.2908,0.66341
5.4051,0.65831
5.3039,0.66326
5.2692,0.6652
5.2008,0.66882
5.1848,0.66927
5.3763,0.6607
5.1472,0.67173
5.0502,0.67661
5.1421,0.67222
5.1471,0.6722
5.1596,0.67155
5.0408,0.67733
5.1688,0.67253
5.2829,0.66796
5.0877,0.67644
5.2575,0.66869
5.4056,0.66141
5.2146,0.6693
5.6911,0.64923
5.511,0.65779
5.5879,0.65476
5.5841,0.65556
5.5626,0.65695
5.5244,0.65879
5.6351,0.65318
5.5845,0.65517
5.5954,0.65488
5.6269,0.65345
5.5992,0.65528
5.5922,0.65597
5.535,0.65819
5.5636,0.65687
5.5246,0.65898
5.6787,0.65267
5.7815,0.6487
5.4915,0.66265
5.5823,0.65854
5.5593,0.65875
5.685,0.65341
5.6973,0.65202
5.4499,0.66298
5.7546,0.64947
5.845,0.64798
5.7774,0.65203
5.7259,0.65409
5.5625,0.66178
5.7127,0.65414
5.8921,0.64712
5.6611,0.65734
5.5815,0.66116
5.7155,0.65513
5.6436,0.65775
5.6731,0.65614
5.6116,0.65911
5.5485,0.66206
5.7287,0.65443
5.8264,0.65078
5.6643,0.659
5.6095,0.66173
5.6787,0.65839
5.7256,0.65619
5.4354,0.66854
5.5193,0.66513
5.6817,0.65843
5.7164,0.65735
5.5136,0.66672
5.646,0.66106
5.8564,0.65185
5.741,0.65644
5.7877,0.65472
5.7153,0.65835
5.7142,0.65835
5.7317,0.65767
5.7474,0.65756
5.6176,0.66306
5.7118,0.65985
5.8337,0.6548
5.786,0.65776
5.713,0.65993
5.6684,0.66231
5.9461,0.65126
5.8149,0.65631
5.9463,0.65139
5.7884,0.65831
5.9314,0.65256
5.8106,0.65789
5.6955,0.66299
5.7919,0.65876
5.7524,0.66099
5.8446,0.65683
5.9332,0.65411
5.5911,0.66923
5.7584,0.6619
5.8625,0.65788
5.8499,0.65876
5.7676,0.66207
5.7837,0.66129
5.8731,0.65688
5.7934,0.66021
5.8015,0.66035
5.721,0.66424
5.8368,0.65889
5.8536,0.6586
5.8862,0.65764
5.7561,0.66361
5.7784,0.66303
5.8662,0.65894
5.8962,0.65797
5.8604,0.6595
5.8192,0.66154
5.8097,0.66228
5.9161,0.65906
5.8513,0.66221
5.809,0.66392
5.7968,0.66427
5.9311,0.65902
5.8796,0.6616
5.8648,0.66264
5.8608,0.66262
5.9519,0.65801
5.9802,0.65662
5.926,0.65993
5.951,0.65984
5.9157,0.6623
5.9286,0.66199
5.8834,0.66419
5.6605,0.67324
5.7482,0.66904
5.7942,0.66696
5.7508,0.67003
5.7506,0.66967
5.9024,0.66367
5.8013,0.66821
5.6938,0.67274
5.7905,0.66937
5.8829,0.66567
5.7686,0.67067
5.9563,0.66239
5.9617,0.66217
5.9063,0.66496
5.9145,0.66468
5.9846,0.66202
5.9889,0.66213
5.9786,0.66288
6.0217,0.66123
6.0781,0.65986
5.8733,0.66896
5.9339,0.66706
5.53,0.68348
5.6024,0.67969
5.873,0.66812
6.0208,0.66227
5.9732,0.66471
5.964,0.66551
5.981,0.66466
5.9982,0.66438
5.9024,0.66877
5.8986,0.6696
6.0083,0.66562
5.9819,0.66672
6.0064,0.66543
5.8235,0.67272
6.0662,0.66268
5.9468,0.66826
6.0598,0.66426
5.9959,0.66719
6.0631,0.66412
6.2584,0.6572
6.0541,0.66683
5.9102,0.67358
5.8594,0.67517
5.9324,0.67089
6.1619,0.66056
6.024,0.66635
6.0369,0.66622
6.1761,0.66086
6.1882,0.66114
6.1067,0.6654
6.0282,0.66927
6.1144,0.6653
6.1927,0.66164
6.1797,0.66195
6.0563,0.66762
5.916,0.67221
6.1021,0.66487
6.0706,0.66633
5.9785,0.67057
6.2291,0.6613
6.0862,0.66703
6.1819,0.66323
5.8276,0.67796
5.9899,0.67154
5.7368,0.6817
6.0874,0.66731
6.1066,0.66695
6.2148,0.66349
6.118,0.66717
6.2055,0.66435
6.145,0.66644
5.3361,0.70018
5.9512,0.67466
6.2221,0.66518
6.0692,0.67237
6.0296,0.67377
6.095,0.66917
6.0441,0.67109
6.1546,0.6669
5.787,0.68128
5.9546,0.67612
6.1731,0.66731
5.7879,0.68267
5.7099,0.68738
5.606,0.69292
5.6721,0.68952
5.8443,0.68115
6.233,0.66783
5.6902,0.68856
6.0706,0.67431
5.8499,0.68011
6.4202,0.65914
6.2622,0.66578
6.0712,0.67421
5.8958,0.68158
5.7798,0.68624
5.7741,0.68675
5.9805,0.67939
5.8759,0.68344
6.0403,0.67694
5.8025,0.68641
5.7669,0.68817
6.01,0.67889
5.7451,0.68966
5.9044,0.68251
5.8246,0.68571
5.9318,0.68227
6.0312,0.6783
6.175,0.67411
6.0731,0.67717
6.3006,0.66875
6.3185,0.66825
0.36719,1.2902
6.0408,0.67997
6.0226,0.68004
6.1251,0.67601
5.8348,0.68779
5.8465,0.68802
5.9111,0.68576
5.8458,0.68934
5.7765,0.69258
5.8728,0.68764
6.042,0.68031
5.9081,0.68563
5.9059,0.68585
5.8925,0.68732
5.9124,0.68666
5.9066,0.68727
5.8932,0.68832
5.9677,0.68525
6.0477,0.68098
5.9875,0.68423
5.9902,0.68459
6.3387,0.67173
6.045,0.68314
5.8964,0.68736
6.3234,0.67323
6.1996,0.67702
6.5229,0.66488
6.4797,0.66676
6.2282,0.67763
6.3378,0.67414
6.2746,0.676
6.2836,0.67582
6.2445,0.67809
6.1522,0.68232
6.2052,0.68066
6.4392,0.67081
6.2111,0.68003
6.4168,0.67179
6.0568,0.68547
6.1712,0.68179
6.1196,0.68326
6.3369,0.67488
6.0442,0.68512
5.9733,0.68898
5.9873,0.68855
6.0707,0.68496
6.1184,0.68296
6.6726,0.6646
6.0462,0.68712
6.5846,0.66877
6.4576,0.67241
6.333,0.67661
6.2573,0.68094
6.4155,0.675
6.2438,0.68113
6.227,0.68224
6.2458,0.682
6.3678,0.67806
5.8616,0.69641
6.5095,0.67229
6.3801,0.67726
6.3903,0.67695
6.3139,0.68003
6.4032,0.67759
6.3226,0.68124
6.3456,0.68054
6.2316,0.68435
6.314,0.68083
6.4121,0.67747
6.3884,0.67905
6.2415,0.68503
6.2628,0.6842
6.2893,0.68323
6.34,0.68145
6.4156,0.67927
6.1643,0.68929
6.395,0.67958
6.4652,0.67589
6.5681,0.67185
6.3824,0.6795
6.465,0.67704
6.3263,0.68328
6.2365,0.68727
6.3449,0.68237
6.1847,0.68833
6.2228,0.68761
6.2501,0.6866
6.3669,0.68171
6.3316,0.68368
6.253,0.68734
6.4769,0.67874
6.3529,0.68342
6.3532,0.68323
6.5149,0.67743
6.3255,0.68463
6.5061,0.67787
6.3582,0.68362
6.5673,0.67536
6.5157,0.67793
6.3067,0.68622
6.5081,0.67853
6.3808,0.68304
6.2898,0.68509
6.5544,0.67689
6.5114,0.67843
6.1694,0.68984
6.2858,0.68505
6.2744,0.68483
6.3417,0.68316
6.5207,0.67848
6.182,0.69098
6.1751,0.69253
5.8296,0.70439
5.9145,0.70059
6.8791,0.66627
6.8636,0.66787
6.6451,0.67645
6.6362,0.67647
6.7636,0.67068
6.7109,0.67257
6.7351,0.67127
6.6796,0.67354
6.6642,0.67479
6.294,0.68719
3.7022,0.81448
6.5248,0.6807
6.6056,0.67761
6.8082,0.67038
6.6696,0.67476
6.7202,0.674
6.6886,0.67531
6.7312,0.67321
6.8036,0.67003
6.622,0.6768
6.7163,0.67423
6.7819,0.67133
6.7371,0.67334
6.7543,0.67288
6.8697,0.6679
6.3926,0.68449
6.3059,0.68878
6.2488,0.69046
6.845,0.67013
6.2281,0.69167
6.8783,0.66851
6.7692,0.67311
6.6878,0.67531
6.3685,0.68584
6.8057,0.67172
6.723,0.67472
6.7163,0.67513
6.6176,0.67847
6.8506,0.67033
6.6373,0.68029
6.6208,0.68128
6.5494,0.68331
6.7293,0.67684
6.6896,0.67838
6.6826,0.67889
6.8465,0.67305
6.7878,0.6742
6.6619,0.67964
6.5368,0.68484
6.5693,0.68338
6.8257,0.67369
6.7723,0.67548
6.8106,0.67401
6.6609,0.67929
6.8324,0.67369
6.5557,0.6846
6.8714,0.67259
7.137,0.66359
6.8513,0.67371
6.5675,0.68494
6.9375,0.67131
6.827,0.6753
6.8181,0.67564
6.8706,0.67307
6.6369,0.68193
6.7399,0.67807
6.6761,0.68071
6.9156,0.67154
6.7728,0.67667
6.9351,0.67134
6.8074,0.67567
6.9275,0.672
6.8484,0.67452
7.0297,0.66795
7.0843,0.66586
6.8497,0.67486
7.0088,0.66935
6.9953,0.6701
7.0016,0.66955
7.0344,0.66821
7.0513,0.66741
7.0781,0.6667
6.7842,0.67717
6.9197,0.67299
7.0603,0.66838
7.3029,0.65982
7.1159,0.66626
6.7992,0.6778
6.979,0.6705
7.0209,0.66915
7.0116,0.66972
7.1014,0.66616
7.0546,0.66795
7.1671,0.66441
7.0998,0.66729
6.908,0.67442
6.9907,0.67203
6.875,0.67571
6.9847,0.67109
6.9852,0.67115
6.9185,0.67387
6.9232,0.67381
6.9339,0.6732
6.9748,0.67118
6.9752,0.67165
7.2033,0.66449
6.9182,0.67582
7.1643,0.66722
7.0303,0.67145
7.1661,0.66723
6.927,0.67527
6.9118,0.6756
6.9237,0.67463
7.073,0.66969
6.9071,0.67546
6.7823,0.67856
7.134,0.66801
6.9403,0.67496
6.8889,0.67733
6.9156,0.67553
6.9314,0.67564
6.692,0.68495
7.1432,0.66867
7.06,0.67081
7.1197,0.669
7.1618,0.66779
7.0732,0.67152
7.0684,0.67097
7.2256,0.66544
7.1318,0.66856
7.0888,0.67085
7.0562,0.67223
7.201,0.66836
7.03,0.67433
7.1024,0.67131
7.133,0.66981
7.1171,0.67014
7.1216,0.67007
7.2259,0.66621
7.1032,0.67161
7.0767,0.67279
7.1205,0.67088
7.1976,0.66762
7.1426,0.67014
7.1378,0.66981
7.1002,0.67154
6.85,0.67999
7.0705,0.67215
7.0128,0.67503
7.2077,0.66837
7.2078,0.66816
7.1663,0.66989
7.1865,0.66892
7.1684,0.6695
7.2055,0.66828
7.1812,0.66916
7.458,0.65957
7.5319,0.65722
7.0906,0.67229
7.2261,0.66865
7.126,0.6717
7.2979,0.6655
7.3581,0.66355
7.3333,0.66473
7.3461,0.66449
7.0795,0.67362
7.1354,0.67243
7.0867,0.67457
7.2758,0.66737
7.136,0.67195
7.0234,0.67638
7.2856,0.66714
7.2899,0.66742
7.2239,0.67026
7.131,0.67274
7.0985,0.67421
7.1035,0.67379
7.1379,0.67245
7.1445,0.67268
6.9557,0.67958
7.1388,0.67333
7.2421,0.6699
7.1964,0.67188
7.1312,0.67443
7.1942,0.67178
7.1201,0.67446
7.0512,0.6768
7.2392,0.669
7.2667,0.66833
7.1439,0.67344
7.1812,0.67156
6.9217,0.68195
6.997,0.67888
7.1398,0.67375
6.3242,0.70172
7.1517,0.67309
7.2263,0.67069
7.0975,0.67557
7.0929,0.67424
7.242,0.6713
7.3978,0.66545
7.2827,0.66869
7.1622,0.67389
7.0431,0.67814
7.1146,0.67588
7.2167,0.67115
7.3181,0.66713
7.2502,0.67034
7.0869,0.67768
7.2076,0.67267
7.1295,0.67652
7.2728,0.6703
7.2461,0.67129
7.1623,0.67475
7.2036,0.67373
7.1252,0.67687
7.2328,0.67279
7.3433,0.66978
7.2378,0.67422
7.4066,0.66707
7.4037,0.66702
7.3709,0.66715
7.4614,0.66473
7.3767,0.66855
7.4525,0.66599
7.3578,0.67056
0.42264,1.3116
0.41042,1.3191
7.3041,0.6714
7.1541,0.67602
6.9987,0.68025
6.834,0.68767
7.134,0.67636
6.8729,0.68525
6.8943,0.68623
7.1861,0.67578
6.8396,0.68837
6.9544,0.68416
6.9317,0.68536
7.0051,0.68504
7.1088,0.68056
7.513,0.66496
7.2582,0.67543
7.2485,0.67422
7.2424,0.67598
6.9568,0.68578
7.3279,0.67211
6.9169,0.68749
7.164,0.67716
7.1766,0.67644
7.0351,0.68312
7.1105,0.68001
7.2195,0.67634
7.1855,0.67848
7.0355,0.68396
7.1448,0.68064
7.1317,0.6816
7.1306,0.68079
7.1658,0.67909
7.1694,0.67827
7.0466,0.68305
7.2093,0.67856
7.3875,0.67163
7.2894,0.67604
6.938,0.68712
7.4813,0.6683
7.3563,0.67303
7.4119,0.67102
7.4789,0.66823
7.3875,0.67243
7.1265,0.68017
7.1182,0.68076
6.9728,0.68697
6.9989,0.68405
6.9651,0.68655
7.0589,0.68261
