0.29971,1.7483
0.32091,1.7301
0.33325,1.7157
0.36895,1.6859
0.34835,1.7024
0.34668,1.7056
0.27,1.7853
0.3315,1.7182
0.26741,1.7876
0.29205,1.7601
0.27267,1.7816
0.33822,1.7137
0.28463,1.7677
0.3143,1.7339
0.29528,1.7533
0.28836,1.7619
0.27853,1.7731
0.24939,1.806
0.33321,1.7158
0.33891,1.7122
0.34569,1.7026
0.35726,1.6925
0.32375,1.7244
0.31874,1.7302
0.29151,1.7572
0.27776,1.7733
0.26402,1.7887
0.27386,1.7796
0.30741,1.743
0.26313,1.793
0.28134,1.7716
0.29436,1.7567
0.31058,1.74
0.30663,1.7444
0.29394,1.7579
0.30604,1.7455
0.30246,1.7512
0.31832,1.7356
0.28694,1.7649
0.3022,1.7485
0.29707,1.7534
0.31105,1.7383
0.3056,1.7447
0.32037,1.7245
0.33003,1.7152
0.31173,1.7364
0.32604,1.7224
0.30813,1.7406
0.34407,1.7086
0.33614,1.7132
0.3029,1.7464
0.31435,1.7345
0.28004,1.7711
0.30578,1.7425
0.3141,1.7334
0.29765,1.7506
0.33255,1.7149
0.3796,1.6707
0.3796,1.6702
0.33549,1.7105
0.32484,1.7224
0.30628,1.7383
0.36236,1.6836
0.32695,1.7153
0.33577,1.7064
0.36458,1.6798
0.34466,1.6987
0.36342,1.6831
0.35208,1.6902
0.39328,1.6568
0.3863,1.6632
0.38202,1.6653
0.30846,1.7301
0.31329,1.725
0.32441,1.7135
0.30545,1.7271
0.3334,1.6984
0.32503,1.7083
0.36813,1.6651
0.34909,1.6803
0.38033,1.6598
0.37455,1.6607
0.43293,1.6165
0.41679,1.6294
0.35506,1.6752
0.33702,1.6914
0.33233,1.696
0.33367,1.6928
0.34248,1.6845
0.3266,1.6992
0.36172,1.6616
0.38072,1.6472
0.39992,1.6343
0.38333,1.643
0.38496,1.6415
0.35462,1.6674
0.36019,1.66
0.32734,1.6926
0.32849,1.6867
0.32372,1.6878
0.3354,1.6789
0.3474,1.6668
0.35635,1.6574
0.35066,1.6595
0.34638,1.668
0.31563,1.6905
0.32815,1.6811
0.34081,1.6678
0.34374,1.6631
0.37886,1.6345
0.40731,1.6111
0.38444,1.6259
0.36766,1.6423
0.36268,1.645
0.37577,1.6333
0.43566,1.586
0.40712,1.606
0.41918,1.5949
0.41493,1.5978
0.43952,1.5781
0.35256,1.6437
0.404,1.6038
0.37886,1.6193
0.42619,1.5837
0.41665,1.5906
0.44378,1.5701
0.43949,1.5721
0.41557,1.5885
0.4498,1.5625
0.43411,1.5732
0.45851,1.5557
0.46169,1.5519
0.46324,1.5533
0.41663,1.585
0.4288,1.5753
0.44686,1.5613
0.47988,1.5376
0.465,1.5466
0.45252,1.5542
0.45754,1.5462
0.43244,1.5663
0.45756,1.5455
0.47129,1.5352
0.4484,1.5494
0.42457,1.5648
0.5147,1.5094
0.5012,1.5141
0.52687,1.4976
0.47984,1.5252
0.47201,1.5266
0.50211,1.5094
0.46827,1.531
0.55774,1.4756
0.49077,1.5137
0.52983,1.4919
0.48044,1.5189
0.52816,1.4909
0.52732,1.4908
0.52672,1.4873
0.50327,1.5031
0.54628,1.4775
0.54407,1.4772
0.56638,1.4647
0.57554,1.4591
0.54407,1.4733
0.55023,1.4691
0.5578,1.4637
0.53919,1.4758
0.51419,1.4868
0.55909,1.4603
0.57788,1.4489
0.5303,1.4727
0.54641,1.4651
0.5784,1.4492
0.57349,1.451
0.57067,1.4517
0.56502,1.454
0.55803,1.4543
0.57863,1.4455
0.56183,1.4515
0.5204,1.4721
0.58553,1.44
0.57431,1.4449
0.5798,1.4424
0.5704,1.4466
0.61569,1.4233
0.57394,1.4446
0.60105,1.43
0.5685,1.4447
0.6218,1.419
0.61222,1.424
0.63672,1.4116
0.65146,1.4069
0.62729,1.4179
0.63813,1.4128
0.62353,1.4196
0.62003,1.4209
0.61983,1.4209
0.63413,1.4131
0.63353,1.4133
0.67564,1.3926
0.6528,1.4029
0.67646,1.3917
0.64806,1.4041
0.63246,1.4114
0.65002,1.4051
0.61968,1.4144
0.66497,1.3969
0.65234,1.4003
0.64791,1.4019
0.67186,1.3908
0.66123,1.3957
0.68098,1.3866
0.70435,1.3783
0.70891,1.3738
0.63974,1.4043
0.65494,1.4011
0.63353,1.4061
0.64844,1.3987
0.63077,1.4071
0.66096,1.3947
0.70258,1.3755
0.67946,1.3855
0.69779,1.3775
0.6809,1.3824
0.69637,1.3749
0.70661,1.3728
0.7168,1.3682
0.67382,1.3861
0.68218,1.38
0.68707,1.3799
0.66669,1.3866
0.70148,1.3728
0.67367,1.3831
0.69761,1.3735
0.70963,1.3684
0.71499,1.3659
0.68809,1.3746
0.72741,1.3599
0.70399,1.37
0.68573,1.3747
0.72558,1.3619
0.65741,1.3875
0.72091,1.3639
0.71665,1.3633
0.71289,1.3645
0.72084,1.3607
0.71861,1.3617
0.71273,1.3637
0.72043,1.36
0.73733,1.3526
0.71163,1.3641
0.7046,1.3669
0.66717,1.3786
0.73101,1.3559
0.67404,1.3783
0.71662,1.3615
0.6746,1.3774
0.72443,1.3576
0.73948,1.3519
0.72795,1.3566
0.73676,1.3521
0.72589,1.3565
0.74504,1.3476
0.76384,1.3428
0.77245,1.3392
0.72979,1.352
0.73999,1.3498
0.74648,1.347
0.73938,1.3496
0.76125,1.3408
0.7515,1.3469
0.7729,1.3382
0.74407,1.3476
0.77351,1.3359
0.73824,1.3494
0.76962,1.3358
0.73489,1.3499
0.73632,1.3493
0.77942,1.3338
0.74688,1.3467
0.74408,1.3473
0.75232,1.3416
0.7392,1.347
0.77318,1.3351
0.77633,1.3342
0.75556,1.3402
0.78112,1.3301
0.72518,1.3504
0.7478,1.3449
0.73176,1.3491
0.78457,1.3307
0.73564,1.347
0.74296,1.3438
0.74287,1.3432
0.74974,1.3408
0.74242,1.3434
0.76975,1.3327
0.74048,1.3442
0.72756,1.3477
0.71674,1.3541
0.73558,1.3468
0.71848,1.3517
0.7333,1.3478
0.73122,1.3483
0.73305,1.3476
0.73882,1.3451
0.74002,1.3445
0.72856,1.3488
0.76545,1.3336
0.78538,1.326
0.76941,1.3316
0.74578,1.3407
0.80864,1.3206
0.79374,1.3237
0.77534,1.3283
0.75114,1.3401
0.78475,1.3274
0.77685,1.3304
0.74564,1.3405
0.77721,1.3302
0.78186,1.3283
0.77894,1.3299
0.77339,1.3321
0.77348,1.3317
0.82198,1.3175
0.75979,1.3348
0.81251,1.3183
0.78062,1.3283
0.79638,1.3221
0.80443,1.3168
0.77432,1.3275
0.76825,1.3278
0.78795,1.3228
0.79998,1.3182
0.79812,1.3191
0.79863,1.3203
0.79114,1.3229
0.82373,1.3113
0.79629,1.3213
0.79596,1.3212
0.77099,1.3313
0.7837,1.3262
0.79223,1.3232
0.77739,1.3289
0.77032,1.3313
0.75715,1.3345
0.75266,1.3359
0.86099,1.3003
0.86037,1.3004
0.82263,1.3117
0.86013,1.2999
0.82294,1.3118
0.83086,1.3069
0.83325,1.3067
0.85595,1.3004
0.86352,1.2973
0.81793,1.3115
0.84024,1.3045
0.82585,1.3097
0.81483,1.3148
0.79398,1.3213
0.79966,1.3173
0.77978,1.3245
0.78922,1.321
0.80102,1.3164
0.80432,1.3148
0.77959,1.3238
0.81432,1.3112
0.83559,1.3074
0.81056,1.3147
0.83455,1.3075
0.80141,1.3151
0.80815,1.3152
0.79152,1.3198
0.84427,1.3029
0.81184,1.3143
0.79232,1.3194
0.79679,1.3189
0.81421,1.3128
0.78028,1.3255
0.78201,1.3248
0.81338,1.313
0.7923,1.3214
0.84809,1.3005
0.82032,1.3109
0.82783,1.3082
0.82396,1.309
0.81029,1.3137
0.81477,1.3136
0.82009,1.3078
0.86119,1.2968
0.81318,1.3098
0.83971,1.302
0.82903,1.3041
0.85935,1.2971
0.83789,1.3043
0.83639,1.3047
0.84942,1.2987
0.84439,1.3025
0.84332,1.3009
0.82064,1.3094
0.83999,1.3023
0.88288,1.2895
0.8847,1.2887
0.86435,1.2957
0.85386,1.2992
0.8547,1.2991
0.9352,1.2733
0.88635,1.288
0.88729,1.2878
0.88827,1.2874
0.90786,1.2828
0.8765,1.2913
0.87971,1.2902
0.88037,1.2899
0.86676,1.2945
0.848,1.3009
0.86777,1.2941
0.89374,1.2854
0.88364,1.2912
0.86374,1.2978
0.87677,1.293
0.8635,1.2957
0.87741,1.2926
0.89168,1.2877
0.87331,1.2937
0.87258,1.2941
0.88935,1.2878
0.89351,1.2872
0.87897,1.2895
0.85466,1.2981
0.87417,1.2927
0.87786,1.2898
0.87665,1.292
0.87821,1.2917
0.86787,1.2953
0.84384,1.3016
0.8427,1.3021
0.84136,1.3029
0.84277,1.3024
0.85095,1.2993
0.84558,1.3005
0.85192,1.298
0.84726,1.2968
0.79258,1.3152
0.81641,1.307
0.86612,1.2935
0.87523,1.2904
0.88639,1.2861
0.87005,1.2921
0.87499,1.2901
0.87808,1.2891
0.87723,1.2893
0.85556,1.295
0.87493,1.2902
0.85654,1.2966
0.84415,1.3007
0.8836,1.2879
0.86863,1.2925
0.86195,1.2949
0.85074,1.2967
0.83615,1.3021
0.81817,1.3068
0.86197,1.2951
0.84337,1.2996
0.88936,1.2862
0.86123,1.2953
0.89012,1.2865
0.94934,1.2705
0.89639,1.2858
0.91714,1.2775
0.90636,1.2811
0.89472,1.2848
0.93308,1.2724
0.87162,1.2926
0.8953,1.2853
0.89625,1.2843
0.88642,1.288
0.88865,1.2873
0.89861,1.2852
0.83346,1.3039
0.85915,1.2962
0.83326,1.3047
0.85668,1.2967
0.85489,1.2972
0.86828,1.2925
0.8828,1.2878
0.8845,1.2874
0.87414,1.2925
0.87604,1.2895
0.90127,1.2833
0.89719,1.2844
0.87219,1.2926
0.86704,1.2921
0.87223,1.291
0.8698,1.2919
0.89318,1.2843
0.88872,1.2858
0.85313,1.2969
0.88706,1.2876
0.91333,1.2776
0.86151,1.2939
0.86331,1.2933
0.84639,1.2977
0.88222,1.2848
0.87155,1.2884
0.87004,1.2886
0.87533,1.287
0.86937,1.2893
0.8506,1.2955
0.85931,1.2922
0.87326,1.2879
0.87506,1.2872
0.87143,1.2885
0.87503,1.2875
0.89945,1.2803
0.8917,1.2827
0.88055,1.2872
0.88667,1.2868
0.89997,1.2811
0.88669,1.2857
0.89745,1.2819
0.90176,1.2802
0.88793,1.283
0.88247,1.2863
0.85461,1.2939
0.91646,1.2751
0.8859,1.2866
0.91913,1.2766
0.92388,1.2751
0.94674,1.2697
0.94673,1.2677
0.91016,1.2791
0.93474,1.2711
0.91606,1.2769
0.92463,1.2729
0.94901,1.2667
0.94396,1.2683
0.92249,1.2754
0.97343,1.2603
0.91575,1.2781
0.89907,1.2822
0.92139,1.2748
0.89517,1.2831
0.92035,1.2765
0.90866,1.2779
0.96506,1.2623
0.97193,1.2597
0.95003,1.2665
0.95487,1.2652
0.92003,1.2739
0.95354,1.2645
0.92891,1.2706
0.90846,1.2775
0.90297,1.2791
0.92013,1.2738
0.91617,1.2753
0.90037,1.2805
0.90358,1.2795
0.92091,1.2734
0.91179,1.2761
0.89706,1.2816
0.88577,1.2849
0.98032,1.2577
0.92313,1.2753
0.89196,1.2835
0.93095,1.2724
0.94011,1.2701
0.94788,1.2676
0.97904,1.258
0.89047,1.2832
0.9178,1.2748
0.91792,1.2746
0.92628,1.2715
0.93851,1.2682
0.9412,1.2691
0.94152,1.2672
0.94727,1.2671
0.91899,1.2742
0.94532,1.2663
0.92666,1.2739
0.93835,1.2698
0.93443,1.271
0.91179,1.276
0.90547,1.2782
0.89367,1.2816
0.92437,1.272
0.91673,1.2762
0.9356,1.2702
0.87597,1.2862
0.88189,1.2859
0.88162,1.2864
0.94408,1.2682
0.90506,1.2791
0.91726,1.2754
0.88864,1.2849
0.93754,1.2709
0.94887,1.267
0.8774,1.2863
0.92077,1.2758
0.91818,1.2766
0.91775,1.2745
0.93485,1.2703
0.94739,1.2684
1.0112,1.2486
0.97206,1.2589
0.97726,1.2575
0.9276,1.2711
0.94556,1.2669
0.94216,1.2679
0.95764,1.2634
0.9222,1.2739
0.94572,1.2672
0.91192,1.2765
0.97484,1.2586
0.91563,1.2756
0.89906,1.2801
0.94652,1.267
0.93464,1.2692
0.93094,1.2717
0.89982,1.2798
0.91861,1.2729
0.89872,1.2798
0.93217,1.2706
0.91593,1.2719
0.90479,1.2755
0.90006,1.2788
0.93801,1.2668
1.0088,1.2472
0.94817,1.2643
0.96087,1.2602
0.84591,1.2953
0.9044,1.2784
0.91097,1.2744
0.89981,1.2804
0.92569,1.2722
0.93868,1.2699
0.92314,1.2745
0.96168,1.2648
0.93486,1.2717
0.96138,1.2624
0.94932,1.2665
0.94314,1.268
0.93009,1.2699
0.97048,1.258
0.92933,1.2691
0.9259,1.2711
0.94926,1.2655
0.94666,1.2667
0.92056,1.2736
0.91824,1.2743
0.94248,1.2685
0.95248,1.265
0.93442,1.2705
0.93294,1.2694
0.92581,1.2719
0.93735,1.2697
0.92643,1.2713
0.93639,1.27
0.95405,1.2646
0.94894,1.2646
1.0085,1.2478
0.98059,1.256
0.90814,1.2771
0.94738,1.2641
0.94732,1.264
0.95686,1.2632
0.9666,1.2602
0.99305,1.252
0.98587,1.2542
0.96655,1.2601
0.87652,1.2843
0.92735,1.2702
0.92411,1.2712
0.93668,1.2675
0.92741,1.2705
0.90782,1.2765
0.9426,1.2656
0.95228,1.2627
0.93772,1.2669
0.92963,1.2695
0.93098,1.2691
0.94791,1.2634
0.99898,1.2502
0.983,1.255
0.95583,1.263
0.95474,1.2635
0.9388,1.2685
0.99907,1.2518
0.93148,1.2713
0.99031,1.2546
0.94316,1.2665
0.95289,1.2627
0.92384,1.2731
0.92829,1.2719
0.9565,1.264
0.96345,1.2618
0.96722,1.2612
0.90062,1.2798
0.95608,1.2621
0.95519,1.2644
0.96009,1.2628
0.95038,1.2658
0.97615,1.2581
0.96048,1.2627
0.98663,1.2546
0.92873,1.2702
0.94918,1.266
0.94422,1.2675
0.90418,1.2781
0.94905,1.2658
0.93414,1.2689
0.95399,1.2649
0.9845,1.2575
0.95911,1.263
0.95943,1.263
0.95511,1.2644
0.9783,1.2572
0.96687,1.2604
0.94319,1.2671
0.95406,1.2658
0.92082,1.2742
0.97039,1.2589
0.96377,1.2629
0.92649,1.2722
0.94774,1.2663
0.894,1.2808
0.93159,1.2687
0.95785,1.2629
0.91705,1.2734
0.92741,1.2699
0.98642,1.2521
0.94315,1.2653
0.97021,1.2585
0.95537,1.263
0.96898,1.259
0.98258,1.2547
0.98451,1.2541
0.97911,1.256
0.9329,1.268
0.96251,1.259
0.95927,1.2618
0.95591,1.263
0.97538,1.257
0.97512,1.2573
0.97455,1.2573
0.97143,1.2583
0.96555,1.2597
0.97786,1.2563
0.9897,1.2545
0.99337,1.2531
0.98952,1.2538
1.0087,1.2489
0.96947,1.2601
0.99971,1.2515
0.97607,1.256
0.97744,1.2558
0.95307,1.2613
0.94375,1.2644
0.9592,1.2603
0.92953,1.2687
0.96001,1.2615
0.97163,1.2581
0.99699,1.251
0.97651,1.2572
0.945,1.2643
0.95945,1.2617
0.97282,1.2605
0.97858,1.2584
0.97999,1.2579
0.99959,1.2521
0.98594,1.2562
1.012,1.2483
1.0074,1.2498
1.0007,1.2514
0.99936,1.2515
0.99191,1.254
1.0286,1.2431
1.0125,1.2477
0.96725,1.2602
0.98971,1.2541
1.0069,1.2469
0.98791,1.2528
0.97836,1.2552
0.98364,1.2555
1.0117,1.2448
0.98329,1.2541
0.99603,1.2504
1.0033,1.2495
0.98068,1.2542
1.0209,1.2441
0.99112,1.2518
0.96103,1.2611
0.95095,1.2638
0.95289,1.2636
0.93812,1.2679
0.98974,1.2542
0.99395,1.2531
0.95791,1.262
0.9845,1.2555
0.97229,1.2576
0.98383,1.2538
0.9899,1.2521
0.99781,1.2507
1.0163,1.2467
0.99601,1.2524
1.0129,1.2472
1.008,1.2489
0.99002,1.2523
0.99341,1.2527
1.0261,1.2431
0.99782,1.2521
0.94561,1.2668
0.91846,1.2746
0.96222,1.2613
0.93995,1.2695
0.98909,1.2547
1.0094,1.2492
0.98449,1.2563
0.98857,1.2553
0.97853,1.2579
0.99408,1.2533
1.005,1.2493
0.98038,1.2567
1.0107,1.2471
1.0165,1.2457
0.98858,1.2539
1.0197,1.2449
0.95568,1.2619
1.0049,1.2493
0.99575,1.2501
1.0107,1.2471
1.0034,1.2497
0.99097,1.2541
0.96004,1.263
1.0061,1.2512
0.96232,1.2627
0.95726,1.2638
0.98792,1.2546
0.98767,1.2555
0.97415,1.2594
0.95452,1.2652
1.0129,1.2489
0.98775,1.2544
0.99316,1.2527
1.018,1.2454
0.9969,1.2512
0.97983,1.2559
0.97315,1.2577
1.0042,1.2492
0.99253,1.2526
1.0315,1.2411
0.99518,1.252
1.0067,1.2485
1.0183,1.2453
1.0159,1.2459
0.9971,1.2516
0.98748,1.2546
0.95189,1.2657
0.94961,1.2666
0.97486,1.2587
0.98549,1.2557
0.98715,1.255
0.98486,1.2544
1.006,1.2492
1.0449,1.2389
1.0055,1.2499
0.98201,1.2548
0.98814,1.253
1.0081,1.249
1.011,1.247
0.97988,1.2561
1.0288,1.2422
0.99399,1.2523
0.995,1.2522
0.95905,1.2628
0.97098,1.2595
0.96373,1.2615
0.98197,1.2564
0.97966,1.2571
0.98703,1.2542
0.99629,1.2512
0.9645,1.2609
0.97328,1.2583
1.0204,1.244
1.007,1.2482
0.99547,1.2519
0.99162,1.2517
0.99811,1.2518
0.97927,1.2575
0.98028,1.2574
0.96863,1.2611
0.99416,1.253
0.97399,1.2591
0.99105,1.2535
0.98673,1.2547
1.0039,1.2488
1.019,1.2444
1.0253,1.2439
0.99685,1.2509
0.99579,1.2505
1.0215,1.243
1.0122,1.2457
1.002,1.2484
0.9763,1.2565
0.9921,1.2507
0.96312,1.2593
0.97862,1.2549
0.98295,1.2537
0.98852,1.2542
0.98556,1.2548
0.9861,1.2522
0.98163,1.2542
0.99562,1.2519
0.98635,1.2544
0.9789,1.2562
0.98848,1.2515
0.96177,1.2595
0.99103,1.2521
0.98645,1.2538
0.98995,1.2528
0.97755,1.2565
0.97394,1.2565
0.98307,1.2553
1.0045,1.249
0.99369,1.2523
1.0056,1.2488
0.99374,1.2523
0.98374,1.2553
0.98192,1.2558
1.016,1.2457
1.0049,1.249
1.0243,1.2434
0.99902,1.2503
0.98548,1.2546
1.0175,1.2451
1.0056,1.2502
0.99736,1.2501
1.027,1.2441
1.0353,1.2415
1.0192,1.2462
0.98937,1.2529
1.0279,1.2414
1.0124,1.248
1.0377,1.2409
0.99265,1.2523
1.0252,1.2447
1.0056,1.2488
0.981,1.2558
1.0006,1.2501
0.97213,1.2583
0.95866,1.2622
0.99926,1.2507
0.97565,1.2577
0.94081,1.2674
0.96052,1.2615
0.95231,1.2639
0.98563,1.2542
1.0015,1.2492
0.97151,1.2584
0.9905,1.2528
1.0011,1.2496
0.96753,1.2596
0.99047,1.2523
0.98243,1.2547
0.96697,1.2576
0.99455,1.2515
1.0196,1.2463
0.98397,1.2548
1.0027,1.2496
0.97293,1.2576
0.95619,1.2622
0.98073,1.2553
0.97104,1.2582
0.99903,1.25
0.95799,1.2603
0.95773,1.2606
0.96114,1.2592
1.0225,1.2434
0.96045,1.2595
0.99757,1.2501
0.99546,1.2514
1.0156,1.2455
0.99314,1.2518
0.97549,1.257
0.93363,1.2679
0.92523,1.2699
0.99646,1.2506
0.95585,1.2623
0.96157,1.2595
0.98002,1.2534
0.92403,1.2702
0.94818,1.2625
0.98278,1.2542
0.96249,1.2594
1.0109,1.2476
1.0016,1.2503
0.98738,1.2545
0.99244,1.2516
0.98757,1.2528
0.97762,1.2559
1.0015,1.2488
0.98416,1.2539
1.0037,1.2482
0.98202,1.2547
0.98686,1.2529
0.99146,1.2516
1.0122,1.2446
1.0163,1.2436
1.0133,1.2442
1.0429,1.2357
1.0131,1.2442
0.97952,1.2537
1.0097,1.2454
0.9574,1.2604
0.98873,1.2517
0.96167,1.2597
0.96526,1.2573
1.0022,1.2481
1.0501,1.2349
1.0201,1.2441
1.0368,1.2392
1.0167,1.244
1.0139,1.2451
1.0119,1.245
1.0605,1.2333
1.0493,1.2358
1.0287,1.24
1.0601,1.233
1.0181,1.2431
1.0518,1.235
1.0445,1.2356
1.0182,1.2429
1.0001,1.248
1.0134,1.2449
1.0004,1.2487
0.99489,1.2504
0.9732,1.2562
0.9693,1.2581
0.97301,1.2572
0.97412,1.2563
0.98123,1.2545
0.9982,1.2494
1.0687,1.2327
1.041,1.2384
1.031,1.2413
1.05,1.2361
1.0142,1.2462
1.0418,1.2384
1.049,1.2362
1.0452,1.2373
1.0695,1.2308
1.0403,1.2367
1.0284,1.2401
1.0304,1.2397
0.993,1.2498
0.98667,1.2519
0.9856,1.2519
0.95386,1.2601
0.98589,1.2522
0.99521,1.2493
0.96294,1.2588
0.96979,1.2555
0.9811,1.254
0.98904,1.2516
0.99023,1.2516
1.0135,1.2452
1.019,1.2436
1.0033,1.2483
1.0217,1.2431
1.0194,1.2434
1.0065,1.2472
1.0013,1.2478
1.0133,1.2441
0.99947,1.2483
1.0104,1.2452
1.0087,1.2458
1.0257,1.2405
0.98021,1.2515
1.0312,1.2384
0.99481,1.249
1.0207,1.2423
1.0129,1.2442
1.0157,1.2444
0.99891,1.2492
1.0175,1.2437
1.0076,1.2485
1.0101,1.2459
1.029,1.2419
0.9912,1.251
1.022,1.2414
0.98273,1.2519
0.99756,1.2489
0.98335,1.253
0.97971,1.2538
0.98988,1.2504
0.9972,1.2486
1.0171,1.2447
1.0078,1.2475
1.0171,1.2449
1.013,1.2465
1.0267,1.2426
1.0176,1.2449
1.0023,1.2481
1.0096,1.2457
0.9735,1.2564
1.0152,1.2436
1.0314,1.2386
1.0003,1.2473
1.0104,1.2444
1.0602,1.23
1.0388,1.2359
1.0362,1.2366
1.0319,1.2376
1.0266,1.2394
1.022,1.2434
0.99054,1.2505
1.0132,1.2441
1.0137,1.2443
1.0229,1.2409
1.004,1.2468
1.0399,1.2366
1.0089,1.2433
1.0612,1.2299
1.0246,1.2401
1.0094,1.243
1.0443,1.2341
1.0359,1.2371
0.97617,1.2526
1.005,1.2439
1.0291,1.2391
1.0258,1.2402
1.0049,1.2441
1.037,1.2374
1.0097,1.2453
1.0226,1.2417
0.95066,1.2611
1.0109,1.2448
1.0004,1.2481
0.99446,1.2498
1.0024,1.2473
1.006,1.2459
1.0081,1.2451
1.0198,1.2418
1.0312,1.2385
1.0459,1.2345
1.0067,1.2457
1.0313,1.2392
1.0266,1.2403
1.0184,1.243
1.0237,1.2415
0.9805,1.2539
1.0067,1.2464
0.9984,1.2486
1.0514,1.2355
1.0083,1.2457
1.0522,1.2351
1.017,1.2431
1.0004,1.248
1.0245,1.2407
1.0379,1.2373
1.0117,1.2448
1.041,1.2358
1.0168,1.2428
1.0686,1.2302
1.0215,1.2418
1.0068,1.2455
1.0141,1.2431
1.0291,1.2386
1.0178,1.2424
1.0153,1.2412
0.9774,1.252
1.0037,1.2463
0.97113,1.2545
1.0019,1.2468
1.0404,1.2379
1.0386,1.2385
1.0428,1.2369
1.0332,1.2396
1.0421,1.2372
1.0217,1.2414
1.01,1.2444
1.0132,1.2431
1.0278,1.2392
1.0118,1.2439
1.0522,1.2328
1.0031,1.2462
1.0424,1.2352
1.0323,1.2385
1.024,1.2413
1.0157,1.2435
1.0301,1.2389
1.0029,1.2468
1.0256,1.2404
1.0124,1.2443
0.9826,1.2509
1.0348,1.2372
1.0379,1.2363
1.0592,1.2294
0.99889,1.2476
1.0068,1.2455
1.0165,1.2427
0.99446,1.249
1.0299,1.2402
1.012,1.2436
0.99019,1.2503
1.0205,1.2411
1.011,1.2437
1.0478,1.2355
1.0182,1.242
1.0152,1.243
1.0162,1.2429
1.0173,1.2431
0.98777,1.2517
1.0283,1.2398
1.0091,1.2451
1.0348,1.2373
1.0234,1.2407
1.0654,1.2306
1.0452,1.2344
1.0367,1.2363
1.0318,1.2377
1.0277,1.2385
1.0253,1.2391
1.0159,1.2417
1.0018,1.2454
1.0175,1.2407
1.0551,1.2319
1.0321,1.2366
1.0352,1.2359
1.0668,1.2288
1.0597,1.2307
1.0581,1.2312
1.0688,1.2281
1.0106,1.2429
1.0533,1.2326
1.05,1.2332
1.0389,1.2363
1.0638,1.2292
1.052,1.2326
1.0056,1.2436
1.0227,1.2387
1.0191,1.2394
1.0383,1.2338
1.0672,1.2274
1.0421,1.2325
1.0497,1.2302
1.0192,1.2385
0.99742,1.243
1.0567,1.2281
1.0394,1.2324
1.0425,1.2309
1.0583,1.2261
1.067,1.2239
1.0563,1.2265
1.0615,1.2247
1.0716,1.222
1.0642,1.224
1.0567,1.2254
1.0858,1.2193
1.0516,1.2286
1.0552,1.2275
1.0829,1.2205
1.0964,1.2166
1.0173,1.2363
1.0901,1.2163
1.0827,1.2177
1.1158,1.21
1.0986,1.2149
1.0715,1.2199
1.1109,1.2106
1.0561,1.2235
1.0533,1.2224
1.0621,1.2215
1.0788,1.2168
1.0895,1.214
1.076,1.2174
1.0785,1.2168
1.0977,1.2111
1.1183,1.2075
1.095,1.213
1.1181,1.2065
1.1084,1.2091
1.1099,1.2087
1.1443,1.1998
1.1318,1.2025
1.1344,1.2016
1.0973,1.2107
1.0991,1.2097
1.1257,1.2027
1.1194,1.2041
1.1881,1.188
1.1533,1.196
1.181,1.1888
1.1498,1.1955
1.1187,1.2019
1.1195,1.2015
1.1164,1.2005
1.0943,1.2059
1.0957,1.2053
1.1124,1.2005
1.1444,1.1934
1.1057,1.2027
1.1121,1.1977
1.1786,1.1853
1.1767,1.185
1.1801,1.1822
1.1285,1.1948
1.1177,1.1968
1.1005,1.2004
1.1551,1.1869
1.167,1.1833
1.1457,1.1881
1.1645,1.1829
1.1522,1.1854
1.186,1.178
1.1984,1.1745
1.224,1.1679
1.2085,1.1712
1.2336,1.1661
1.2588,1.1603
1.2255,1.1674
1.2515,1.1605
1.2581,1.1586
1.2708,1.1557
1.2445,1.1606
1.262,1.1564
1.3036,1.1466
1.2862,1.1499
1.302,1.1453
1.307,1.1442
1.2691,1.1533
1.2924,1.1482
1.3439,1.1379
1.2506,1.1534
1.277,1.1485
1.3262,1.1385
1.2914,1.1453
1.1206,1.1772
1.2287,1.1519
1.3204,1.129
1.2592,1.1361
1.3193,1.1174
1.4573,1.0915
1.4761,1.0833
1.4959,1.0772
1.4892,1.0762
1.5551,1.0657
1.5333,1.0695
1.5043,1.0757
1.4316,1.0894
1.4608,1.0855
1.4725,1.0847
1.4633,1.0884
1.4137,1.0974
1.4133,1.0971
1.3942,1.1004
1.3724,1.1023
1.3991,1.0977
1.4338,1.09
1.4261,1.09
1.4343,1.0856
1.4537,1.08
1.4881,1.0734
1.5115,1.0683
1.4782,1.0722
1.4844,1.0717
1.4811,1.0718
1.4949,1.0689
1.5116,1.0669
1.505,1.0677
1.5252,1.0636
1.5135,1.0655
1.4637,1.0729
1.5564,1.058
1.559,1.057
1.5433,1.0579
1.5608,1.0545
1.5368,1.0568
1.5065,1.0617
1.5296,1.0576
1.4956,1.0618
1.5394,1.0545
1.5212,1.0571
1.5503,1.051
1.5185,1.0557
1.5678,1.0473
1.4664,1.0601
1.5583,1.0451
1.5165,1.0507
1.5696,1.0433
1.5294,1.05
1.5756,1.0425
1.5496,1.0467
1.5507,1.046
1.4561,1.059
1.5414,1.0448
1.5981,1.0355
1.5744,1.0377
1.5973,1.0344
1.5982,1.0329
1.6083,1.0299
1.6123,1.0285
1.5034,1.0446
1.4788,1.0482
1.5193,1.0392
1.5143,1.0395
1.5596,1.0324
1.5305,1.0361
1.5737,1.0315
1.5235,1.0395
1.4786,1.0453
1.4663,1.0458
1.4556,1.0482
1.4868,1.0424
1.5401,1.0336
1.4496,1.0469
1.495,1.0378
1.5294,1.0317
1.5704,1.0249
1.5331,1.0297
1.5131,1.0325
1.5201,1.0308
1.544,1.026
1.5408,1.0272
1.4951,1.0341
1.5296,1.0273
1.577,1.0227
1.532,1.0279
1.5544,1.0233
1.5691,1.02
1.5722,1.0187
1.5967,1.0138
1.5995,1.0123
1.6151,1.01
1.6074,1.0107
1.7201,0.99522
1.6562,1.0036
1.6152,1.008
1.6132,1.0088
1.6289,1.0059
1.664,1.0008
1.6833,0.99826
1.623,1.0062
1.6446,1.0021
1.6127,1.0054
1.6638,0.99866
1.6482,1.0004
1.6615,0.99783
1.6628,0.99703
1.6453,0.99901
1.5731,1.0078
1.5649,1.0087
1.7028,0.99035
1.6184,1.0004
1.7581,0.98164
1.7122,0.98743
1.7142,0.98692
1.7283,0.98514
1.7353,0.98416
1.7223,0.98524
1.6991,0.98747
1.744,0.982
1.5897,1.0014
1.5651,1.0041
1.6482,0.99114
1.6427,0.9913
1.7077,0.98223
1.8324,0.96674
1.8049,0.97024
1.7437,0.97679
1.8005,0.96893
1.7361,0.97612
1.7434,0.97491
1.7333,0.97567
1.6622,0.98565
1.7237,0.97588
1.7121,0.97762
1.7821,0.96848
1.7099,0.9769
1.698,0.97842
1.6705,0.98166
1.7,0.97663
1.7116,0.97419
1.6903,0.97614
1.7127,0.97307
1.6844,0.977
1.7441,0.96975
1.7539,0.96794
1.832,0.95796
1.7722,0.96549
1.7428,0.96756
1.7831,0.96288
1.8243,0.95787
1.687,0.97415
1.7335,0.96753
1.6967,0.97198
1.7019,0.97135
1.8182,0.95686
1.7412,0.9659
1.7673,0.9624
1.7572,0.96343
1.7113,0.96804
1.735,0.96511
1.7262,0.96605
1.733,0.9644
1.7207,0.96593
1.7459,0.96152
1.7414,0.96181
1.7169,0.96502
1.7915,0.95613
1.9048,0.94211
1.8901,0.94362
1.8761,0.94432
1.8741,0.94407
1.8755,0.94326
1.9081,0.93923
1.9035,0.93927
1.9238,0.93624
1.9085,0.93784
1.9601,0.93218
1.893,0.93873
1.9456,0.93272
1.9926,0.92789
1.9762,0.92851
1.9834,0.92734
1.9626,0.9294
2.0855,0.91632
2.0995,0.91413
2.0606,0.91848
1.645,0.96723
2.1545,0.90832
1.5921,0.97311
1.6289,0.96703
1.6954,0.95756
1.6754,0.96015
1.7196,0.95452
1.6348,0.96541
1.6423,0.9642
1.6188,0.9672
1.6132,0.96782
1.6719,0.95892
1.6695,0.95927
1.6183,0.96589
1.679,0.95703
1.5657,0.97264
1.7452,0.94655
1.7078,0.95248
1.7544,0.94527
1.7502,0.94633
1.7612,0.94496
1.7329,0.94717
1.6323,0.95997
1.7183,0.94887
1.6354,0.9593
1.7562,0.94369
1.7143,0.94836
1.6582,0.95503
1.656,0.95464
1.7716,0.93979
1.7052,0.94794
1.7424,0.94182
1.6997,0.94723
1.7309,0.94361
1.7017,0.94667
1.6679,0.95124
1.7435,0.94062
1.7488,0.93947
1.816,0.93066
1.8197,0.9296
1.81,0.93031
1.8386,0.92675
1.7843,0.93278
1.8185,0.92745
1.8301,0.9252
1.8211,0.92608
1.8338,0.9235
1.8036,0.92691
1.8241,0.9228
1.8891,0.91565
1.796,0.92633
1.7643,0.92984
1.8117,0.92262
1.74,0.93197
1.8543,0.91679
1.783,0.926
1.8102,0.92221
1.7762,0.92631
1.772,0.92711
1.7733,0.92623
1.8573,0.91523
1.8189,0.91981
1.7545,0.92697
1.8733,0.91137
1.8113,0.91887
1.828,0.9175
1.8731,0.91147
1.811,0.91832
1.7943,0.92076
1.8426,0.91399
1.9341,0.90401
1.871,0.91062
1.8875,0.90847
1.9482,0.901
1.9099,0.90547
1.8352,0.91441
1.8908,0.90698
1.9658,0.89828
1.8415,0.91206
1.9622,0.89801
1.9917,0.89445
1.9164,0.90359
1.9666,0.89795
1.9865,0.89506
2.005,0.89208
1.9798,0.8953
1.9443,0.89883
1.9108,0.90272
1.9518,0.89752
1.9323,0.90079
2.0138,0.89061
2.0464,0.88709
1.964,0.89587
2.0143,0.89074
1.9839,0.89491
1.9318,0.90041
2.0181,0.89004
1.8933,0.9038
1.9568,0.89592
1.9638,0.89451
1.9295,0.89869
1.9686,0.89379
1.9869,0.89173
1.9777,0.89296
2.1278,0.87747
2.0688,0.88375
2.04,0.88748
2.0224,0.88886
2.0518,0.88549
1.9936,0.89184
1.9352,0.89818
1.8752,0.90561
1.908,0.90153
1.9952,0.89111
1.9641,0.89397
1.9285,0.90054
1.9838,0.8959
1.9042,0.90254
1.9341,0.90009
2.0751,0.88428
1.989,0.89347
2.0713,0.88431
1.9943,0.89373
1.9974,0.8924
2.1264,0.87706
2.132,0.87551
2.0039,0.88956
2.0516,0.88441
2.0351,0.88635
2.0542,0.88453
2.1493,0.87694
1.9382,0.89885
2.0384,0.88907
2.1414,0.87709
2.0261,0.89043
1.8829,0.90605
1.9215,0.90101
1.9007,0.90313
1.9029,0.90157
1.9489,0.89669
1.9408,0.89662
1.9779,0.8919
1.8945,0.90254
1.8451,0.90908
1.8429,0.90921
1.9105,0.90271
1.8784,0.90582
1.8576,0.90868
1.8472,0.90985
1.7361,0.9233
1.7427,0.9219
1.8166,0.91223
1.8221,0.91061
1.8526,0.90688
1.8811,0.90279
1.8871,0.90173
1.8293,0.90921
2.002,0.88758
1.9707,0.89164
1.9192,0.89761
2.0639,0.88119
1.9972,0.89093
2.078,0.88206
2.0364,0.88641
2.0228,0.88881
2.049,0.88621
2.333,0.85951
2.1983,0.87095
2.4166,0.85071
2.3491,0.85504
3.425,0.77733
2.4089,0.8542
2.7522,0.82473
2.9711,0.80776
2.8606,0.81503
2.8563,0.81565
3.1182,0.79633
2.9542,0.80987
2.9375,0.81116
2.9664,0.80955
3.0274,0.8037
3.0045,0.80567
2.9965,0.80615
3.0804,0.79876
2.9886,0.80611
3.0905,0.79834
3.0194,0.80417
2.5366,0.84164
2.9443,0.80873
2.6268,0.83396
2.4836,0.84767
2.484,0.84791
2.8438,0.81856
2.7867,0.82376
2.9513,0.81065
2.6339,0.8349
2.5139,0.845
3.0733,0.80018
3.0133,0.80404
3.1294,0.79433
3.0105,0.80266
3.073,0.79906
3.0645,0.79946
3.0705,0.79927
2.6544,0.83088
2.7661,0.82254
2.4963,0.84526
2.4783,0.84872
2.5033,0.84638
3.0718,0.80094
2.3866,0.85713
2.4092,0.85463
2.4697,0.84862
2.4796,0.84642
3.0767,0.79906
2.4501,0.84896
2.5498,0.83947
2.8592,0.81436
2.7108,0.82607
2.7284,0.82578
2.8477,0.81536
3.0837,0.79866
3.1983,0.79054
3.0946,0.79846
3.1244,0.79601
2.6986,0.82778
3.1343,0.79403
2.7661,0.82132
2.709,0.82642
2.7267,0.82522
2.6754,0.82896
2.7049,0.82675
2.6243,0.83447
2.4978,0.84577
2.4685,0.84766
2.3856,0.85553
3.1358,0.79401
3.0567,0.80011
2.7645,0.82291
2.6468,0.83116
3.0129,0.80387
3.0563,0.80046
3.1125,0.79616
2.7788,0.82103
2.5949,0.83593
2.4452,0.84954
2.5589,0.83909
2.5604,0.83791
2.4332,0.85001
2.3926,0.854
2.4262,0.85127
2.5143,0.8426
3.1406,0.79424
2.3111,0.86361
3.0324,0.80397
2.3999,0.85509
3.0074,0.80539
2.7593,0.82461
2.6543,0.83312
2.6692,0.83075
2.7387,0.82392
2.7969,0.81849
2.7701,0.82158
2.6188,0.83379
2.6639,0.83132
2.9524,0.80921
2.9841,0.80772
2.998,0.80641
2.6072,0.83767
2.9745,0.80908
2.2382,0.87057
2.438,0.85074
2.9614,0.80869
2.8574,0.81676
3.0328,0.80249
2.703,0.82766
2.4879,0.84534
2.5821,0.84015
2.9017,0.81568
2.804,0.82361
2.4315,0.85303
2.9071,0.815
2.9132,0.8142
2.2185,0.87455
2.8246,0.82205
2.8928,0.81492
2.8787,0.81574
2.4051,0.8551
2.3245,0.86122
2.8714,0.81616
2.4073,0.85163
2.9282,0.81125
2.8746,0.81679
2.8789,0.8166
2.3231,0.86327
2.3685,0.85879
2.3612,0.8597
2.4531,0.85177
2.3773,0.85753
2.2796,0.86676
2.5617,0.84053
2.2966,0.86346
2.2474,0.86893
2.238,0.87019
2.2793,0.86584
3.1585,0.79508
2.9206,0.81253
2.398,0.85529
2.4912,0.84787
2.2647,0.86878
2.2546,0.86933
2.2641,0.86931
2.4345,0.85349
2.4394,0.85287
2.8332,0.82076
2.4822,0.84816
2.4341,0.85308
2.2635,0.86916
2.2907,0.86594
2.948,0.81012
2.296,0.8649
2.2949,0.86471
2.298,0.86413
2.3337,0.86132
2.3816,0.85543
2.3984,0.85494
2.5805,0.83973
2.4022,0.85457
2.3085,0.86393
2.3326,0.86073
2.3836,0.85682
2.3946,0.85467
2.4331,0.84947
2.3321,0.85966
2.4438,0.84826
2.4582,0.84725
2.4067,0.85189
2.326,0.86031
2.3718,0.85669
2.3976,0.85508
2.3266,0.86196
3.0138,0.80552
3.0235,0.80473
2.3945,0.8545
2.7273,0.82592
2.9881,0.80657
2.3114,0.86245
3.0269,0.80258
2.317,0.86168
2.2713,0.8678
2.2717,0.86722
2.3698,0.85833
2.4329,0.85194
2.95,0.81081
2.9513,0.81067
2.9485,0.8109
2.4072,0.85672
2.2166,0.87469
2.2637,0.87019
2.2831,0.86815
2.2917,0.86639
2.2555,0.86976
2.3504,0.85953
2.2895,0.86538
2.3459,0.85964
2.3293,0.86219
2.3497,0.8594
2.339,0.86045
2.3105,0.86397
2.2705,0.86779
2.3972,0.85494
2.3987,0.85441
2.8782,0.81662
2.8411,0.81999
2.3447,0.86079
2.347,0.86062
2.364,0.85882
2.9763,0.80886
2.4397,0.85187
2.961,0.80876
2.3429,0.86046
2.4762,0.84677
2.4655,0.84824
2.4517,0.84915
2.3137,0.86324
2.3027,0.86305
2.3587,0.85716
2.3805,0.8562
2.8933,0.8136
2.945,0.80868
2.2779,0.866
2.874,0.81508
2.3596,0.85726
2.9424,0.80976
2.9064,0.81337
2.2839,0.8665
2.9678,0.80881
2.4047,0.85488
2.3534,0.85942
2.9449,0.81073
2.9367,0.81119
2.3864,0.8572
2.8744,0.8168
2.3788,0.85726
2.5122,0.84572
2.9706,0.8089
2.3427,0.86039
2.3586,0.85951
2.3993,0.8542
2.3733,0.85597
2.3711,0.85636
2.3897,0.85342
2.4058,0.85223
2.9536,0.80895
2.2458,0.86832
2.9228,0.81098
2.8763,0.81515
2.3244,0.8625
2.4842,0.84839
3.0196,0.8058
3.0646,0.80158
3.0333,0.80252
2.917,0.81218
2.3472,0.85817
2.9982,0.80475
3.0994,0.80008
2.9297,0.81332
2.2678,0.86811
2.1992,0.87619
3.0307,0.80588
3.019,0.80637
2.8079,0.82378
2.2259,0.87322
2.2427,0.87079
2.2517,0.86919
2.2525,0.86864
2.2714,0.86627
2.7175,0.8283
2.2576,0.8682
3.014,0.80585
2.9719,0.809
3.0012,0.80699
2.2093,0.87383
2.1796,0.87709
2.1959,0.87634
2.5408,0.84385
3.0483,0.80401
2.2561,0.86979
2.5403,0.84366
3.0444,0.80506
2.8611,0.81751
3.0516,0.80392
2.228,0.87227
2.3264,0.86222
2.2608,0.86958
3.3132,0.78576
2.6362,0.83497
2.2909,0.8663
2.3227,0.86341
2.2322,0.87347
2.2418,0.87192
2.7611,0.82659
3.0253,0.80701
3.0034,0.80926
2.9588,0.8117
2.9687,0.81123
3.0531,0.80322
2.2427,0.86933
3.0868,0.79961
3.1655,0.79314
3.1358,0.79608
2.2784,0.86631
3.0497,0.80441
2.3025,0.86642
2.249,0.87202
2.2855,0.86835
2.3212,0.86341
2.2755,0.8677
2.3124,0.86356
2.2199,0.87248
3.0797,0.80088
2.2397,0.87108
2.8718,0.81781
2.351,0.86057
2.3293,0.86371
2.2084,0.8753
2.2069,0.87581
2.2697,0.86891
2.2779,0.86775
2.2494,0.87072
2.2539,0.87002
2.2923,0.86638
2.2461,0.87047
2.2967,0.86434
2.3373,0.86101
2.3804,0.85714
2.366,0.85887
2.8852,0.81607
3.1235,0.79907
2.2994,0.86503
2.3217,0.8632
2.3413,0.86197
2.4471,0.85232
2.2275,0.87231
2.3958,0.8559
3.0525,0.80398
2.5049,0.84551
2.3038,0.8641
2.2308,0.87157
3.1279,0.79856
3.0281,0.80557
3.0546,0.80409
2.2373,0.87153
3.0584,0.80359
2.232,0.87195
3.0308,0.80509
2.5543,0.84314
3.1949,0.79445
2.6342,0.83632
2.2768,0.86789
2.9613,0.81004
3.0227,0.80605
2.2248,0.8728
3.1839,0.79476
2.2103,0.87433
2.2345,0.87156
3.2277,0.79146
2.3177,0.86319
2.2935,0.8658
2.2225,0.87228
2.196,0.87469
2.3164,0.86359
2.2367,0.87131
2.3395,0.86081
3.008,0.80686
2.2577,0.86897
2.492,0.84839
2.2715,0.86821
2.4978,0.84673
2.4015,0.85507
2.2824,0.86655
2.296,0.8652
2.2633,0.86772
2.2418,0.86982
2.221,0.87222
2.2449,0.87015
3.1288,0.79751
3.2015,0.79233
3.0404,0.80291
3.1942,0.79215
3.2193,0.78991
3.1831,0.79211
2.3936,0.85481
2.3847,0.85589
2.3581,0.85932
2.2893,0.86572
2.2827,0.8672
3.0253,0.80588
2.3264,0.86376
2.9816,0.8083
3.3296,0.78165
3.2192,0.78989
2.3759,0.85375
2.3649,0.85503
2.3571,0.85589
2.3784,0.85492
2.3648,0.85741
2.3038,0.86402
2.3318,0.86115
2.2935,0.86526
2.3151,0.86211
2.2067,0.87383
2.3142,0.86253
2.3892,0.85349
2.359,0.85659
2.3414,0.85835
2.2783,0.8659
2.2838,0.86568
2.2761,0.86708
2.3826,0.8561
2.4155,0.85208
2.4673,0.84793
2.4468,0.84946
2.7428,0.82415
2.357,0.85656
2.3863,0.85579
2.3011,0.86412
2.2981,0.865
2.3293,0.8611
2.3798,0.85736
2.4045,0.85503
2.3864,0.85615
2.6406,0.83295
2.6991,0.82754
3.1019,0.79749
2.6272,0.83344
3.0899,0.79881
2.6387,0.83334
2.6064,0.83615
2.2498,0.86943
2.4216,0.85306
2.5332,0.84428
2.2163,0.87324
3.2066,0.79302
3.0528,0.80192
2.4253,0.85156
2.3681,0.85719
2.3549,0.85873
2.3985,0.85381
2.333,0.86027
2.3009,0.86439
2.3795,0.85609
2.3376,0.86065
2.3351,0.86044
2.3755,0.85588
2.3856,0.85415
2.3795,0.85509
2.4443,0.84936
2.8646,0.81449
3.099,0.79768
2.3558,0.8574
2.3044,0.86297
3.2176,0.79036
2.3652,0.85761
2.355,0.85894
2.3962,0.85459
2.4333,0.85181
2.3464,0.85912
2.3501,0.85949
2.5348,0.84182
2.3969,0.85514
2.3588,0.85901
2.4391,0.85029
2.4805,0.84661
2.4964,0.84506
2.4089,0.85345
2.3957,0.85383
2.3672,0.85681
3.2484,0.78831
2.41,0.85315
2.3949,0.85427
2.4252,0.8515
3.1198,0.79608
2.4295,0.85123
2.194,0.87457
2.2326,0.87051
2.534,0.84283
2.3041,0.86286
2.4388,0.85046
2.4972,0.8445
2.4976,0.84481
3.1039,0.79835
3.0874,0.79903
2.3052,0.86348
2.3676,0.85808
2.4336,0.85053
2.4065,0.85338
2.3475,0.85899
2.3633,0.85774
2.3975,0.85373
2.3774,0.85606
2.3588,0.85734
2.34,0.86018
2.3361,0.86064
2.4416,0.84953
3.1778,0.79291
2.3918,0.85461
3.2924,0.78511
2.4104,0.85244
2.2914,0.86225
2.3153,0.86046
2.4147,0.85175
2.3456,0.85834
2.3043,0.86334
2.3879,0.85449
2.4184,0.85189
2.4321,0.85156
3.3611,0.78027
3.2902,0.78458
2.5144,0.84328
3.3677,0.77879
2.4859,0.8459
2.5135,0.84362
2.4279,0.85153
3.2431,0.78747
3.1825,0.79171
3.2147,0.78955
3.2472,0.78753
3.2681,0.78469
2.4681,0.84766
2.4204,0.85291
2.5376,0.84156
3.1965,0.79131
2.4858,0.84689
3.1471,0.79604
3.2484,0.78874
2.4704,0.84842
2.4877,0.84636
2.4836,0.84651
2.4781,0.84752
2.4506,0.84928
3.4739,0.7719
3.3345,0.7806
3.0971,0.79786
3.1397,0.79446
3.2049,0.78943
3.1697,0.7919
3.2274,0.78836
2.8303,0.81781
3.1811,0.79291
3.163,0.79333
3.2017,0.78994
3.2417,0.7869
2.4274,0.85191
3.4704,0.77364
2.5088,0.8434
2.5073,0.8429
2.4068,0.85361
2.2019,0.87318
3.0494,0.80264
2.471,0.84847
2.5217,0.84294
2.5988,0.83643
3.088,0.79892
3.1214,0.796
3.5955,0.76527
3.6723,0.75988
3.3391,0.78129
2.4453,0.84852
3.3697,0.77875
3.3534,0.77974
2.8427,0.81619
3.2941,0.78454
2.4997,0.84481
3.0944,0.79746
2.4383,0.8498
2.4583,0.84766
2.8441,0.81582
2.7684,0.82176
2.6854,0.82889
3.2538,0.78811
3.2485,0.78851
3.2559,0.78802
3.3506,0.78027
3.3337,0.78132
3.3487,0.77977
2.5527,0.83915
2.6433,0.83082
2.553,0.83897
3.3376,0.78219
3.3053,0.78425
2.443,0.85131
3.3255,0.78355
2.5475,0.84057
2.5377,0.84201
2.5973,0.83594
2.4125,0.85297
2.5224,0.84233
2.5585,0.83857
2.5457,0.83938
2.4411,0.84978
3.0961,0.79715
2.3601,0.85781
3.1778,0.79164
3.2677,0.78596
2.779,0.82105
2.8174,0.81716
2.5956,0.83695
2.4099,0.85293
2.7667,0.82316
3.228,0.78903
2.4258,0.8514
3.228,0.78909
2.8672,0.81432
3.3574,0.77977
3.2902,0.78433
3.382,0.77686
2.5947,0.83478
2.4912,0.84411
2.7627,0.82167
2.7221,0.82534
2.6559,0.83116
3.366,0.7784
3.3428,0.78058
2.7032,0.82731
2.5379,0.84119
2.4911,0.84496
2.4857,0.84564
2.4928,0.84499
2.5257,0.84177
2.4581,0.84771
2.5091,0.84354
2.52,0.84217
2.482,0.84599
2.4172,0.85145
3.0656,0.80065
3.1558,0.79313
3.067,0.80058
2.5338,0.84084
3.0685,0.79962
3.387,0.77834
3.4037,0.77677
3.0771,0.79945
3.5285,0.76855
3.0517,0.8007
3.574,0.76556
3.4278,0.77462
3.3981,0.77694
3.1646,0.7926
3.5546,0.76831
2.7513,0.82446
2.9732,0.80609
2.7977,0.82017
2.8589,0.81485
2.8838,0.81314
3.4706,0.77403
2.9523,0.80834
2.9148,0.81104
2.834,0.81744
2.8676,0.814
2.859,0.81588
2.7878,0.82095
3.287,0.78404
2.8647,0.81499
2.8527,0.81577
2.7708,0.82249
2.8131,0.81878
2.9057,0.80997
2.6276,0.83248
2.77,0.82191
2.9582,0.80688
3.017,0.80164
2.8197,0.81763
2.991,0.80629
2.88,0.81373
2.865,0.81432
2.8583,0.81485
2.7919,0.82014
2.8417,0.81684
2.9059,0.81069
2.8644,0.81379
2.8567,0.81406
2.7973,0.81959
2.8351,0.81609
2.8864,0.81223
2.8294,0.81661
2.7927,0.81982
2.86,0.81395
2.9002,0.81165
3.9935,0.74174
2.8748,0.81304
2.9332,0.80809
2.8981,0.81158
2.8515,0.81543
3.1368,0.79339
2.8995,0.81089
2.8851,0.81217
2.9226,0.81289
2.9478,0.80949
3.0907,0.79875
3.1528,0.79418
3.093,0.79816
3.2611,0.78492
3.1365,0.7954
3.2799,0.78509
4.0391,0.73965
7.4521,0.59811
3.9588,0.74566
7.2406,0.60536
7.4652,0.59854
7.6155,0.59218
7.3503,0.60164
7.3756,0.60065
7.427,0.59991
7.4758,0.59786
7.4974,0.59687
7.5921,0.59473
7.4654,0.59812
7.5857,0.59387
7.4901,0.59712
7.5529,0.59576
7.4291,0.59906
7.509,0.59686
7.4203,0.60002
3.9064,0.74843
7.593,0.59447
3.838,0.75229
4.016,0.7422
3.9168,0.74783
7.1502,0.60832
7.4831,0.598
3.9998,0.74282
4.028,0.74062
7.6569,0.59159
5.1605,0.6845
5.2899,0.67782
5.1912,0.68288
5.1433,0.68597
5.2191,0.6825
7.5554,0.59652
7.3504,0.60292
7.4949,0.5978
7.2723,0.60476
7.4069,0.60035
7.5736,0.595
5.2255,0.68101
5.2572,0.67934
7.6747,0.59062
7.6339,0.59085
7.7936,0.5868
7.4655,0.59737
7.4174,0.59923
4.2232,0.72952
7.2943,0.60307
7.3723,0.60085
7.3723,0.60076
7.5844,0.59308
7.264,0.60407
7.2421,0.60433
7.4167,0.59992
7.4434,0.59793
7.6199,0.59309
7.4185,0.59875
5.462,0.67036
7.292,0.60228
5.5785,0.66636
7.7573,0.58621
7.6232,0.59039
4.0739,0.73663
5.2921,0.67693
7.4404,0.59696
7.564,0.59274
5.1448,0.68434
5.216,0.6813
5.3697,0.67435
5.4585,0.66895
5.3623,0.67383
7.6056,0.59052
5.2717,0.67778
5.514,0.66532
5.4461,0.66854
7.4634,0.5953
7.3851,0.59762
7.7349,0.58505
7.336,0.59835
7.6695,0.58678
3.8407,0.74703
7.7015,0.58601
7.6249,0.5886
7.3329,0.59951
7.6898,0.58673
7.6324,0.58838
7.5124,0.59302
7.5025,0.59248
7.3599,0.59817
7.4104,0.59511
7.5421,0.58986
7.6778,0.58459
4.055,0.73362
4.0929,0.73105
4.0452,0.73353
7.639,0.58425
7.6309,0.58458
7.6969,0.58324
7.6814,0.5825
7.6775,0.58451
7.7132,0.58284
3.6703,0.75677
7.5508,0.589
5.6029,0.65871
7.8907,0.57657
5.4035,0.66665
5.4706,0.66338
5.5396,0.66003
5.6116,0.65683
5.5039,0.66164
5.5433,0.65954
7.598,0.5839
7.4549,0.58908
7.5963,0.58419
5.3788,0.6671
5.2873,0.67072
7.5338,0.58672
7.3725,0.5916
7.4055,0.59004
7.6676,0.58129
7.4886,0.5866
7.6508,0.58008
7.5567,0.58355
7.5903,0.58122
7.4378,0.58619
7.6578,0.57916
7.6436,0.57873
7.7544,0.575
7.5276,0.58273
7.7059,0.57675
7.7103,0.57597
7.7119,0.57664
7.7258,0.57553
7.568,0.58077
5.6931,0.64826
7.3499,0.58784
3.9618,0.73161
7.7822,0.57312
7.5708,0.57896
7.8477,0.56949
7.6576,0.57523
7.6428,0.57559
7.6711,0.57405
7.5855,0.57681
7.92,0.56617
7.5339,0.57863
4.7722,0.6862
7.611,0.57577
7.7539,0.57068
7.4887,0.57937
5.7052,0.64346
3.5984,0.74809
3.9817,0.72444
7.615,0.57297
7.634,0.5718
7.5912,0.57338
7.5848,0.57223
7.7089,0.56893
6.4265,0.6128
7.6466,0.571
7.7764,0.56715
8.007,0.55919
7.8284,0.56503
7.6783,0.5696
7.5532,0.57336
7.6237,0.57018
7.6852,0.5671
7.5718,0.57091
7.4937,0.57218
7.557,0.57039
7.4511,0.57396
7.4311,0.57426
5.2617,0.65578
7.8471,0.56116
5.3904,0.65045
7.828,0.5618
7.7329,0.56425
7.8128,0.56134
7.3508,0.57675
7.3577,0.57575
7.4526,0.57251
7.2648,0.57813
5.0565,0.66403
4.0355,0.71512
4.1091,0.70985
4.066,0.71227
7.1228,0.58055
4.0105,0.71508
7.2387,0.57635
7.1924,0.57823
7.1627,0.57861
7.1317,0.57959
6.9568,0.58544
7.1103,0.58062
7.1214,0.57964
7.3716,0.57165
5.8305,0.62756
4.4639,0.68947
7.389,0.56992
7.3878,0.56972
7.2194,0.57512
7.1576,0.57643
7.2469,0.57331
5.6953,0.63088
7.4171,0.56733
4.3858,0.69117
4.3414,0.69325
7.5893,0.5599
6.8937,0.5844
7.779,0.55435
7.5442,0.56152
6.992,0.57996
6.9328,0.58175
6.142,0.61147
6.2327,0.6072
6.8766,0.58352
7.0747,0.57578
6.6108,0.592
7.2141,0.57007
6.8927,0.58205
6.9905,0.57679
7.1721,0.57088
7.1249,0.57257
6.6452,0.59082
6.5625,0.59312
6.8156,0.58324
6.5516,0.59276
6.9371,0.57836
6.7981,0.58307
6.9003,0.57823
6.9454,0.57571
5.4098,0.63514
6.8543,0.57899
6.9613,0.57466
5.3359,0.6381
6.9938,0.5733
7.0571,0.57033
6.8191,0.57881
6.9107,0.57513
7.2007,0.56505
6.9337,0.57404
6.9305,0.5745
5.1789,0.64479
4.921,0.6561
5.332,0.63652
6.6555,0.58297
6.524,0.58775
6.7955,0.57694
6.7722,0.57773
6.7853,0.5772
7.0225,0.56846
6.8049,0.57584
6.702,0.58016
6.6317,0.58216
6.9276,0.57084
7.1813,0.56264
6.9515,0.57006
7.1752,0.56014
7.0445,0.56573
7.2465,0.55944
3.8454,0.70841
6.9262,0.56994
6.8455,0.573
6.5748,0.58322
6.513,0.58463
6.6959,0.57703
6.6158,0.57911
4.0098,0.69595
6.9722,0.56497
6.7228,0.57348
6.5059,0.58269
4.095,0.69074
7.1649,0.55926
3.9938,0.69785
6.7624,0.57191
5.3866,0.62726
5.4379,0.62436
6.988,0.56432
7.053,0.56056
5.6029,0.61413
6.9932,0.55879
5.4078,0.62028
6.9289,0.56004
6.721,0.56704
7.1359,0.55422
6.3905,0.58215
7.0091,0.55857
7.0397,0.55638
6.9262,0.56205
6.9082,0.56245
6.9666,0.55967
7.0747,0.55592
7.179,0.55031
6.9884,0.55489
6.6718,0.5673
6.5495,0.57134
6.7791,0.56312
6.886,0.55877
6.728,0.56443
6.9589,0.55864
6.7419,0.56599
6.8854,0.5599
6.691,0.56444
6.674,0.5653
6.6948,0.56347
6.734,0.56115
6.5922,0.56532
6.8178,0.55626
6.6998,0.56261
6.0726,0.58615
5.9079,0.59537
6.7395,0.56189
5.716,0.60159
6.2535,0.57822
6.891,0.55496
6.6101,0.56429
6.5682,0.56329
6.5196,0.56626
6.8424,0.55129
6.6788,0.55604
6.4989,0.56353
6.934,0.54771
6.595,0.56112
6.5467,0.56208
6.554,0.56107
6.6382,0.55861
6.5286,0.56429
6.7668,0.55519
6.8913,0.54899
6.7552,0.55689
6.8775,0.55195
6.855,0.55295
6.6656,0.55614
6.7021,0.54983
6.6426,0.5533
6.7538,0.54882
6.8234,0.54708
7.1314,0.53733
6.8033,0.55022
7.3845,0.53058
6.7801,0.55232
6.648,0.55457
6.7822,0.55009
7.0313,0.54036
6.8284,0.54862
6.5312,0.56085
6.55,0.55801
6.569,0.55655
7.2095,0.53269
6.9243,0.54325
6.9239,0.54353
6.956,0.54012
6.6138,0.55444
7.0471,0.53433
6.6325,0.54929
6.5553,0.55506
6.6175,0.55263
6.7734,0.54557
6.901,0.53927
7.0087,0.5363
6.5964,0.5544
6.7226,0.54844
6.6289,0.5523
6.7117,0.54778
6.5554,0.55447
6.6548,0.5503
6.5486,0.5547
6.5239,0.55446
6.5765,0.55204
6.5335,0.55367
6.5084,0.55504
6.5344,0.5536
6.4284,0.55731
6.5432,0.55354
6.8225,0.54208
6.4655,0.55429
6.4763,0.5547
6.8711,0.53841
6.5138,0.55127
6.9998,0.53187
6.5275,0.54463
6.8297,0.53253
6.4609,0.55065
6.6799,0.54189
6.6419,0.54138
6.6491,0.54078
6.3648,0.55446
6.5092,0.54797
6.6342,0.54262
6.5853,0.54411
6.6554,0.54051
6.7568,0.53364
6.6695,0.53939
6.9205,0.528
6.4487,0.54919
6.9229,0.52915
6.3222,0.55355
6.5213,0.54399
6.7519,0.53584
6.7533,0.53451
6.6571,0.53888
6.5335,0.5445
6.581,0.54305
6.6139,0.53918
6.8361,0.52592
6.4055,0.5469
6.5552,0.53827
6.5349,0.54152
6.4273,0.54839
6.2299,0.55489
6.3376,0.54929
6.6107,0.5392
6.424,0.5455
6.7309,0.53396
6.7299,0.5343
6.3476,0.55028
6.3683,0.54825
6.2693,0.55186
6.2646,0.55399
6.2204,0.55469
6.483,0.54377
6.0516,0.5617
6.3302,0.54967
6.2513,0.55049
6.3692,0.54588
6.5656,0.53775
6.4906,0.54291
6.275,0.55013
6.7735,0.52758
6.4483,0.54183
6.5174,0.53598
6.8085,0.52749
6.8422,0.52635
6.418,0.54419
6.6409,0.52989
6.4922,0.53762
6.7035,0.52591
6.3342,0.54653
5.8395,0.56861
6.3647,0.5465
6.2841,0.55027
6.1455,0.5546
6.1969,0.55234
6.1499,0.55431
6.1548,0.55362
6.19,0.55348
6.1014,0.5545
6.2541,0.5505
6.369,0.54303
6.2892,0.54884
6.3811,0.54238
6.3679,0.54542
6.3824,0.54464
6.4049,0.54354
6.3792,0.54466
6.2395,0.55148
6.4101,0.54419
6.4767,0.54037
6.386,0.54556
6.1578,0.55356
6.2019,0.55241
6.0765,0.55721
6.314,0.54583
3.5074,0.68497
6.7748,0.5274
6.2565,0.54813
6.2706,0.5466
6.1902,0.55128
6.6736,0.53145
6.139,0.55514
6.1707,0.55225
6.3312,0.54621
6.3639,0.54554
6.3428,0.54303
6.2607,0.54825
6.4406,0.54076
6.5163,0.53589
6.719,0.5307
6.5556,0.53585
6.3044,0.54584
6.391,0.54192
6.3251,0.54509
6.3405,0.54585
6.6214,0.53409
6.2922,0.5431
6.2381,0.54757
6.1894,0.54923
6.4193,0.53856
6.3366,0.54224
6.5439,0.53039
6.3553,0.54098
6.4136,0.53561
6.4279,0.53726
6.2644,0.543
5.9965,0.55882
6.2857,0.54763
6.4313,0.54196
6.5197,0.53729
6.3606,0.54394
6.5051,0.54011
6.2111,0.54886
6.2494,0.54707
6.129,0.55205
6.3325,0.54398
6.2517,0.54651
6.2111,0.54824
6.1536,0.55106
6.234,0.54865
6.2294,0.54592
6.226,0.54798
6.3793,0.53886
6.3524,0.54395
6.1344,0.55132
6.1132,0.55116
6.1045,0.55218
6.5081,0.53771
6.4696,0.5364
6.4207,0.54174
6.2117,0.54763
6.1274,0.55268
6.1443,0.55219
6.5274,0.53803
6.3914,0.53888
6.3668,0.54172
6.2148,0.54323
6.2563,0.54691
6.2054,0.54903
6.3616,0.54071
6.375,0.53784
6.3856,0.54325
6.3147,0.54297
6.1476,0.55207
5.9005,0.56347
6.1311,0.55304
6.1742,0.55055
5.6193,0.57366
6.2951,0.54563
6.4813,0.53931
6.1078,0.55445
3.4138,0.69039
6.334,0.54339
6.401,0.54216
3.428,0.69002
6.3635,0.54403
6.1945,0.55033
6.3503,0.54454
6.4415,0.54082
6.3093,0.54546
6.3537,0.54134
6.2493,0.54558
6.5068,0.53743
6.23,0.54713
6.2114,0.54957
6.4503,0.53693
6.2463,0.54707
6.2248,0.54868
6.0757,0.55369
6.393,0.54047
6.4285,0.53831
3.3686,0.69328
6.4746,0.53839
6.0995,0.55073
6.2824,0.54425
6.4123,0.54108
6.3886,0.54013
6.4309,0.53928
6.4345,0.5399
6.3783,0.54105
6.3554,0.5416
6.0589,0.55222
6.1414,0.54911
6.0878,0.55103
6.1387,0.54888
6.0714,0.55164
6.2675,0.5462
6.4198,0.54074
6.2361,0.54902
5.3688,0.58489
5.4062,0.58377
6.1801,0.55097
5.8563,0.56444
6.2078,0.54839
6.3208,0.54409
6.0226,0.55552
6.0992,0.55103
5.9481,0.55726
5.9666,0.5573
6.1221,0.55171
5.9233,0.56032
6.0706,0.55445
5.8553,0.56393
6.185,0.55011
6.1583,0.5525
6.2219,0.54846
6.6084,0.53037
6.2975,0.54767
6.1139,0.55295
6.3939,0.54129
6.1595,0.54939
6.0841,0.55436
6.3297,0.54471
6.235,0.5474
6.072,0.55508
5.9218,0.55969
6.1381,0.55089
6.2532,0.54772
6.1284,0.55337
6.0343,0.55421
6.2304,0.54898
6.0787,0.55313
6.2038,0.55047
6.2947,0.54589
6.2094,0.54938
5.8853,0.56109
6.0252,0.55533
6.3646,0.54353
6.3672,0.54368
5.9284,0.56069
6.1654,0.55155
6.1366,0.55266
6.1934,0.54948
6.1552,0.54873
6.1431,0.55171
6.3537,0.54257
6.2605,0.54638
6.1623,0.54974
6.0393,0.55507
6.4154,0.53987
6.1544,0.55081
6.1812,0.551
6.2662,0.54557
6.4454,0.53915
6.5636,0.53543
6.08,0.55472
5.8588,0.56469
6.0933,0.5538
5.9235,0.56121
6.1225,0.5527
6.0768,0.55406
6.4765,0.53835
6.3811,0.54228
6.0277,0.55702
6.2219,0.54746
6.2152,0.54814
6.4084,0.54116
6.422,0.53976
6.058,0.55486
6.3299,0.54242
6.1235,0.55086
6.2649,0.54645
6.1587,0.55006
6.223,0.5473
6.1234,0.55155
6.3718,0.54171
6.4123,0.54045
6.2822,0.54523
6.2802,0.54497
6.3637,0.54126
6.2381,0.54579
6.3876,0.53912
6.4565,0.53644
6.4728,0.53691
6.161,0.54994
6.4025,0.5404
6.3885,0.54102
6.3806,0.54162
6.4579,0.54008
6.3841,0.54315
6.3446,0.54472
6.3827,0.54046
6.3796,0.54053
6.1891,0.54805
6.6047,0.53064
6.2063,0.54586
6.1704,0.54569
6.4621,0.5341
6.4217,0.53702
6.6837,0.52801
6.4571,0.53739
6.6901,0.52902
6.5595,0.53439
6.5664,0.53457
6.3561,0.54255
6.29,0.54451
6.5093,0.53555
6.3488,0.54014
6.3297,0.54071
6.2864,0.54118
6.3729,0.53756
6.4239,0.53679
6.4427,0.53658
6.5724,0.53233
6.5232,0.5356
6.1583,0.54993
6.544,0.53517
6.3244,0.54337
6.337,0.54201
5.9893,0.5552
5.8565,0.56145
6.0167,0.55099
6.2203,0.54443
6.536,0.53148
6.1921,0.54499
6.4054,0.53805
6.5264,0.53296
6.427,0.53784
6.3292,0.54282
6.3393,0.54125
6.3475,0.53983
6.2692,0.54352
6.3234,0.54104
6.2339,0.54461
6.0886,0.54977
6.0304,0.55272
6.2751,0.543
6.247,0.54402
6.3982,0.53849
6.4428,0.53683
6.2989,0.54298
6.424,0.53787
6.3449,0.53998
6.519,0.53345
6.309,0.5424
6.2625,0.5443
6.1561,0.54731
6.3443,0.5392
6.2528,0.54337
6.3883,0.53797
6.0596,0.55082
6.3041,0.54167
6.1214,0.54809
6.2094,0.54574
6.2599,0.54293
6.3088,0.54126
6.1737,0.54619
6.3538,0.53819
6.4724,0.53402
6.3029,0.54106
6.5348,0.53151
6.1482,0.54714
6.354,0.53828
5.7899,0.56118
6.1687,0.54552
6.2711,0.54268
6.026,0.5524
6.2236,0.54328
6.1756,0.54584
5.9529,0.5537
6.0246,0.55
5.8413,0.55799
5.8522,0.5581
6.1872,0.54369
6.0308,0.55147
5.9926,0.55293
5.8541,0.55873
6.1574,0.54738
5.7893,0.56223
5.7038,0.5655
6.0418,0.55122
6.4725,0.53362
6.2539,0.54209
6.2126,0.54345
6.1275,0.54745
6.1271,0.5482
6.0086,0.55262
5.8409,0.56123
6.3433,0.53975
6.2614,0.54274
6.2467,0.54366
5.9772,0.55379
5.8396,0.55991
6.1462,0.5468
5.8819,0.55751
5.896,0.5574
5.8866,0.55808
5.7747,0.56283
6.0849,0.55003
5.7099,0.56597
5.9881,0.5533
5.7173,0.5646
6.0259,0.55183
5.9746,0.5542
5.7671,0.56314
5.9275,0.55552
6.2612,0.54191
5.9915,0.55441
5.9747,0.55387
6.054,0.55098
5.9162,0.55511
5.9308,0.55625
5.9858,0.55358
5.8913,0.55656
6.1978,0.54485
5.9665,0.55462
6.0028,0.5521
5.9995,0.55215
5.7862,0.55959
5.7398,0.56252
5.9195,0.55679
5.756,0.56161
5.9157,0.55527
5.8966,0.55567
5.767,0.56108
5.8952,0.55594
5.8008,0.56098
5.9034,0.55713
5.8817,0.55746
5.8704,0.55844
5.75,0.56359
5.7208,0.56425
5.68,0.56543
5.8136,0.55978
5.6271,0.56714
5.6993,0.56553
5.7623,0.56263
5.789,0.56071
5.8394,0.55928
5.68,0.56514
5.748,0.56373
5.8695,0.55838
5.9381,0.55547
5.9226,0.55533
5.8367,0.5584
5.9003,0.5561
5.8512,0.55875
5.7969,0.56082
5.7068,0.56419
5.7235,0.56323
5.7009,0.56374
5.5603,0.5696
5.6224,0.56638
5.6677,0.56335
5.9359,0.55163
5.8503,0.55638
5.8602,0.55589
2.9662,0.71736
5.7978,0.55898
5.7408,0.56158
5.8306,0.55917
5.5115,0.57174
5.7278,0.56257
5.788,0.55986
5.7798,0.56157
5.6073,0.56875
5.5357,0.57128
5.61,0.56829
5.6096,0.5672
5.7357,0.56274
5.655,0.56679
5.6039,0.56786
5.7422,0.56127
5.6669,0.56512
5.7688,0.56112
5.7942,0.55946
5.6367,0.56577
2.9978,0.71448
5.7635,0.56142
5.7362,0.56161
5.683,0.56449
5.7797,0.56016
5.8886,0.55578
5.8688,0.55591
5.7935,0.55916
5.8073,0.55722
5.7129,0.56181
5.639,0.56433
5.7732,0.55841
3.231,0.69644
5.6279,0.56422
3.0706,0.70817
5.6944,0.56252
3.0465,0.70966
5.8179,0.5573
6.1267,0.54641
5.9114,0.5551
5.8158,0.55925
5.9566,0.55276
6.0646,0.54825
5.8782,0.55454
5.8168,0.55761
5.97,0.55035
5.8248,0.55562
5.8467,0.55524
5.8862,0.55476
5.8723,0.55616
5.624,0.5662
6.2139,0.54365
5.8905,0.55654
5.9473,0.55347
5.8593,0.55762
5.885,0.55641
6.2412,0.54094
6.1368,0.54392
6.2606,0.53896
6.2657,0.53898
6.1136,0.54488
6.0183,0.54846
5.9703,0.54972
6.0185,0.5493
6.0007,0.55035
5.9597,0.55209
5.9713,0.5514
6.0158,0.55038
5.9005,0.55404
6.0849,0.54576
5.9905,0.54997
5.9592,0.55094
5.8805,0.55287
6.0988,0.54476
5.8659,0.55431
6.0812,0.54651
5.9773,0.55095
5.7926,0.55864
5.8394,0.55674
5.7082,0.56387
5.9398,0.5524
5.8505,0.55456
6.1003,0.54363
5.8636,0.55339
5.8586,0.55389
5.7205,0.55934
5.6777,0.56231
5.7514,0.56006
5.9689,0.55154
5.8619,0.55643
5.8691,0.55672
5.7188,0.56342
5.8743,0.55242
6.0692,0.54759
6.0036,0.5495
6.1229,0.54316
6.2175,0.53885
5.8834,0.55246
5.6205,0.56474
5.7997,0.5554
5.6376,0.56299
3.0764,0.70711
5.8157,0.55774
5.7488,0.55998
6.1249,0.54428
6.0887,0.54594
6.143,0.54421
6.0159,0.54863
6.0506,0.54591
5.8478,0.55406
5.9264,0.55114
6.0864,0.54454
6.1249,0.54251
5.9323,0.54996
5.8544,0.55462
5.9858,0.54822
5.8035,0.55694
5.835,0.55463
6.0048,0.54798
6.0186,0.54686
5.8036,0.55632
6.0089,0.5477
5.725,0.56011
6.0666,0.546
5.7382,0.55917
6.0285,0.54655
5.8159,0.55683
5.9487,0.54979
5.7103,0.55998
6.0223,0.54614
5.8661,0.55388
5.6821,0.5617
5.5152,0.5695
5.7533,0.55844
5.596,0.56564
5.9015,0.55213
6.0182,0.547
5.793,0.55609
5.9845,0.54765
5.824,0.55385
5.9686,0.54706
6.0205,0.54513
5.8631,0.55201
5.7947,0.55434
5.7731,0.55491
5.8407,0.55229
5.803,0.55431
5.8905,0.55057
5.8155,0.55301
5.6859,0.55807
5.5451,0.56514
3.0996,0.70146
5.5601,0.56375
5.583,0.56289
3.0194,0.70781
5.6124,0.56096
5.5883,0.56297
5.5516,0.56465
5.5968,0.56238
5.6844,0.55959
5.6268,0.56232
5.4861,0.56911
5.5665,0.56536
5.5495,0.56604
5.5052,0.56624
5.6029,0.56281
5.6504,0.56067
5.5212,0.56588
5.5325,0.56594
5.6995,0.55956
5.4329,0.57176
5.3825,0.57405
5.5948,0.56473
5.6598,0.56136
5.4667,0.56904
5.7553,0.55591
5.4496,0.5681
5.6721,0.55855
5.5635,0.56378
5.6267,0.56018
5.5498,0.56408
5.2756,0.57739
5.6487,0.56026
5.6591,0.55916
5.6792,0.55798
5.5486,0.56504
5.7017,0.55791
5.7307,0.55765
5.325,0.57303
5.5651,0.56377
5.4439,0.5696
5.4925,0.5669
5.6721,0.5585
5.5287,0.56473
5.5306,0.56463
5.4445,0.56999
5.4962,0.56608
5.378,0.57307
5.5957,0.56296
5.5656,0.56408
5.2946,0.57498
5.19,0.58005
5.4398,0.56871
5.3738,0.57159
5.4789,0.56796
5.6346,0.56046
5.6263,0.56134
5.7905,0.55546
5.7728,0.55574
5.8612,0.55157
5.412,0.57267
5.4678,0.56731
5.5073,0.56491
5.5272,0.56426
5.4255,0.56843
4.8651,0.59686
5.3489,0.5721
4.8402,0.59835
5.285,0.57764
2.9125,0.71784
5.5619,0.56345
5.4128,0.57087
5.6843,0.5563
5.395,0.57097
5.4483,0.56825
5.608,0.5614
5.6057,0.56177
5.5167,0.56538
5.551,0.56409
5.5427,0.56547
5.5471,0.56428
5.611,0.56026
5.6729,0.55724
5.5457,0.56368
5.6659,0.55823
5.5831,0.56248
5.4056,0.56907
5.67,0.55854
5.6455,0.55947
5.5005,0.56505
5.3957,0.56976
5.5797,0.56153
5.5475,0.56293
5.5693,0.56182
5.5979,0.5599
5.5877,0.5608
5.663,0.55804
5.4862,0.56742
5.377,0.57077
5.4473,0.56839
5.3897,0.57186
5.4861,0.56642
5.4348,0.56873
5.3878,0.5711
5.4229,0.5691
5.4079,0.56871
5.098,0.58255
5.3306,0.57233
5.3037,0.57344
5.3789,0.56887
5.3832,0.56946
5.451,0.56644
5.6397,0.55776
5.5296,0.56343
5.4461,0.56647
5.4217,0.56736
5.5271,0.56063
5.3528,0.5682
5.4497,0.56468
5.5332,0.55971
5.5822,0.5605
5.4221,0.5689
5.5913,0.55868
5.3638,0.57255
5.485,0.56597
5.6203,0.56019
6.0952,0.52765
5.4907,0.56449
5.5056,0.56249
5.1639,0.57934
5.6198,0.55786
5.5884,0.55953
5.6553,0.55785
5.6385,0.55939
5.5217,0.56573
5.5304,0.56461
6.3042,0.51695
5.4431,0.56694
5.6097,0.55925
5.5877,0.55967
5.3847,0.56822
5.4633,0.56525
5.3733,0.56791
5.4805,0.56413
5.3987,0.56747
5.639,0.55007
5.4955,0.55943
5.3064,0.56744
5.3981,0.56138
5.4511,0.56676
5.5987,0.55872
5.4979,0.56513
5.4172,0.56236
5.4215,0.56075
5.4126,0.55985
5.3444,0.56486
5.4084,0.56039
5.4655,0.55758
5.358,0.56927
5.4301,0.56658
5.2775,0.56879
5.2858,0.56747
5.3388,0.56537
5.2934,0.56959
5.2057,0.57413
5.2288,0.56939
5.2723,0.57414
5.4092,0.56245
6.0238,0.52839
5.372,0.56418
5.4047,0.56268
5.2353,0.57039
5.497,0.55768
5.3463,0.56494
5.3963,0.56633
5.4293,0.56123
5.4956,0.55778
5.4895,0.55914
5.5378,0.55519
5.2693,0.57034
5.3911,0.5655
5.2816,0.56959
2.7667,0.72362
5.5032,0.55839
5.5628,0.55719
5.4822,0.55542
5.2318,0.57093
5.4416,0.5588
5.3198,0.56464
5.5513,0.55468
2.8161,0.71866
2.8179,0.7221
5.4864,0.56186
5.4652,0.55944
5.4002,0.56255
5.2575,0.57087
5.5172,0.5628
5.3447,0.56596
5.388,0.56346
5.3989,0.56309
5.4436,0.56024
5.5069,0.5578
5.2976,0.56655
5.3793,0.56626
2.6996,0.72992
5.3231,0.569
5.2693,0.56869
5.2538,0.56797
5.2713,0.56911
5.2736,0.56614
5.538,0.55363
5.4866,0.55725
5.2786,0.56625
5.3731,0.56195
5.5062,0.5589
5.5439,0.55694
5.3057,0.56565
5.6071,0.55229
5.5039,0.56086
5.4502,0.56477
5.4985,0.55963
5.3415,0.57036
5.3645,0.56839
5.3862,0.56543
5.5194,0.56207
5.5273,0.55996
5.4279,0.55921
5.4201,0.56168
5.4344,0.56118
5.4582,0.56085
5.376,0.56036
5.4191,0.56037
5.4697,0.55889
5.3694,0.56676
5.4949,0.55923
5.2678,0.56743
5.2572,0.56695
5.2313,0.56856
5.5635,0.55114
5.3298,0.56317
5.4075,0.55774
5.454,0.55815
5.7171,0.54666
5.6453,0.5517
5.6585,0.54899
5.5271,0.55741
5.2852,0.56519
5.7558,0.54428
5.6198,0.54987
5.3324,0.56735
5.3861,0.56809
5.3431,0.56532
5.5592,0.55165
5.7709,0.54278
5.2501,0.57595
5.2914,0.56879
5.5164,0.55559
5.3849,0.56142
5.6809,0.54849
5.3,0.56749
5.6613,0.54238
5.3835,0.56219
5.394,0.56338
5.4211,0.56001
5.5132,0.5557
5.4006,0.56202
5.475,0.55948
5.4417,0.56154
5.4504,0.56155
5.4524,0.55916
5.4596,0.55777
5.3795,0.56009
5.4901,0.55932
5.4856,0.55784
5.5468,0.56098
5.5349,0.55821
5.4722,0.55936
5.5345,0.5553
2.8008,0.71846
2.6294,0.73253
2.6361,0.73371
5.2958,0.56725
2.7103,0.7313
5.4039,0.56213
2.7455,0.72325
2.7632,0.72204
2.6528,0.73225
2.7834,0.72148
2.7093,0.72555
2.9108,0.70672
5.2691,0.56984
5.374,0.56433
5.2934,0.56749
5.2565,0.56833
5.295,0.56794
5.3055,0.57102
5.2102,0.57056
5.4183,0.56229
5.4164,0.56228
5.1238,0.57772
5.1938,0.5759
5.1126,0.57901
5.1648,0.57245
5.4627,0.55723
5.3324,0.56392
5.2445,0.5664
5.4171,0.55956
5.6353,0.54798
5.6422,0.55466
5.3561,0.56359
5.3788,0.56009
5.2532,0.56753
5.4068,0.56021
5.2435,0.56851
5.2107,0.57322
5.3213,0.56802
2.7055,0.72614
5.2945,0.5671
5.2237,0.56996
2.7573,0.72172
2.7491,0.72419
5.2451,0.57074
5.2306,0.57049
2.7742,0.71949
5.2411,0.56888
5.1348,0.57872
5.5499,0.55421
5.5533,0.55225
5.355,0.5626
5.4473,0.55772
5.4189,0.55856
5.1629,0.57717
5.47,0.55643
5.4015,0.56133
5.6569,0.54997
5.5337,0.5544
5.4559,0.5593
5.5451,0.55594
5.5401,0.55273
5.4773,0.55661
5.3533,0.56284
5.3353,0.5641
5.4861,0.5575
5.4241,0.5613
5.4783,0.55713
5.5208,0.55889
5.5763,0.55436
5.5502,0.55583
5.3774,0.56459
5.3645,0.56394
5.2504,0.57587
5.1807,0.5782
5.1524,0.57967
5.499,0.55634
5.4735,0.55854
5.6509,0.54837
5.3594,0.56468
5.2154,0.57242
5.3213,0.56759
5.4078,0.56385
5.4007,0.56352
5.6852,0.54547
5.2493,0.57139
5.4137,0.56107
5.2952,0.56409
5.2861,0.56477
5.2759,0.56752
5.2986,0.56623
5.2649,0.57014
5.3609,0.56272
5.247,0.56896
5.1623,0.57417
5.2009,0.57351
5.3274,0.56532
5.3702,0.56703
5.3568,0.57237
5.3578,0.57048
5.4337,0.56646
5.3662,0.56892
5.351,0.56635
2.8075,0.71906
2.7773,0.72074
5.2775,0.57027
2.783,0.72102
5.3815,0.56444
2.8074,0.71925
5.1865,0.57751
5.3424,0.56782
5.2114,0.57403
5.1168,0.57714
5.4799,0.56248
5.3708,0.56731
5.3111,0.5691
5.5309,0.55858
5.4968,0.56154
5.356,0.56743
5.3314,0.56842
5.4093,0.56445
5.6401,0.55616
5.3822,0.56714
5.3146,0.57103
5.4623,0.56384
5.4459,0.56364
5.5174,0.56054
5.5254,0.56012
5.554,0.55931
5.4778,0.56655
5.5968,0.55836
5.531,0.561
5.3436,0.56958
5.569,0.55721
5.3638,0.56976
5.3148,0.57003
5.4952,0.56133
5.3566,0.57184
5.2215,0.57624
5.3983,0.56735
5.4696,0.56563
5.4234,0.56885
5.4496,0.565
5.3183,0.57127
5.2752,0.57465
5.6659,0.55727
5.5082,0.56474
5.6428,0.55786
5.4373,0.56872
5.4544,0.56768
5.3887,0.57179
5.2534,0.57827
5.2073,0.57992
5.3222,0.57509
5.4917,0.56546
5.2078,0.58056
5.4041,0.56913
5.3984,0.56937
5.5245,0.56522
5.4109,0.56861
5.4328,0.56852
2.7668,0.73015
5.4062,0.56953
5.2641,0.57751
5.3894,0.57058
5.537,0.56305
5.2259,0.57819
5.3365,0.57168
5.4414,0.57027
5.4049,0.57011
5.3894,0.57349
5.4146,0.57198
5.5062,0.56744
5.4033,0.57377
5.5388,0.56576
5.5536,0.56509
5.3901,0.57495
5.3261,0.57608
5.4219,0.57137
5.4163,0.57073
5.4557,0.56916
5.5847,0.56419
5.5169,0.56864
5.4944,0.56488
5.2914,0.57852
5.5936,0.5664
5.5529,0.5653
5.5347,0.56721
5.4501,0.57068
5.4441,0.57106
5.3886,0.57357
5.3087,0.57673
5.4692,0.56915
5.2744,0.57761
5.299,0.57689
5.4913,0.56939
5.4558,0.57204
5.2821,0.5812
5.3227,0.57954
5.2398,0.58132
5.1513,0.58665
5.3935,0.57391
5.3294,0.57733
5.3756,0.57703
5.4272,0.5708
5.4434,0.57425
5.544,0.56902
5.5183,0.57185
2.8874,0.72415
5.3899,0.57969
2.9081,0.72486
5.4612,0.57741
5.4787,0.57641
5.4815,0.57288
5.3932,0.57682
5.4785,0.57401
5.3536,0.57967
5.3662,0.58036
5.3756,0.57885
5.4492,0.57393
5.533,0.57211
5.4881,0.57642
5.515,0.57071
5.4096,0.57864
5.4749,0.57621
5.3554,0.58206
5.273,0.5874
5.5394,0.57234
5.5169,0.57311
5.4733,0.57625
5.4358,0.57857
5.3682,0.58028
5.3933,0.57998
5.4166,0.57706
5.576,0.57153
5.4226,0.57881
5.5995,0.57225
5.4984,0.57477
5.3832,0.58021
5.425,0.57894
5.5581,0.57291
5.4979,0.57688
5.5235,0.57613
5.3152,0.58407
5.4702,0.57758
5.5012,0.5761
2.9804,0.72138
5.5577,0.57317
2.9699,0.72122
2.9859,0.72121
2.9805,0.72112
3.0079,0.72013
5.4807,0.57798
5.6704,0.56869
5.4407,0.57845
5.4813,0.57667
5.5088,0.57635
5.479,0.57652
5.3713,0.58091
5.3506,0.58322
5.4769,0.57619
5.3754,0.58301
5.4752,0.57723
5.6294,0.5714
5.3996,0.58464
5.6881,0.57046
5.517,0.57977
5.5719,0.57959
5.5998,0.57571
5.4592,0.58246
5.3817,0.58652
5.6294,0.57376
5.535,0.57939
5.4927,0.58064
5.4343,0.5826
5.4685,0.58393
5.8561,0.56721
5.6648,0.575
5.5766,0.57874
5.5478,0.57939
5.5177,0.58112
5.6252,0.57562
5.6088,0.57617
5.4923,0.5814
5.8059,0.5697
5.628,0.57751
5.6227,0.57681
5.5204,0.58167
5.5492,0.57968
5.66,0.57703
5.6881,0.57365
5.4954,0.58502
5.6709,0.57673
5.5191,0.5802
5.5398,0.58245
5.6698,0.57591
5.514,0.58327
5.5709,0.58127
5.641,0.58013
5.4474,0.58703
5.6704,0.57766
5.5443,0.58491
5.6518,0.57795
5.457,0.58638
5.4854,0.58436
5.5312,0.58271
5.5111,0.58186
5.82,0.57071
5.7971,0.57061
5.7277,0.57648
5.7361,0.57602
5.6485,0.5807
5.8321,0.57349
5.9039,0.56933
6.1588,0.55567
5.7871,0.57415
5.8863,0.57165
6.0047,0.56283
5.6901,0.57844
5.7121,0.57647
5.6575,0.57898
5.6152,0.58065
5.9857,0.56551
5.9651,0.56803
6.2404,0.55313
6.1107,0.56021
6.0484,0.56335
5.7659,0.57676
5.7903,0.57428
5.7515,0.58149
5.819,0.57727
5.3095,0.59944
5.7884,0.5765
5.5196,0.58895
5.6514,0.5827
5.7192,0.57882
5.6772,0.58084
5.754,0.579
5.7667,0.57957
6.0063,0.56584
5.9089,0.57396
6.0598,0.56876
6.2325,0.56127
5.9401,0.57302
6.163,0.56627
6.0157,0.57154
5.885,0.57474
5.932,0.5736
6.3176,0.55466
5.8513,0.57695
5.8392,0.57841
5.9335,0.57454
6.0074,0.57037
5.8218,0.58053
5.9588,0.57225
5.7603,0.58084
6.0176,0.57315
6.162,0.56453
5.9292,0.57728
5.9573,0.57335
5.9051,0.57737
6.0885,0.57119
6.1401,0.56811
6.0233,0.57508
5.8826,0.57971
6.046,0.57399
6.0748,0.57362
6.0091,0.57709
5.9205,0.57952
6.1688,0.5683
6.0833,0.57251
6.0331,0.57517
6.0537,0.57405
6.0551,0.57334
6.0811,0.57297
6.0859,0.57338
6.1443,0.57001
6.1413,0.571
6.1099,0.57317
6.1423,0.57256
5.9306,0.58288
6.0687,0.57719
5.8965,0.58423
5.8932,0.5848
5.846,0.58696
6.1838,0.57272
3.2427,0.72395
6.0021,0.57963
6.0858,0.57648
3.2648,0.72257
6.0275,0.57674
5.9771,0.57891
5.8182,0.58712
5.647,0.59294
3.3341,0.71489
5.8834,0.58608
5.9088,0.58507
6.0098,0.58034
6.1194,0.57679
6.0088,0.58159
6.0515,0.57939
5.9378,0.5843
6.033,0.57831
6.0806,0.57736
6.0526,0.5796
6.2203,0.56979
6.2928,0.56834
6.4666,0.55727
6.3286,0.56464
6.021,0.58174
6.1362,0.57712
6.0992,0.57963
6.0032,0.58434
6.0692,0.58126
6.0041,0.58437
6.0827,0.5813
5.7688,0.59413
6.2377,0.57485
6.1585,0.57826
5.8301,0.59146
5.7684,0.59317
5.9898,0.58476
6.2749,0.57264
6.1359,0.57942
5.8438,0.59192
5.9287,0.58879
6.2034,0.57768
6.0484,0.58398
5.6973,0.59939
5.7257,0.59868
5.8846,0.59151
5.7771,0.59562
5.9067,0.58942
5.741,0.59679
5.9475,0.58769
5.9369,0.58733
5.766,0.59604
6.154,0.58074
5.8178,0.59504
5.983,0.58618
5.9588,0.5893
5.7501,0.59807
6.089,0.58277
6.1036,0.58394
6.2742,0.57773
6.0604,0.58504
6.077,0.58491
5.6985,0.60038
6.0688,0.58586
5.8632,0.59351
5.5843,0.60533
6.0946,0.58303
5.8543,0.59417
6.0467,0.58662
5.9122,0.59248
6.2346,0.57926
5.6213,0.6051
6.2381,0.57913
6.0811,0.58125
6.261,0.57911
6.0902,0.58576
6.0983,0.58504
6.057,0.58692
6.0847,0.58581
6.0942,0.58613
6.2521,0.58013
6.1638,0.5835
6.2537,0.57906
6.1972,0.5813
6.1211,0.58576
6.1561,0.5853
6.1942,0.58273
6.0538,0.58918
6.1398,0.58577
6.0588,0.58886
5.9719,0.59223
6.0209,0.58976
6.0246,0.58986
6.2956,0.57962
6.1245,0.58705
6.0458,0.59017
6.3346,0.57523
6.3745,0.57477
6.1658,0.58391
6.2399,0.58429
6.1745,0.58476
6.1851,0.58457
6.1787,0.58512
5.9351,0.59474
6.186,0.58371
6.3419,0.57835
6.1757,0.58364
6.2221,0.58337
5.8192,0.59862
5.8855,0.59652
6.048,0.59135
5.8289,0.60008
5.9405,0.59559
6.1308,0.58888
6.05,0.592
6.0677,0.59104
5.9579,0.59418
6.1684,0.58718
6.2555,0.58353
6.1037,0.58933
6.2234,0.5849
6.3044,0.58206
6.2152,0.5861
6.3199,0.58209
6.2494,0.58521
6.1709,0.5887
6.0736,0.59069
6.1803,0.58816
6.2523,0.58522
6.2466,0.58503
6.0597,0.59222
6.1413,0.58723
6.1408,0.58946
6.1223,0.59034
6.2435,0.58685
6.093,0.59249
5.8288,0.60339
6.0425,0.59571
6.231,0.58814
6.0448,0.59491
6.2564,0.5878
6.1644,0.59166
6.3699,0.58205
6.3383,0.58453
6.4,0.58199
6.4618,0.57931
6.2623,0.58729
6.1593,0.59047
6.0578,0.59339
6.0179,0.59453
6.3074,0.58409
6.195,0.58941
6.361,0.58297
6.2617,0.58626
6.0528,0.59612
6.223,0.58754
6.4136,0.58198
6.4947,0.5789
6.4403,0.58069
6.1815,0.59151
6.1386,0.59345
6.4217,0.58177
6.1684,0.59107
6.2032,0.58992
6.1597,0.59167
6.3059,0.58656
6.4523,0.58041
6.2218,0.5892
6.3587,0.58372
6.3576,0.58341
6.4357,0.58113
6.2197,0.5901
6.2839,0.58836
6.3715,0.58437
6.59,0.57727
6.3609,0.58576
6.2234,0.59091
6.2945,0.5892
6.1707,0.59512
6.2518,0.59063
6.2146,0.59207
6.2831,0.58869
6.0511,0.59712
6.2798,0.59001
6.2784,0.59014
6.2128,0.59236
6.3929,0.58526
6.3676,0.58654
6.218,0.5927
6.2501,0.59205
6.2863,0.59031
6.1656,0.59311
6.2624,0.59043
6.3885,0.58675
6.3924,0.58661
6.5451,0.58013
6.3986,0.58473
6.3569,0.58559
6.2908,0.58881
6.6126,0.57744
6.4494,0.58287
6.3356,0.58735
6.4956,0.58123
6.5379,0.58103
6.5402,0.58161
6.3737,0.58839
6.289,0.59172
6.2872,0.5922
6.2338,0.59496
6.4733,0.5847
6.2982,0.5927
6.2433,0.59478
6.1997,0.59603
6.3372,0.58997
6.272,0.59299
6.4117,0.58729
6.4082,0.58681
6.3225,0.58998
6.2823,0.59214
6.3099,0.59073
6.3856,0.58833
6.3855,0.58821
6.3762,0.5882
6.4355,0.58619
6.3165,0.59257
6.38,0.5896
6.3718,0.59013
6.3718,0.58991
6.4825,0.58701
6.5134,0.58588
6.4516,0.58839
6.4006,0.58927
6.2674,0.59368
6.1452,0.59873
6.3803,0.5896
6.5186,0.58326
6.2936,0.59145
6.2697,0.59142
6.6246,0.57964
6.3215,0.59108
6.5515,0.58352
6.5738,0.58264
6.5543,0.58393
6.2599,0.59612
6.1566,0.60096
6.2551,0.59576
6.3527,0.59278
6.3876,0.59093
6.2959,0.59428
6.4953,0.58701
6.4993,0.58617
6.4681,0.5873
6.2599,0.59471
6.4088,0.59069
6.4791,0.58732
6.4291,0.59045
6.4183,0.59127
6.3284,0.59482
6.5026,0.58805
6.3252,0.59508
6.227,0.59892
6.4169,0.59105
6.3542,0.5938
6.2441,0.59855
6.4881,0.58902
6.3968,0.59229
6.3591,0.59333
6.3163,0.59546
6.3772,0.59291
6.499,0.58809
6.3196,0.59464
6.567,0.58603
6.4811,0.58923
6.477,0.58953
6.6023,0.58519
6.3583,0.59459
6.4457,0.59159
6.6044,0.58518
6.3351,0.59603
6.4488,0.59152
6.4297,0.59238
6.4483,0.59145
6.5836,0.58551
6.2955,0.5967
6.4344,0.59218
6.5265,0.58851
6.4433,0.59166
6.389,0.59394
6.6161,0.5849
6.5377,0.58796
6.5436,0.58803
6.3715,0.59505
6.4166,0.59353
6.368,0.59528
6.4785,0.59099
6.4149,0.59379
6.3708,0.59569
6.4539,0.59217
6.3686,0.59573
6.385,0.59507
6.3146,0.59685
6.3501,0.5957
6.4785,0.59169
6.5971,0.58686
6.6216,0.58605
6.4295,0.59266
6.396,0.5949
6.5248,0.58997
6.3354,0.59688
6.3635,0.59674
6.4823,0.59193
6.4855,0.59242
6.417,0.59519
6.4836,0.5925
6.4301,0.59459
6.3187,0.59835
6.253,0.60099
6.466,0.59275
6.4618,0.5931
6.4819,0.59182
6.5831,0.58793
6.4966,0.59115
6.2182,0.60081
6.4994,0.59117
6.6245,0.58663
6.5413,0.59079
6.6405,0.58698
6.5292,0.59124
6.6008,0.58883
6.3995,0.59675
6.1289,0.60803
6.5293,0.59176
6.5378,0.59122
6.4785,0.5935
6.3901,0.59726
6.4725,0.59393
6.5787,0.58981
6.7251,0.58401
6.67,0.5866
6.667,0.58718
6.5954,0.59031
6.4782,0.59462
6.7914,0.58276
6.3775,0.59809
6.4619,0.59551
6.5802,0.59057
6.5919,0.59012
6.492,0.59345
6.3884,0.59742
6.101,0.6086
6.4719,0.59415
6.4299,0.59619
6.5074,0.59348
6.4741,0.59499
6.7128,0.5854
6.3714,0.59937
6.339,0.60108
6.4549,0.59695
6.3521,0.60121
6.5476,0.59312
6.4789,0.59539
6.4195,0.59838
6.4087,0.59896
6.3401,0.60145
6.4278,0.5984
6.3671,0.60086
6.439,0.59792
6.4827,0.59663
6.2678,0.60394
6.382,0.59944
6.4925,0.59494
6.5981,0.58977
6.3493,0.59763
6.5457,0.59138
6.5244,0.59302
6.649,0.58911
6.5114,0.59519
6.4537,0.59754
6.2821,0.60488
6.3172,0.60378
6.3174,0.60518
6.3427,0.60384
6.442,0.5996
6.4841,0.59777
6.3356,0.60189
6.6249,0.59158
6.42,0.59839
6.4115,0.59831
6.6685,0.5888
6.7161,0.58637
6.5046,0.59488
6.3942,0.59997
6.448,0.59722
6.6486,0.58934
6.2812,0.60344
6.7661,0.58599
6.5445,0.59434
6.532,0.59561
6.4968,0.59722
6.6866,0.58975
