23.328,0.62846
23.366,0.62622
24.168,0.61114
23.153,0.6289
24.819,0.60204
23.108,0.63513
21.007,0.65603
24.489,0.61307
23.369,0.62595
23.652,0.62707
23.759,0.61836
22.667,0.63853
24.085,0.61824
23.71,0.62377
23.857,0.62132
24.801,0.60559
21.726,0.64263
21.353,0.64349
24.787,0.60363
25.917,0.58478
25.803,0.58756
24.594,0.60177
22.261,0.63116
24.075,0.61764
23.094,0.62024
22.524,0.63072
23.167,0.6179
23.196,0.61709
22.588,0.63173
23.931,0.61284
21.831,0.64234
22.695,0.62619
22.35,0.63696
23.749,0.62025
22.486,0.63295
24.262,0.61178
23.911,0.62358
24.419,0.61438
24.294,0.61442
24.387,0.61452
25.89,0.59027
24.815,0.6086
24.804,0.60368
23.998,0.61377
23.694,0.62318
23.948,0.62013
24.291,0.61275
24.628,0.61069
21.242,0.64615
23.379,0.62564
21.069,0.64847
21.246,0.64853
23.277,0.62251
10.82,0.86942
24.216,0.60958
23.903,0.61261
22.993,0.62809
23.389,0.62013
23.208,0.6238
23.689,0.61122
21.895,0.63676
20.935,0.65264
20.585,0.65521
20.521,0.65587
23.391,0.62316
22.562,0.62914
20.611,0.65519
22.335,0.63013
20.513,0.65197
19.25,0.67793
19.227,0.6742
20.015,0.66086
18.92,0.68072
20.314,0.65966
19.463,0.66505
21.674,0.63648
19.982,0.66213
19.697,0.66871
20.946,0.64902
22.171,0.62433
21.274,0.63851
22.162,0.62182
21.756,0.63119
21.335,0.63402
22.052,0.62956
21.831,0.63356
21.546,0.63359
20.443,0.65018
19.469,0.67028
20.193,0.65761
20.425,0.64845
20.389,0.64777
20.525,0.64047
18.717,0.67484
9.6827,0.87641
18.967,0.66178
19.495,0.66097
18.988,0.66846
19.225,0.66274
19.467,0.65118
19.93,0.63977
19.407,0.65133
19.296,0.65084
19.497,0.65148
18.915,0.6588
19.155,0.65224
18.612,0.66014
17.856,0.67606
18.506,0.66782
16.089,0.70685
16.992,0.68941
18.103,0.67119
17.866,0.67353
17.741,0.6758
17.41,0.6796
17.375,0.67657
16.969,0.68356
17.561,0.67296
16.655,0.68895
16.375,0.69258
15.259,0.70646
16.804,0.68137
17.088,0.67456
17.193,0.67047
16.939,0.67415
16.954,0.67117
16.214,0.68749
13.946,0.73174
3.2245,1.1384
15.294,0.6968
15.266,0.69749
13.782,0.72748
11.153,0.7882
7.2075,0.91594
13.451,0.73563
11.724,0.77054
6.5501,0.93663
11.918,0.75752
11.857,0.76812
11.719,0.76905
6.3227,0.94003
6.1811,0.94798
13.41,0.72828
15.495,0.68208
14.712,0.69732
14.399,0.70293
14.439,0.70027
14.606,0.69153
14.097,0.70459
14.127,0.70071
13.81,0.70889
14.11,0.6982
14.322,0.69336
14.247,0.69638
14.047,0.6966
12.31,0.73115
13.458,0.71038
13.09,0.71803
13.515,0.70401
13.42,0.70618
13.625,0.70125
11.306,0.74806
12.871,0.7166
12.476,0.72019
13.357,0.70138
1.27,1.3177
1.2812,1.3151
1.2862,1.3092
13.26,0.69986
11.694,0.73135
11.22,0.74166
11.637,0.73142
12.42,0.7135
11.45,0.73278
10.924,0.74302
10.687,0.7481
11.163,0.73443
12.577,0.70272
13.015,0.69292
11.907,0.71448
12.381,0.70547
12.891,0.6943
12.806,0.69463
12.493,0.70295
12.518,0.69956
12.681,0.69407
12.406,0.69899
12.456,0.69607
12.135,0.70337
12.279,0.69827
11.282,0.72129
11.885,0.70568
11.889,0.70481
11.489,0.71219
11.378,0.7144
11.506,0.70881
11.176,0.71954
10.788,0.72828
11.147,0.71729
10.836,0.72454
10.962,0.72276
10.505,0.73253
11.169,0.71569
10.839,0.72311
11.362,0.71187
11.549,0.70759
11.221,0.71087
10.404,0.73147
11.685,0.70228
10.797,0.72036
10.808,0.71922
11.013,0.71481
11.412,0.70663
10.719,0.72032
10.776,0.71788
10.761,0.71718
10.867,0.71537
10.633,0.72081
9.4345,0.74908
10.627,0.72013
10.543,0.72125
10.561,0.71995
10.797,0.71235
10.76,0.71408
11.005,0.70689
10.986,0.70701
10.592,0.71775
10.998,0.7061
10.903,0.71091
10.396,0.71985
10.357,0.7203
10.258,0.72322
10.174,0.72305
10.155,0.7261
10.358,0.72032
10.473,0.7156
10.819,0.70638
10.797,0.70727
10.963,0.70229
10.459,0.71494
11.084,0.70137
10.29,0.72004
10.978,0.70365
9.7554,0.73296
10.639,0.71027
10.566,0.71156
11.013,0.6978
2.2533,1.0947
10.52,0.7098
10.853,0.70083
10.977,0.69633
10.836,0.69966
9.2107,0.73777
9.7611,0.7242
9.6686,0.72706
10.465,0.70762
9.7158,0.72552
10.41,0.70635
9.8353,0.7181
10.621,0.7016
9.65,0.72341
10.137,0.71477
10.391,0.70863
10.55,0.70212
10.33,0.70991
10.179,0.71063
9.9379,0.71807
9.909,0.7173
9.9864,0.716
9.821,0.71981
10.093,0.71067
9.7214,0.72205
9.6801,0.72391
9.8922,0.71543
9.7254,0.72032
10.007,0.71224
10.383,0.70371
10.064,0.71379
9.9598,0.7151
10.205,0.7086
9.8236,0.71807
9.7941,0.71733
9.8835,0.71465
10.27,0.7066
9.8418,0.7162
9.6693,0.72133
9.8772,0.7146
9.8732,0.71474
9.8551,0.71756
10.031,0.71286
10.446,0.70027
9.847,0.71625
9.8385,0.71669
10.284,0.70441
9.7902,0.71567
9.797,0.71644
9.0498,0.73206
10.106,0.70542
10.288,0.70068
9.9526,0.71082
9.8342,0.7141
10.025,0.70914
9.4905,0.72147
9.3653,0.72388
9.4293,0.72158
9.6151,0.71871
9.1655,0.72882
9.9067,0.70922
9.6204,0.71598
9.7392,0.71167
2.046,1.0967
9.8619,0.71116
9.6902,0.71565
9.2754,0.72657
9.9941,0.70726
9.4406,0.72063
9.8396,0.71219
9.5182,0.71656
9.8467,0.70988
10.109,0.70231
10.075,0.70291
9.8724,0.70818
10.073,0.70264
10.039,0.70181
8.3932,0.74288
8.4663,0.74222
8.4575,0.74218
8.0295,0.75433
7.8567,0.75962
9.9128,0.70436
8.7184,0.7354
7.802,0.76125
8.521,0.73925
8.6678,0.7378
8.8082,0.73243
9.9294,0.70492
9.3717,0.72111
9.24,0.72414
7.8692,0.75984
9.4075,0.71917
7.9161,0.75852
7.8115,0.76158
8.2009,0.7494
9.3906,0.71695
8.6879,0.73691
8.1852,0.74934
8.1731,0.74979
7.9344,0.75689
9.3796,0.71765
9.2987,0.72002
9.4282,0.7159
9.3781,0.7167
9.4809,0.71476
9.3616,0.71916
9.4538,0.71716
9.5696,0.71313
9.3814,0.71686
8.8927,0.72948
8.9809,0.72769
9.6123,0.71169
9.2019,0.72133
9.2879,0.71878
9.3071,0.71777
9.2516,0.71987
9.2491,0.71875
9.59,0.70881
9.0462,0.72214
9.4495,0.71204
2.9894,0.99496
4.5027,0.89765
9.6402,0.70478
9.4957,0.70932
9.0463,0.72161
8.8984,0.72583
8.9789,0.72427
9.0475,0.72171
8.9589,0.72467
8.5526,0.73497
8.4425,0.73825
8.7302,0.72757
8.9553,0.72589
8.4785,0.73685
8.4577,0.73789
9.2279,0.71767
9.0244,0.72342
9.0694,0.72264
8.8837,0.72699
7.7082,0.75933
9.2521,0.71684
9.2506,0.71676
7.7182,0.7583
7.7773,0.75558
8.4612,0.73799
8.7092,0.73224
8.6794,0.73296
8.907,0.7242
8.6018,0.73222
8.5332,0.73467
8.6439,0.73119
8.4159,0.73865
8.5104,0.73677
8.539,0.7346
7.5427,0.76517
8.6903,0.73223
8.7712,0.72953
7.5837,0.76312
7.5788,0.76341
8.5406,0.73447
9.3454,0.71501
8.7717,0.72717
8.342,0.73987
8.9937,0.7212
8.9993,0.72121
9.9328,0.69747
8.6998,0.72926
8.6808,0.72857
9.8151,0.69986
8.4665,0.73453
9.456,0.70888
8.9412,0.72092
9.2925,0.71128
8.6116,0.72779
8.9993,0.71972
9.252,0.71313
9.1679,0.71379
8.9008,0.72337
8.4097,0.73395
9.4661,0.70712
8.304,0.73812
8.2906,0.73891
9.3554,0.71103
8.9977,0.72191
9.6022,0.70629
9.292,0.71486
8.9765,0.72205
8.911,0.72471
9.4177,0.71029
8.9529,0.72239
9.3896,0.71073
7.6,0.75976
8.8483,0.72568
8.8501,0.72531
9.1995,0.71747
8.8552,0.72547
9.1084,0.71794
8.3168,0.73848
9.1826,0.71607
9.1035,0.71717
9.1075,0.71668
8.5976,0.7316
7.6678,0.75829
9.265,0.7131
8.9474,0.72314
9.1353,0.717
8.1317,0.7442
9.5922,0.70325
9.1423,0.71725
8.9746,0.72034
8.8652,0.72253
8.5392,0.73227
8.7971,0.72545
8.5565,0.73119
8.927,0.722
8.5128,0.73305
8.8561,0.72375
8.9607,0.72052
9.4279,0.70657
8.6959,0.7281
9.0749,0.71549
9.2749,0.70945
9.1797,0.7131
9.0212,0.71551
8.9263,0.71888
7.9835,0.74569
8.9954,0.71519
7.7273,0.75071
8.9079,0.71866
7.7192,0.75107
8.8905,0.71915
9.0518,0.71517
8.8883,0.72046
8.8776,0.72057
8.9917,0.71752
7.7844,0.74949
9.4405,0.70641
7.7256,0.75268
7.5287,0.7591
7.2985,0.76694
8.6386,0.72708
8.8167,0.72264
8.5144,0.73039
7.4408,0.76252
9.1088,0.71246
8.4646,0.73107
8.4255,0.73268
7.6277,0.75458
9.2765,0.70994
9.4249,0.70565
7.5275,0.7591
7.5647,0.75713
8.8533,0.72319
8.1611,0.74061
8.1367,0.7423
7.4506,0.76048
8.7002,0.72622
8.4419,0.73406
8.7181,0.72585
7.2356,0.77043
7.5518,0.75936
8.7561,0.7257
7.5109,0.76099
7.2906,0.76851
7.5515,0.75905
7.4796,0.76083
7.24,0.76936
7.3054,0.76629
9.2918,0.71097
8.7806,0.72085
9.0122,0.71528
8.659,0.72507
7.4079,0.75996
8.1732,0.73859
7.7212,0.74979
7.7484,0.75
7.3219,0.766
8.2936,0.73561
7.6788,0.75215
7.4577,0.75869
8.6651,0.72569
8.7189,0.72361
8.8058,0.7212
8.4882,0.73036
8.6714,0.72496
8.2672,0.73772
8.7524,0.72407
8.4365,0.73233
8.9224,0.71771
8.6819,0.72335
8.6429,0.72482
7.1856,0.76864
7.3923,0.76153
7.3257,0.76342
7.997,0.74371
7.9243,0.74625
8.8455,0.72018
8.1575,0.73823
8.2513,0.73731
8.4961,0.72924
8.0169,0.7421
8.1917,0.73571
8.2101,0.73555
8.2374,0.73512
9.1458,0.71219
7.2853,0.76535
7.3416,0.76318
7.3873,0.76019
7.3505,0.76106
8.647,0.72397
9.1692,0.71231
8.091,0.74057
8.0655,0.74085
8.0601,0.74128
8.167,0.7366
8.6497,0.72431
9.5113,0.70193
9.42,0.70462
9.2379,0.71016
9.3775,0.70523
9.4814,0.70142
7.2005,0.76575
8.6872,0.72054
8.8157,0.71878
8.5375,0.72584
8.5808,0.72436
8.7748,0.71922
8.6631,0.72158
8.6109,0.72437
7.5747,0.75254
8.671,0.72362
7.36,0.7604
8.9693,0.71471
8.3399,0.73277
8.6163,0.72604
8.3508,0.73297
9.1872,0.70974
7.3183,0.76157
8.65,0.72671
7.4251,0.75868
8.9846,0.71357
8.782,0.71986
8.4969,0.7283
8.5758,0.72507
8.5936,0.72476
8.6253,0.72388
8.5899,0.72139
8.625,0.72466
8.6767,0.72213
8.7822,0.71884
8.6605,0.72187
8.8892,0.71527
7.3207,0.7607
7.33,0.76044
7.0992,0.7688
7.3832,0.75893
9.4095,0.70309
7.3836,0.75988
9.2894,0.70626
7.1786,0.76625
8.8918,0.71599
7.3576,0.76095
9.0314,0.71309
7.3523,0.76032
9.3966,0.70384
9.4097,0.70363
9.2576,0.70797
9.0266,0.71456
9.364,0.7049
9.3192,0.706
8.7481,0.7199
9.4192,0.70285
9.2867,0.70736
8.6474,0.72355
8.4433,0.72901
8.6584,0.72245
8.5975,0.7251
4.0952,0.90787
7.5059,0.75582
8.5097,0.72869
7.1055,0.7701
8.2487,0.73581
8.6177,0.72437
7.2373,0.76342
7.2409,0.76335
7.3258,0.7611
7.1411,0.76788
7.9005,0.74355
9.2339,0.7066
9.0077,0.71095
7.3882,0.75835
7.2664,0.75934
7.3628,0.7576
8.8917,0.7149
9.1686,0.70894
7.493,0.75292
8.7266,0.72008
8.9938,0.71346
8.8434,0.71705
8.8459,0.71896
8.6644,0.72084
8.6145,0.72316
8.5859,0.72447
8.7439,0.71871
8.962,0.71484
8.8236,0.71614
8.8297,0.71976
8.5716,0.72512
9.0175,0.71366
8.635,0.72145
8.5166,0.72645
8.5765,0.72372
9.2255,0.70811
8.3583,0.72984
8.5907,0.72411
8.3773,0.73008
8.3661,0.73069
8.6271,0.72641
8.4291,0.72778
8.2527,0.73502
8.5017,0.7266
8.625,0.72456
8.4618,0.73031
9.163,0.71068
7.3145,0.76073
8.6833,0.7226
8.6408,0.72331
8.2936,0.73281
8.6296,0.72305
7.4487,0.7557
8.9953,0.71177
8.7273,0.71918
9.0856,0.71244
8.5669,0.72444
8.9901,0.71371
8.9114,0.7158
8.8465,0.71489
9.1075,0.71042
8.6468,0.72189
8.706,0.71964
8.6983,0.72068
8.6973,0.72097
8.5804,0.72458
8.5807,0.72518
8.7098,0.72222
8.646,0.72296
8.5466,0.72602
8.702,0.72432
8.8194,0.71539
8.6789,0.7217
8.8734,0.71594
7.2892,0.76185
8.6049,0.72273
8.7063,0.72021
8.7521,0.71881
8.5713,0.72184
8.6691,0.72099
8.6507,0.72054
8.5713,0.7219
8.7167,0.71633
8.9387,0.71541
8.7309,0.72251
7.6858,0.7483
7.1875,0.76367
8.7302,0.72082
8.9517,0.71444
8.4176,0.72744
8.2723,0.7323
8.6436,0.72147
8.48,0.72569
8.6268,0.72248
8.8224,0.71695
8.9734,0.7116
8.5461,0.72553
7.2693,0.76217
8.8107,0.71721
7.5083,0.75326
8.7577,0.71875
8.4859,0.72592
8.5462,0.72473
8.7537,0.7189
8.4598,0.727
8.5651,0.72435
8.6133,0.72272
8.4379,0.72941
8.6862,0.72147
8.898,0.71451
8.7305,0.71963
9.1461,0.70901
8.4882,0.72582
8.5884,0.72293
7.6074,0.75088
8.929,0.71457
8.793,0.71673
9.0582,0.71059
8.2892,0.72994
9.0074,0.71267
8.5634,0.72362
8.7486,0.71874
8.5417,0.7248
9.0052,0.71269
8.3922,0.73016
8.4613,0.72631
8.4723,0.72712
7.629,0.74977
8.4796,0.72568
8.433,0.72722
8.4958,0.72477
9.5418,0.6968
7.4726,0.7541
7.2157,0.7631
8.5326,0.72603
8.3666,0.72942
8.4704,0.72506
8.3593,0.72843
7.4115,0.75518
8.439,0.72529
7.4031,0.7552
8.2157,0.73243
7.4097,0.7556
7.1475,0.76426
7.2643,0.76047
7.1648,0.76397
8.8927,0.71396
7.0723,0.76651
8.6051,0.72121
8.7814,0.71605
8.6735,0.71973
8.6545,0.72014
8.7059,0.72159
8.5823,0.72602
8.6081,0.72478
8.6216,0.72154
8.5177,0.72528
8.497,0.72604
8.7059,0.71945
8.5254,0.72479
9.0692,0.71095
8.5879,0.72237
8.3671,0.72922
8.5154,0.72504
8.4529,0.7257
8.1873,0.73493
8.3266,0.73125
9.0167,0.71201
8.8886,0.71556
9.3097,0.70237
9.1874,0.70666
8.7969,0.71608
8.6279,0.72035
9.1444,0.7066
8.7819,0.71752
8.6213,0.72087
2.9461,0.98113
9.216,0.7055
8.8427,0.71354
9.3142,0.70229
6.9359,0.76964
8.7525,0.71781
8.7718,0.71709
8.4454,0.72655
8.693,0.71966
8.3853,0.72998
8.8408,0.71658
8.7537,0.72069
8.9639,0.7132
8.7048,0.72144
7.2972,0.76059
9.0231,0.71104
7.1054,0.76398
9.3092,0.70158
9.419,0.69863
9.1957,0.7057
8.7734,0.71581
7.6337,0.74828
8.5632,0.72353
7.579,0.75036
7.1793,0.76108
7.1773,0.76373
8.8275,0.7146
7.422,0.75626
7.3388,0.75874
7.4298,0.75626
8.7775,0.71599
9.2256,0.70566
8.3644,0.72781
8.3395,0.72696
8.4317,0.72701
9.2708,0.70336
7.4997,0.75198
8.6186,0.71998
9.2991,0.70186
9.4799,0.69803
8.0287,0.73699
9.1168,0.70771
9.0891,0.70746
8.8866,0.71447
8.8592,0.71636
8.4079,0.72806
9.0793,0.71026
7.1179,0.76483
9.1315,0.70897
9.0581,0.70932
0.85743,1.2636
8.6038,0.72231
7.0501,0.76796
8.5403,0.72227
7.2097,0.75998
7.9297,0.73923
7.6666,0.74833
8.475,0.72412
8.4191,0.72594
8.9285,0.71231
7.9294,0.73917
7.1763,0.76186
8.5389,0.72134
9.0123,0.71024
9.0315,0.71021
8.6755,0.7184
8.7747,0.7149
8.7048,0.71731
8.4191,0.72762
8.5652,0.72264
8.4844,0.72555
8.6584,0.71937
8.5941,0.72149
8.5148,0.72411
8.4563,0.7257
8.2279,0.73127
7.9258,0.74104
8.0084,0.73455
7.8291,0.74088
8.842,0.7143
7.6904,0.74559
7.6946,0.74519
8.2472,0.72894
7.7853,0.74139
7.8465,0.73955
7.9666,0.73678
8.8735,0.7142
8.7031,0.71752
7.2913,0.75955
8.3656,0.72945
8.4868,0.72608
7.308,0.75947
7.3261,0.75866
7.9842,0.73845
7.2959,0.75946
8.143,0.7331
7.4258,0.75357
8.7074,0.71796
7.969,0.73836
7.7398,0.74357
7.7115,0.74705
2.2804,1.0402
7.62,0.7482
7.1599,0.76389
1.5221,1.1339
9.0534,0.71027
8.057,0.73762
7.5242,0.75102
7.827,0.74314
7.8702,0.74102
8.0536,0.73528
7.1986,0.75976
8.9364,0.71192
7.3713,0.75427
7.2711,0.75627
7.0091,0.76623
8.5292,0.7224
8.9622,0.71043
8.8769,0.71464
8.9027,0.71262
8.8587,0.71406
8.4195,0.72645
8.5658,0.72133
7.614,0.74897
8.3381,0.72839
7.5715,0.75085
7.6149,0.74948
7.1917,0.76095
7.5005,0.75334
8.235,0.73168
7.574,0.75093
7.0807,0.76608
7.1045,0.76524
8.6282,0.72196
7.2636,0.75991
9.1966,0.70496
9.0949,0.70841
8.7019,0.71892
8.9159,0.71222
8.8767,0.71197
8.4143,0.72487
8.768,0.71511
8.7565,0.71456
9.0437,0.70735
8.9663,0.71126
7.3498,0.75674
8.2724,0.73055
7.3725,0.75669
8.6078,0.72125
8.5419,0.72211
2.4362,1.0253
8.2185,0.73455
8.7109,0.71922
8.7345,0.71795
8.5594,0.72091
7.6078,0.74742
8.6259,0.71809
2.1667,1.0494
2.553,1.0152
7.8046,0.74006
8.7251,0.71521
8.7711,0.71426
8.6126,0.72128
8.5444,0.72204
8.5207,0.72383
8.8879,0.71168
8.8568,0.71299
8.6426,0.71879
8.8813,0.71205
8.503,0.72443
8.6845,0.71764
9.0552,0.70909
0.94816,1.2366
9.0286,0.7094
0.96339,1.2331
8.6352,0.71682
9.107,0.70681
8.1964,0.73192
8.7096,0.71741
7.3324,0.7568
9.1139,0.70641
8.7736,0.71458
7.53,0.75053
8.6403,0.72111
8.5579,0.72368
9.1218,0.70625
8.778,0.71858
7.709,0.74419
8.0503,0.73645
7.674,0.74556
8.4849,0.72649
8.7699,0.71506
8.0424,0.73647
7.696,0.74482
7.5736,0.74852
8.4243,0.72671
8.1951,0.7327
4.1639,0.89863
8.9984,0.70881
8.2559,0.73161
8.395,0.72543
8.7567,0.71619
8.3389,0.72805
8.4043,0.72585
8.7522,0.71668
8.7469,0.71667
8.866,0.71304
8.7439,0.71601
7.3834,0.7547
7.3589,0.75566
8.6306,0.71954
8.8253,0.71362
4.4562,0.88174
8.524,0.72319
4.3489,0.88887
8.8153,0.71349
8.8468,0.71244
8.5183,0.72211
8.8901,0.71285
8.1244,0.73518
8.3289,0.72729
7.3741,0.75602
8.8776,0.7135
9.0638,0.70736
8.8606,0.71407
8.8,0.71611
8.2545,0.7295
8.387,0.72436
8.8699,0.71338
8.772,0.71647
6.9905,0.76744
8.1569,0.73116
7.3137,0.75703
9.0518,0.70692
7.3866,0.75544
7.4021,0.75375
7.3649,0.75446
9.2306,0.70267
8.4238,0.72652
7.3508,0.75533
7.5072,0.74956
8.8855,0.71342
8.4202,0.72672
8.9137,0.71121
9.1287,0.70504
9.0687,0.7077
9.0983,0.70681
8.5738,0.71965
9.1829,0.70404
4.0794,0.89946
7.6417,0.74531
8.5084,0.7216
8.813,0.71453
9.2939,0.70097
8.093,0.73314
6.87,0.77117
7.5283,0.75018
7.3482,0.75649
8.7207,0.7182
7.3335,0.75622
6.9866,0.76832
8.5172,0.7221
7.1205,0.76284
7.24,0.75729
7.3548,0.75552
8.424,0.72423
9.2435,0.70144
8.3165,0.72942
8.5776,0.72294
8.2962,0.7292
8.58,0.72171
8.4155,0.72677
8.7597,0.71502
8.408,0.7271
8.2751,0.73039
8.5481,0.72264
8.2061,0.73258
8.5139,0.72468
8.3818,0.72756
8.8307,0.71213
7.3772,0.75542
8.9122,0.71149
9.2489,0.70128
8.6143,0.72019
8.6906,0.71708
8.5888,0.72216
8.42,0.72462
8.5361,0.72207
7.4533,0.7521
8.1631,0.72875
8.4856,0.72333
9.3322,0.69875
9.2198,0.70131
1.8944,1.0793
2.1478,1.0502
7.249,0.75649
8.9284,0.71059
7.7377,0.74222
7.2386,0.75664
7.1582,0.76166
7.4891,0.7507
7.6606,0.74595
9.0562,0.7074
7.4688,0.75157
7.5426,0.74923
8.9642,0.70981
8.1697,0.73089
8.7228,0.71624
8.8966,0.71251
8.6707,0.71964
8.8677,0.71353
9.1279,0.70453
8.8148,0.71485
8.5518,0.7234
8.8552,0.71216
8.8085,0.71421
8.706,0.71767
8.9479,0.71083
8.922,0.7106
6.9307,0.77004
7.1015,0.76281
9.0407,0.70795
8.979,0.70927
8.9149,0.71098
8.722,0.71761
9.0901,0.70621
9.1057,0.70656
8.5683,0.72137
8.887,0.7129
6.9265,0.77012
8.7935,0.71717
8.5037,0.72522
8.5014,0.7244
8.6592,0.7174
7.064,0.76481
8.352,0.72911
8.4282,0.72587
8.8843,0.71241
8.3879,0.72479
8.1774,0.73172
8.0644,0.73586
6.9804,0.76939
7.958,0.74071
7.8587,0.74299
8.2347,0.73025
8.7121,0.71852
7.9959,0.73826
8.2738,0.72812
8.2579,0.72878
8.2271,0.73028
7.2968,0.75808
7.2412,0.757
7.2807,0.75633
8.9097,0.71085
9.0289,0.70596
8.7324,0.71719
8.9012,0.71017
8.9005,0.71008
8.3682,0.72465
9.0103,0.70864
8.8643,0.712
8.8417,0.71252
9.0052,0.70973
8.8107,0.71302
9.3736,0.69915
9.6906,0.68923
9.4668,0.69597
9.2846,0.70117
9.1063,0.7066
9.3027,0.70035
9.1047,0.70641
9.3557,0.69895
9.1412,0.70586
7.5869,0.74896
9.2249,0.70292
7.6686,0.74592
8.3723,0.72581
7.7201,0.74376
7.6473,0.7463
7.5274,0.75004
7.5361,0.74933
7.7625,0.7404
7.5429,0.7491
7.6344,0.7469
8.3187,0.72684
7.7419,0.74119
7.1015,0.75994
8.6905,0.72139
8.6629,0.72103
8.9142,0.71264
8.7314,0.71896
8.6104,0.72234
8.6611,0.71939
8.9111,0.71361
8.6138,0.72217
8.7769,0.7167
8.4195,0.724
8.6164,0.72043
7.0428,0.76484
8.3073,0.7285
6.9665,0.76783
6.9872,0.76575
7.0646,0.76359
6.9145,0.77034
7.2286,0.75932
7.1928,0.75989
7.0265,0.76541
7.2521,0.75876
7.9299,0.7398
7.2812,0.75808
8.2745,0.73017
7.3084,0.75613
8.3838,0.72708
7.4357,0.75371
9.245,0.70168
8.7816,0.71417
8.2282,0.72942
8.7506,0.71428
8.5975,0.71832
8.1929,0.73027
8.7064,0.71489
7.1349,0.76138
8.4877,0.72148
8.616,0.71969
8.7478,0.71525
8.9306,0.70955
7.2663,0.75774
8.7463,0.71547
8.9386,0.70894
8.5522,0.72182
7.2165,0.75948
7.2936,0.75574
8.7497,0.71463
1.9375,1.0737
7.2544,0.75736
8.5141,0.72124
8.7002,0.71627
8.27,0.72723
8.9167,0.70868
8.3328,0.72405
8.2237,0.72688
9.2193,0.70026
8.531,0.71997
8.6841,0.71701
7.5197,0.74792
7.3523,0.75401
7.4028,0.75235
8.8735,0.71105
8.6408,0.71822
8.658,0.71709
8.7618,0.71316
8.8081,0.71061
8.7306,0.71281
8.5746,0.71937
8.6405,0.71677
7.2279,0.75674
8.5116,0.71937
8.7367,0.71174
8.5403,0.71802
8.4157,0.72068
7.4392,0.74614
6.9398,0.76107
7.0146,0.7582
6.6823,0.77227
7.055,0.75899
6.8045,0.76551
8.7793,0.70942
7.1095,0.75393
7.2651,0.75171
8.0738,0.72498
7.1545,0.75432
8.8616,0.70561
8.4242,0.71679
8.4317,0.71825
8.5499,0.71539
8.8242,0.70578
7.1609,0.7533
8.768,0.70635
8.5831,0.71237
7.7339,0.73416
8.627,0.70875
7.2059,0.74872
7.6248,0.73582
8.696,0.70533
8.8709,0.70062
8.765,0.70216
8.6973,0.70654
8.2349,0.71568
6.769,0.76124
8.5141,0.71016
8.2396,0.71633
8.4938,0.70923
6.9519,0.75243
8.5118,0.70912
6.8161,0.7568
8.1166,0.71874
8.3636,0.71061
8.7531,0.69916
8.7003,0.70022
8.7197,0.69899
8.7304,0.698
8.7446,0.69814
8.5304,0.70309
8.3714,0.70793
8.7821,0.69466
8.4734,0.70379
8.2995,0.7087
6.7364,0.75434
6.4508,0.76378
6.5039,0.76191
6.6121,0.75635
6.7762,0.7507
8.4785,0.69973
6.5373,0.7563
6.6118,0.75341
7.7172,0.71987
8.03,0.71074
7.3583,0.72985
8.2071,0.70524
7.694,0.71793
7.6116,0.72016
6.5584,0.75277
7.488,0.72267
7.7758,0.71325
6.597,0.7483
7.666,0.71468
7.6682,0.71333
7.588,0.71527
7.6666,0.71261
7.0525,0.73071
6.7493,0.73918
8.0791,0.7014
8.1674,0.69718
7.9823,0.70198
8.0758,0.69891
8.1688,0.69425
8.1005,0.69614
7.9683,0.69956
2.3634,0.97593
8.0881,0.69253
7.9066,0.69862
7.8945,0.69855
7.8639,0.69797
7.6001,0.70545
7.8749,0.69694
7.5292,0.70676
7.7203,0.70058
7.4531,0.70778
7.7243,0.69882
7.5315,0.70497
7.5517,0.70301
7.2188,0.71273
7.1928,0.71205
7.3864,0.70632
7.2146,0.71054
7.1746,0.71252
5.8004,0.75578
7.4754,0.70023
7.2742,0.70458
6.9433,0.71752
2.5986,0.93848
7.091,0.70892
6.0536,0.74054
5.7454,0.75253
7.1551,0.70733
7.0927,0.70819
6.7716,0.716
7.6505,0.68809
7.567,0.68915
7.4606,0.69101
5.8983,0.73888
7.6576,0.68199
6.9886,0.70217
7.5191,0.68495
7.5646,0.68239
5.8594,0.73582
1.921,0.9869
7.1845,0.69307
6.4952,0.71477
6.5954,0.71
6.5521,0.71178
6.5652,0.71228
6.8024,0.70169
6.3792,0.71497
6.6708,0.70578
6.3875,0.7128
6.0611,0.72514
5.348,0.75131
6.0673,0.7265
6.7082,0.70346
3.5905,0.84516
6.9906,0.69134
6.5981,0.70305
6.6223,0.70106
6.8478,0.69437
6.5712,0.70394
6.5124,0.70506
6.1763,0.71605
6.5767,0.69938
6.5612,0.69951
6.3916,0.70458
6.2799,0.7074
6.4517,0.70152
6.3101,0.70507
6.3201,0.70392
6.1462,0.70975
6.2347,0.70602
6.3791,0.69916
6.2237,0.70472
6.1876,0.70558
6.2955,0.70135
6.2224,0.70384
6.3861,0.69574
6.1935,0.7033
6.2561,0.70002
6.2555,0.69756
6.4693,0.68931
6.516,0.68687
5.9973,0.70525
6.2967,0.69366
6.2807,0.69351
6.3287,0.68938
5.8865,0.70576
5.4141,0.72528
5.6647,0.71427
5.6419,0.71416
5.7589,0.70918
5.582,0.71419
5.7795,0.70548
5.5634,0.71498
5.6466,0.70928
4.3089,0.76668
4.1815,0.77412
5.1698,0.72883
4.1515,0.77297
4.9315,0.73427
4.9372,0.73302
5.1068,0.72312
5.1163,0.7239
5.0346,0.72278
5.0476,0.7213
5.2322,0.71241
5.2427,0.71186
5.0379,0.71964
5.2285,0.71299
3.9427,0.77384
4.2519,0.75624
3.9812,0.7691
3.9989,0.76769
3.9127,0.77186
3.9139,0.77149
4.929,0.72311
4.5265,0.74052
4.5307,0.73915
5.0466,0.71582
1.8588,0.93389
4.8526,0.72389
4.923,0.72013
4.7334,0.7286
4.5966,0.73516
4.8037,0.72491
4.7825,0.72606
4.6478,0.73256
4.8781,0.72368
4.9124,0.72198
4.8864,0.72177
4.9281,0.71928
4.7587,0.72789
4.7834,0.72586
4.909,0.7186
4.8466,0.72341
4.7224,0.72937
4.8416,0.72455
4.7028,0.73113
4.6053,0.73475
4.8127,0.72562
4.3607,0.74598
4.7456,0.72745
4.4083,0.74417
4.6773,0.7314
3.4113,0.79893
4.3517,0.74786
4.4049,0.74383
4.4835,0.73699
4.3241,0.74776
4.6336,0.73007
4.5223,0.73552
4.1118,0.75647
4.1166,0.75657
4.1573,0.75419
3.9994,0.76279
4.2419,0.74777
3.9243,0.76703
4.0385,0.76
3.8572,0.77016
4.2345,0.74867
3.5105,0.79131
3.7022,0.77704
3.4387,0.79607
4.1093,0.75215
3.4325,0.79078
3.6843,0.78239
3.9297,0.76584
3.4816,0.79517
3.436,0.8013
2.9157,0.84678
2.6809,0.86525
2.7789,0.84971
2.6594,0.85916
2.9738,0.82937
2.1221,0.90561
3.0911,0.82079
2.694,0.85111
2.4683,0.86986
2.2481,0.89018
2.1078,0.90532
2.1366,0.90149
2.9261,0.83062
2.2179,0.89358
2.076,0.91078
2.0218,0.91365
2.2027,0.89452
2.1867,0.89288
2.1486,0.89561
2.74,0.84403
2.3572,0.87731
2.4078,0.87176
2.5438,0.85658
2.5955,0.85147
2.7116,0.84365
2.653,0.84966
2.6921,0.84419
2.7368,0.83648
2.6732,0.84265
2.6799,0.84065
0.88877,1.0826
0.85229,1.0874
0.6244,1.1652
0.86079,1.0917
2.5993,0.84379
2.5192,0.85029
2.431,0.85893
2.4356,0.85908
2.4757,0.85424
2.4038,0.86072
2.1994,0.87748
2.4146,0.85788
2.5319,0.84555
2.6258,0.83564
2.0519,0.89034
2.4785,0.84944
1.7112,0.93123
1.7452,0.92508
2.1824,0.87433
2.067,0.88332
2.0328,0.88656
2.5481,0.83728
2.1992,0.86931
1.947,0.89655
2.0313,0.88961
1.9131,0.90284
0.83696,1.0853
2.3576,0.85262
0.65435,1.1381
2.4188,0.84761
0.80001,1.0944
2.2684,0.86312
2.2694,0.86241
1.6352,0.93518
2.124,0.87762
2.0678,0.88381
2.278,0.85834
1.674,0.92626
1.8324,0.90602
1.7159,0.91658
2.0453,0.87701
1.8273,0.90045
1.9103,0.8917
1.6282,0.92545
1.6444,0.92232
1.7959,0.90307
1.7517,0.90841
2.3054,0.8476
1.8984,0.89532
1.8939,0.89157
1.6025,0.92868
1.6857,0.91666
1.7756,0.90455
2.0227,0.87348
1.6983,0.9096
2.0639,0.8661
2.1078,0.86353
2.5623,0.81673
1.6223,0.92011
1.9824,0.87375
2.1282,0.85737
2.2593,0.83991
2.16,0.8522
1.9694,0.87195
1.9087,0.88014
1.7871,0.89607
2.0755,0.86194
2.1198,0.85796
2.085,0.85877
1.8909,0.88125
2.2061,0.84567
2.0685,0.86145
2.0612,0.86071
2.0443,0.86177
1.6136,0.91258
1.9559,0.87148
2.0215,0.86265
1.7097,0.8982
1.4928,0.92724
1.5622,0.9197
1.406,0.94148
1.5876,0.91395
1.6439,0.90506
1.6592,0.90402
1.8919,0.87667
1.9773,0.86674
1.4228,0.93777
1.3234,0.95363
1.5975,0.91363
1.5865,0.913
1.9025,0.87361
1.8119,0.88598
1.5805,0.91364
1.5889,0.91301
2.0235,0.85535
1.7074,0.89432
1.7307,0.8918
1.7502,0.88841
2.0733,0.85033
2.0664,0.85086
1.78,0.88644
1.9166,0.8698
1.8203,0.88086
2.0531,0.85198
1.8748,0.87308
1.8919,0.87244
1.8557,0.87697
1.8831,0.87244
1.5632,0.91256
1.7609,0.886
1.8127,0.8783
1.8281,0.87899
1.9571,0.86076
1.6895,0.89561
1.7758,0.88538
1.807,0.88119
1.8308,0.87705
1.9535,0.86131
1.6924,0.89559
1.8336,0.87658
1.9677,0.85983
1.8966,0.86709
1.8772,0.86841
1.8211,0.87673
1.8905,0.86884
1.8646,0.87241
1.9757,0.85714
1.861,0.87186
1.8357,0.87362
1.7333,0.88811
1.9122,0.86502
1.6683,0.89577
1.7777,0.87946
1.1828,0.96882
1.7641,0.88298
0.64292,1.1019
1.8326,0.87124
1.6579,0.89449
1.6127,0.90149
1.8636,0.86832
1.6808,0.89208
1.7638,0.88214
1.7143,0.88817
1.8062,0.87547
1.8577,0.86922
1.8537,0.86954
1.867,0.86875
1.8501,0.87001
1.7134,0.88873
1.7539,0.8815
1.8089,0.87539
1.9209,0.86009
1.8485,0.86922
1.8545,0.86785
1.9509,0.85463
1.877,0.86339
1.6559,0.89505
1.8344,0.86861
1.6836,0.88973
1.7878,0.87417
1.7983,0.87317
1.7534,0.87966
1.7397,0.8817
1.7855,0.87552
1.7986,0.87335
1.8461,0.8665
1.8152,0.87055
1.7956,0.87351
1.586,0.90191
1.5783,0.90298
1.727,0.88088
1.7553,0.87641
1.7093,0.8831
1.6536,0.89193
1.6913,0.88609
1.6752,0.88758
1.7218,0.88023
1.6324,0.89322
1.6586,0.89033
1.5821,0.90158
1.6588,0.89026
1.5998,0.89954
1.6365,0.89387
1.6342,0.89464
1.7242,0.87971
1.6916,0.88479
1.6338,0.89362
1.5219,0.91157
1.629,0.89374
1.5704,0.90281
1.5944,0.89824
1.5394,0.9068
1.7627,0.87396
1.8159,0.86555
1.7684,0.87282
1.6946,0.88355
1.6245,0.89348
1.5597,0.90379
1.7062,0.88165
1.5949,0.89813
1.6877,0.88451
1.6398,0.89193
1.7139,0.88039
1.6857,0.88252
1.8424,0.86255
1.7746,0.87023
1.7065,0.87993
1.6894,0.88298
1.7648,0.87148
1.8021,0.86643
1.7813,0.86866
1.7328,0.87552
1.6613,0.88625
1.6916,0.88122
1.7389,0.87428
1.6995,0.88038
1.5782,0.89836
1.523,0.90801
1.547,0.90336
1.6721,0.88425
1.6751,0.88337
1.6367,0.88893
1.6032,0.89455
1.6852,0.88129
1.6808,0.88156
1.5918,0.89552
1.6513,0.88637
1.6815,0.88181
1.7317,0.87439
1.8193,0.86192
1.774,0.86787
1.752,0.87372
1.6945,0.88179
1.7808,0.86968
1.8454,0.86033
1.7332,0.87554
1.792,0.86694
1.6398,0.88711
1.8171,0.86332
1.7735,0.86945
1.5906,0.89568
1.6514,0.88454
1.5599,0.89598
1.7766,0.86591
1.7212,0.87348
1.7625,0.86739
1.6757,0.88091
1.6796,0.87961
1.7241,0.87268
1.7173,0.87421
1.6655,0.88194
1.7073,0.87516
1.521,0.90362
1.5113,0.90515
1.6823,0.87724
0.34124,1.224
1.602,0.89097
1.6155,0.88746
1.6695,0.88173
1.6817,0.87748
1.642,0.88356
1.682,0.87816
1.7027,0.87438
1.7129,0.87234
1.7294,0.8715
1.6657,0.88116
1.6747,0.8802
1.759,0.86758
1.5259,0.90393
1.5991,0.89204
1.5668,0.89504
1.6442,0.88447
1.655,0.88272
1.6781,0.87888
1.7115,0.87275
1.699,0.87454
1.6233,0.88704
1.6424,0.8826
1.6435,0.88334
1.7036,0.87422
1.6939,0.87592
1.6768,0.87887
1.6957,0.87589
1.6944,0.87713
1.7563,0.86719
1.593,0.89047
1.6654,0.87886
1.6142,0.88656
1.4226,0.91411
1.4345,0.91268
1.6687,0.87867
1.6522,0.88056
1.6719,0.87685
1.6303,0.88333
1.6546,0.8801
1.6078,0.88613
1.8258,0.85624
1.6307,0.88377
1.7261,0.87039
1.6747,0.8779
1.6131,0.8872
1.644,0.8811
1.7342,0.86739
1.8071,0.85736
1.7049,0.87097
1.6556,0.87963
1.623,0.88447
1.6573,0.87848
1.603,0.88652
1.5689,0.89189
1.6771,0.87632
1.6304,0.88244
1.6238,0.88502
1.4225,0.91331
0.19579,1.3346
1.6891,0.87309
1.5638,0.89304
1.6066,0.88633
1.5599,0.89307
0.28993,1.2551
0.28678,1.2577
1.596,0.88748
1.6112,0.88501
1.5944,0.88747
1.6447,0.87986
1.5412,0.89603
1.6078,0.88539
1.4964,0.9039
1.4547,0.91089
1.5981,0.88819
1.5049,0.90199
1.579,0.89051
1.54,0.89601
1.5893,0.88819
1.6203,0.88257
1.489,0.90447
1.4854,0.90505
1.5188,0.89941
1.2145,0.94722
1.5129,0.89999
1.3686,0.92202
1.4573,0.90901
1.5838,0.88805
1.6092,0.88505
1.4569,0.90863
1.5811,0.88996
1.428,0.91357
1.5146,0.89809
1.6035,0.88568
1.5486,0.89316
1.4315,0.9135
1.6188,0.88504
1.58,0.88925
1.4803,0.90614
1.5866,0.88839
1.5375,0.89647
1.4153,0.91724
1.5473,0.89366
1.5123,0.89925
1.5398,0.89466
1.7348,0.86792
1.4976,0.90214
1.4646,0.90738
1.497,0.89988
1.5345,0.89533
1.5802,0.8887
1.4893,0.90407
1.4902,0.90402
1.4603,0.90829
1.5472,0.89334
1.4824,0.90471
1.4419,0.91185
1.7296,0.86905
1.5218,0.8973
1.5447,0.89192
1.1237,0.96172
1.5783,0.88785
1.5072,0.89863
1.5565,0.89137
1.6544,0.87677
1.5918,0.88509
1.5033,0.89877
0.31719,1.2324
0.32379,1.2279
1.6071,0.88224
1.4631,0.90592
1.5363,0.8953
1.4905,0.90311
1.1421,0.96212
1.461,0.90826
1.4931,0.90356
1.1609,0.9579
1.4946,0.90284
1.4688,0.90623
1.4918,0.90214
1.4433,0.91023
1.4638,0.90484
1.5424,0.89272
1.6002,0.88293
1.5604,0.89041
1.4669,0.90361
1.1187,0.96478
1.1837,0.95172
1.6627,0.87379
1.6268,0.88176
0.28149,1.2593
1.5862,0.88772
1.5392,0.89531
1.4956,0.90222
1.5065,0.90032
1.5744,0.88875
1.5738,0.88763
1.5684,0.88926
1.5164,0.89741
1.5591,0.88992
1.4871,0.90197
1.475,0.90233
1.4988,0.89918
1.5407,0.89233
1.5573,0.89044
1.4746,0.90394
1.5567,0.89084
1.4968,0.90147
1.4925,0.90247
1.6152,0.88237
1.5579,0.8927
1.4852,0.90408
1.5332,0.89499
1.5849,0.88689
1.5482,0.89165
1.5163,0.89728
1.5612,0.88955
1.5125,0.89644
1.4789,0.90204
1.5642,0.88784
1.4897,0.89941
1.5362,0.89337
1.5849,0.88575
1.5781,0.8854
1.6117,0.88179
1.532,0.89381
1.5335,0.89352
1.5668,0.8884
1.5996,0.88368
1.4734,0.90536
1.4966,0.90101
1.5242,0.8968
1.1031,0.96647
1.5579,0.89033
1.5502,0.89215
1.4785,0.90296
1.4773,0.90347
1.4995,0.89865
1.5076,0.89867
1.4175,0.91341
1.5996,0.88393
1.4513,0.90813
1.4129,0.91478
1.5281,0.89626
1.404,0.91627
1.5223,0.89703
1.4408,0.91129
1.5426,0.89348
1.4629,0.90436
1.4993,0.89909
1.4522,0.90717
1.4466,0.90884
1.4544,0.90697
1.4871,0.90082
1.4582,0.90452
1.514,0.89742
1.4488,0.90776
1.5384,0.89381
1.3921,0.91683
1.4481,0.90863
1.4119,0.91441
1.4425,0.9083
1.4112,0.91353
1.488,0.89981
1.3968,0.91507
1.5831,0.88381
1.4,0.91456
1.4493,0.90564
1.4027,0.91456
1.4747,0.90181
1.4239,0.91099
1.4381,0.90823
1.4688,0.90248
1.4189,0.91145
1.4554,0.90517
0.33089,1.2245
1.4477,0.90742
1.4442,0.90758
1.3928,0.91521
1.5278,0.89422
1.4614,0.90373
1.5262,0.89364
1.4796,0.90097
1.3252,0.92691
1.5591,0.88933
1.2618,0.93531
1.4605,0.90485
1.3361,0.92464
1.4524,0.90697
1.3893,0.91644
1.355,0.92269
1.3187,0.92975
1.3321,0.92633
1.3839,0.91676
1.3492,0.92209
1.3708,0.91812
1.5644,0.88658
1.372,0.91823
1.3174,0.92799
1.3206,0.9274
1.3742,0.91948
1.4063,0.91313
1.4458,0.9063
1.4372,0.90828
1.4925,0.89862
1.437,0.9078
1.4238,0.91011
1.4707,0.90118
1.4619,0.90282
1.5045,0.89543
1.4346,0.90775
1.3926,0.91558
1.4495,0.905
1.369,0.91943
1.3577,0.92158
1.4192,0.90971
1.3682,0.91928
1.3961,0.91393
1.4155,0.91109
1.3723,0.91851
1.3617,0.92089
1.3257,0.92758
1.2507,0.9435
1.5915,0.88113
1.6348,0.87448
1.6756,0.86764
1.7157,0.86132
1.6677,0.86876
1.6957,0.86462
1.8154,0.84732
1.6322,0.87343
1.6995,0.86281
1.7675,0.8528
1.7259,0.85891
1.7151,0.86056
1.7074,0.86158
1.8831,0.83589
1.6692,0.86752
1.2637,0.93269
1.6486,0.86794
1.6712,0.86537
1.8038,0.8463
1.738,0.85557
1.5524,0.88377
1.7482,0.85481
1.7356,0.85735
1.7944,0.84936
1.7811,0.85129
1.6888,0.86348
1.7698,0.85252
1.6308,0.8722
1.8416,0.84215
1.6468,0.86949
1.6713,0.86457
1.6694,0.86469
1.7229,0.85753
1.7456,0.85403
1.7328,0.85601
1.5197,0.89002
1.7693,0.85056
1.8687,0.83719
1.7227,0.85924
1.6941,0.86343
1.7104,0.86117
1.663,0.86848
1.8715,0.83818
1.6389,0.87185
1.7361,0.85684
1.6591,0.86882
1.6776,0.86508
1.7158,0.85933
1.8265,0.84336
1.7547,0.85303
1.6106,0.87261
1.7303,0.85593
1.5361,0.88128
1.7606,0.85212
1.7864,0.84817
1.828,0.84214
1.7544,0.85406
1.6604,0.86603
1.5963,0.8765
1.6572,0.86795
1.7713,0.85183
1.7516,0.85566
1.5682,0.88339
1.1288,0.95367
1.5733,0.88194
1.5709,0.88129
1.6445,0.87007
1.6372,0.87092
1.5672,0.88214
1.5745,0.88061
1.5901,0.87753
1.6454,0.86873
1.5876,0.8775
1.595,0.87702
1.52,0.88722
1.5555,0.88079
1.4114,0.90603
1.5015,0.89011
1.5923,0.87595
1.6452,0.86663
1.4471,0.89914
1.4598,0.89697
1.5061,0.88867
1.5912,0.87443
1.812,0.84348
1.5736,0.87733
1.6273,0.8718
1.6353,0.86693
1.4882,0.89123
1.6555,0.86778
1.7314,0.85524
1.6183,0.8728
1.5546,0.88462
1.7527,0.85255
1.5604,0.88246
1.6967,0.86096
1.688,0.86252
1.659,0.8669
1.8556,0.83808
1.6969,0.86109
1.7428,0.85363
1.3236,0.91368
1.6193,0.86934
1.7408,0.85378
1.756,0.85166
1.7833,0.84754
1.7466,0.85237
1.7898,0.84604
1.688,0.86134
1.7391,0.85385
1.7104,0.85792
1.5029,0.89039
1.7517,0.85212
1.3883,0.90548
1.5899,0.87574
1.2836,0.92512
1.354,0.91141
1.2464,0.9321
1.3768,0.9062
1.4133,0.89915
1.4293,0.89658
1.6649,0.86355
1.6783,0.86153
1.5888,0.87636
1.6302,0.87014
1.6888,0.86043
1.7217,0.85647
1.6307,0.86961
1.6432,0.86777
1.7452,0.85328
1.714,0.85687
1.6769,0.86163
1.7926,0.84618
1.7582,0.85068
1.4561,0.89555
1.7222,0.85661
1.7268,0.85632
1.6896,0.86155
1.5704,0.87742
1.6135,0.8707
1.5073,0.88847
1.6212,0.86996
1.5303,0.88351
1.4663,0.89421
1.6476,0.86697
1.5684,0.8799
1.1397,0.95032
1.9365,0.827
1.6531,0.86847
1.7114,0.85983
1.6491,0.8691
1.6512,0.86743
1.6681,0.86535
1.6762,0.86411
1.7756,0.84901
1.6634,0.86248
1.501,0.88522
1.4647,0.89328
1.0968,0.95881
1.1423,0.94937
1.5719,0.87768
1.3821,0.91072
1.4491,0.89621
1.6058,0.87384
1.6184,0.87242
1.5514,0.8803
1.6192,0.8708
1.7623,0.85219
1.8241,0.84338
1.6736,0.86504
1.1726,0.94577
1.0866,0.96228
1.5081,0.88962
1.2316,0.93232
1.2718,0.92434
1.129,0.95133
1.2274,0.93203
1.2305,0.93062
1.5382,0.88333
1.2744,0.92201
1.5767,0.87708
1.4295,0.89837
1.1985,0.93628
1.6134,0.87335
1.5487,0.87986
0.20125,1.3203
1.3997,0.90662
1.6173,0.87105
1.512,0.88473
1.4763,0.89177
1.5146,0.8847
1.5306,0.88366
1.5667,0.87779
1.6179,0.87297
1.6153,0.86873
1.8112,0.84253
1.6781,0.86191
1.6567,0.86477
1.5086,0.88559
1.6184,0.87261
1.6815,0.86257
1.4072,0.90361
1.6614,0.86449
1.488,0.88839
1.4104,0.90192
1.5532,0.88107
1.7212,0.85669
1.4586,0.89365
1.6232,0.87004
1.6105,0.87127
1.669,0.86213
1.4987,0.88847
1.5121,0.88524
1.5532,0.8781
1.4854,0.88838
1.4408,0.89591
1.6669,0.86148
1.7799,0.84576
1.6326,0.86898
1.3753,0.90845
1.5323,0.88116
1.422,0.89853
1.5363,0.87955
1.6774,0.86182
1.4712,0.89476
1.7162,0.85576
1.5825,0.87679
1.729,0.85467
1.5828,0.87709
1.5216,0.88734
1.7808,0.84514
1.7116,0.85391
1.3236,0.91362
1.7102,0.85424
1.7274,0.85272
1.6172,0.86862
1.4019,0.90177
1.7378,0.85079
1.5733,0.87481
1.4434,0.89511
1.3134,0.91252
1.5572,0.87766
1.4903,0.8885
1.309,0.91587
1.419,0.90138
1.4425,0.89647
1.4037,0.90397
1.662,0.86429
1.6677,0.86286
1.622,0.86813
1.4534,0.89385
1.2964,0.91704
1.5627,0.87538
1.5987,0.86951
1.7466,0.85025
1.6388,0.86861
1.5206,0.88734
1.6376,0.86826
1.3847,0.90699
1.6166,0.87178
1.5735,0.87655
1.5939,0.87428
1.6861,0.86023
1.6169,0.87125
1.7691,0.84729
1.6662,0.86277
1.4971,0.88934
1.5494,0.87856
1.5694,0.87823
1.5066,0.88485
1.6097,0.87085
1.3989,0.90175
1.7083,0.85553
1.709,0.85547
1.7851,0.84384
1.7078,0.85596
1.7095,0.85497
1.5208,0.88247
1.3896,0.90401
1.3951,0.90341
1.4715,0.89078
1.5302,0.88032
1.4651,0.8915
1.808,0.8406
1.601,0.86928
1.305,0.91702
1.4679,0.89185
1.3271,0.91362
1.1596,0.94087
1.4093,0.90067
1.845,0.83559
1.671,0.86044
1.4424,0.89235
1.7874,0.84343
1.7287,0.85099
1.5696,0.87622
1.6148,0.86776
1.6884,0.85717
1.7109,0.85471
1.744,0.84972
1.619,0.869
1.7423,0.85087
1.3456,0.91161
1.2261,0.92859
1.2349,0.92679
1.6486,0.86365
1.4511,0.89119
1.6573,0.86183
1.7209,0.85396
1.3242,0.91455
1.6218,0.86736
1.38,0.90332
1.4411,0.89208
1.4858,0.88556
1.6313,0.86534
1.7022,0.85795
1.8717,0.8334
1.8177,0.84067
1.6122,0.86756
1.8724,0.8334
1.6682,0.86199
1.7809,0.84532
1.7176,0.85474
1.8334,0.83737
1.4173,0.89574
0.56935,1.0951
1.6616,0.86269
1.7005,0.85533
1.7039,0.85548
1.6671,0.86086
1.5482,0.8738
1.9527,0.82173
1.6621,0.85992
1.6829,0.85626
1.684,0.85629
1.6218,0.86732
1.7121,0.85367
1.7192,0.85081
1.8952,0.82931
1.5939,0.87161
1.7801,0.84441
1.6684,0.8587
1.7839,0.84317
1.7543,0.84812
1.8552,0.83315
1.7618,0.84633
1.8581,0.83284
1.6677,0.86095
1.9039,0.82699
1.7102,0.85402
1.5366,0.87882
1.8024,0.84219
1.7671,0.84607
1.8216,0.83811
1.5155,0.88113
1.5652,0.87335
1.6337,0.86223
1.2172,0.93192
1.7206,0.85163
1.5333,0.87474
1.6254,0.86368
1.5867,0.86971
1.6678,0.86113
0.71779,1.0435
1.6278,0.86399
1.8633,0.83363
1.9582,0.82168
1.7494,0.84762
1.6022,0.86988
1.8738,0.82984
1.7617,0.84609
1.8371,0.83536
0.60098,1.0856
1.5592,0.8738
1.7478,0.84651
1.6733,0.85746
1.8426,0.83225
1.8018,0.8403
1.9252,0.82295
2.0075,0.8101
1.8514,0.83228
1.8758,0.82558
1.7671,0.84143
1.5971,0.86648
1.8691,0.83112
1.8391,0.83233
1.4822,0.8826
1.7173,0.84988
1.7353,0.84698
1.7098,0.852
1.6906,0.85486
1.7251,0.84962
1.7096,0.85025
1.6977,0.85196
1.8386,0.83164
1.6819,0.85396
1.8155,0.8357
1.769,0.84307
1.6593,0.85705
1.588,0.86831
1.2887,0.91242
1.706,0.84928
1.8183,0.83364
1.4107,0.89317
1.6498,0.85926
1.5319,0.87689
1.6136,0.86355
1.442,0.89193
1.3574,0.89917
1.2178,0.92118
1.6432,0.85816
1.4017,0.89284
1.6664,0.85439
1.676,0.84971
1.6003,0.86525
1.7715,0.83903
1.768,0.8391
1.8817,0.82317
1.5856,0.86252
1.83,0.82811
1.5143,0.87056
1.6822,0.8495
1.9009,0.81994
2.011,0.80678
1.8468,0.8282
1.8653,0.82495
1.6261,0.85732
1.73,0.84317
1.8281,0.82792
1.8187,0.82736
1.642,0.85659
1.4787,0.87892
1.8205,0.82941
1.7539,0.8389
1.4654,0.87746
1.2092,0.92013
1.371,0.89335
1.6609,0.85069
1.3105,0.89963
1.1309,0.93254
1.5093,0.86848
1.5451,0.86518
1.8736,0.82047
1.6891,0.8461
1.3901,0.89159
1.6929,0.84472
1.887,0.81667
1.4091,0.88585
1.1512,0.9293
1.3349,0.8955
1.7665,0.82922
1.7408,0.8359
1.4969,0.87029
1.476,0.874
1.465,0.87503
1.4338,0.88004
1.4883,0.87043
1.4336,0.87809
1.327,0.89523
1.3955,0.88347
1.3883,0.88371
1.352,0.89106
1.3461,0.89214
1.4929,0.86557
1.5545,0.85836
1.4167,0.88006
1.3905,0.88423
1.6166,0.8476
1.5805,0.85402
1.6022,0.84969
1.461,0.87208
1.0941,0.9412
1.5339,0.86533
1.3343,0.89654
1.5447,0.86
1.4965,0.86735
1.5592,0.85689
1.6789,0.83994
1.4617,0.87342
1.5883,0.85165
1.3013,0.90133
1.3061,0.90007
1.582,0.84987
1.6537,0.83806
1.6609,0.83655
1.4787,0.8642
1.6967,0.82948
1.7058,0.82817
1.6498,0.83653
1.5591,0.85037
1.8315,0.80992
1.6703,0.83438
1.4894,0.86314
1.4447,0.86978
1.3133,0.89669
1.4664,0.86817
1.3729,0.88393
1.4681,0.86618
1.4287,0.87369
1.5521,0.85168
1.5208,0.85669
1.5322,0.85491
1.5142,0.856
1.4199,0.87353
1.3448,0.88641
1.4326,0.86994
1.4845,0.85975
1.4504,0.86668
1.544,0.85081
1.322,0.88416
1.5706,0.84541
1.3409,0.88593
1.5008,0.85742
1.5576,0.8471
1.5226,0.85273
1.3625,0.88123
1.4978,0.85812
1.442,0.86709
1.3966,0.87389
1.2965,0.89248
1.3616,0.8799
1.4158,0.87077
1.5269,0.85037
1.4317,0.86219
1.5876,0.84015
1.6124,0.83529
1.4854,0.8564
1.3792,0.87652
0.40069,1.1378
1.6429,0.83143
1.5357,0.84733
1.4307,0.86464
1.4707,0.85753
1.4717,0.8573
0.27084,1.2166
1.5181,0.84766
1.5276,0.84599
1.487,0.85218
1.5107,0.84807
1.6743,0.82196
1.5861,0.83655
1.387,0.87073
1.5796,0.83695
1.4914,0.85128
1.5964,0.83401
1.3019,0.88716
1.3918,0.86822
1.4545,0.8567
1.4793,0.85251
1.4099,0.86551
1.3637,0.8701
1.4433,0.8567
1.4641,0.85292
1.5514,0.84016
1.5597,0.83786
1.4497,0.85532
1.5858,0.83402
1.5535,0.84034
1.4747,0.84902
1.4827,0.84825
1.3591,0.87068
1.1774,0.90718
1.3204,0.87881
1.4255,0.85876
1.3194,0.87713
1.2781,0.8852
1.4368,0.85562
1.365,0.86849
1.4048,0.86141
1.5119,0.84404
1.53,0.8403
1.301,0.88063
1.5013,0.8438
1.4582,0.85156
1.423,0.85717
1.465,0.84994
1.4034,0.86064
1.5996,0.83035
1.2502,0.88691
1.4973,0.84233
1.3941,0.85937
1.4592,0.84923
1.3491,0.86629
1.2651,0.88407
1.1435,0.90417
1.4081,0.85471
1.4279,0.85153
1.5214,0.83557
1.4519,0.84894
1.3966,0.8576
1.4004,0.85591
1.4852,0.84082
1.154,0.89877
1.2184,0.88631
1.0843,0.91127
1.2509,0.8826
1.3431,0.86234
1.6322,0.81768
1.4118,0.85371
1.3809,0.85683
1.4112,0.85428
1.4694,0.84338
1.382,0.85478
1.4767,0.84002
1.514,0.83339
1.4729,0.84136
1.5272,0.83126
1.3398,0.86296
1.284,0.87357
1.4011,0.85031
1.4995,0.83226
1.3851,0.85282
1.3525,0.85602
1.1682,0.89198
0.59904,1.0385
1.4496,0.84209
1.4485,0.84317
1.659,0.80779
1.649,0.80963
1.4295,0.84517
1.5939,0.81837
1.2012,0.88313
1.4105,0.84454
1.4359,0.8419
1.3061,0.86363
1.3606,0.85539
1.4278,0.84386
0.27876,1.1943
1.4107,0.84368
1.4461,0.83738
1.4281,0.84029
1.424,0.8422
1.4045,0.84468
1.3848,0.84639
0.26815,1.2006
1.3729,0.84814
1.1583,0.88902
0.21429,1.2499
1.4478,0.83469
1.553,0.8161
1.5101,0.82369
1.5185,0.82195
1.4724,0.83045
1.512,0.82385
1.4105,0.84078
1.3607,0.84898
1.4318,0.83765
1.3721,0.84733
1.1923,0.87736
1.3336,0.85358
1.4684,0.82836
1.3924,0.83944
1.5343,0.81602
1.4596,0.82872
1.4386,0.83194
1.4635,0.8272
1.5025,0.82076
1.5291,0.81663
1.4718,0.82601
1.3621,0.84564
1.2459,0.8691
1.3305,0.8503
1.3176,0.85336
1.213,0.87597
1.0679,0.90382
1.3028,0.85586
1.3101,0.85349
1.222,0.86862
1.3734,0.83904
1.2356,0.86454
1.2207,0.8678
1.3252,0.84595
1.2525,0.86262
1.2045,0.87183
1.4566,0.82614
1.4559,0.82282
1.3345,0.84846
1.1668,0.88034
1.3092,0.85078
1.2628,0.85946
1.1962,0.87158
1.1939,0.87421
1.0567,0.90246
1.1395,0.88292
1.1888,0.87137
1.2323,0.8622
1.2624,0.85818
1.3012,0.85223
1.2502,0.85851
1.2864,0.85175
1.2195,0.86519
1.3704,0.83676
1.4039,0.83118
1.1685,0.87732
1.3737,0.83762
1.4294,0.83021
1.2786,0.85373
1.3557,0.83724
1.2078,0.86606
1.1774,0.87175
1.2822,0.85029
1.2046,0.86553
1.2655,0.85485
1.184,0.86944
1.3825,0.83206
1.2622,0.85526
1.345,0.83795
1.175,0.87378
1.1244,0.88224
1.3049,0.84476
1.2152,0.86252
1.198,0.86836
1.2465,0.85713
1.3738,0.83347
1.2527,0.85707
1.3193,0.84283
1.3565,0.83314
1.0614,0.8948
1.2722,0.8477
1.4054,0.8247
1.222,0.86065
1.2215,0.85801
1.2118,0.86181
1.1026,0.88375
1.321,0.84051
1.2603,0.85252
1.2655,0.85043
0.95981,0.91498
1.2417,0.85507
1.0058,0.90541
1.1623,0.87228
1.1059,0.88574
1.197,0.86226
1.1694,0.86667
1.3855,0.83007
1.3744,0.83186
1.4072,0.82465
1.2974,0.84148
1.2708,0.84482
1.2156,0.85434
1.2189,0.8548
1.3015,0.83863
1.3986,0.82303
1.3507,0.83024
1.3702,0.82848
1.3465,0.83452
1.2499,0.85528
1.2186,0.85956
1.1853,0.86528
1.3167,0.8376
1.2204,0.85712
1.274,0.84493
1.2484,0.85017
1.03,0.89511
1.0656,0.88788
1.4459,0.81282
1.1744,0.86158
1.3239,0.83385
1.248,0.84743
1.2297,0.85171
1.2731,0.84364
1.277,0.84337
1.3444,0.82913
1.2551,0.84643
1.2815,0.84014
1.2832,0.83831
1.3011,0.83842
1.1351,0.86989
1.2035,0.85386
1.3273,0.834
1.2,0.86029
1.2441,0.85079
1.1465,0.86481
0.40165,1.1012
1.2248,0.85657
0.39667,1.1065
1.2139,0.85763
1.4192,0.81836
1.409,0.82008
1.4391,0.81491
1.4334,0.81529
1.3502,0.82895
1.1746,0.86134
1.4937,0.80601
1.2214,0.85207
1.2062,0.85371
1.3509,0.82678
1.0726,0.87684
1.1861,0.85912
1.1759,0.85978
1.219,0.85212
1.2519,0.84796
1.2658,0.84365
1.1779,0.8623
1.3007,0.83977
1.0847,0.87682
1.1569,0.86171
1.0827,0.87758
1.1725,0.86496
1.0687,0.88208
0.98758,0.90197
1.2138,0.85377
1.3169,0.83549
1.3005,0.83386
1.2194,0.85453
1.2199,0.84784
1.0876,0.88396
1.1474,0.86893
1.39,0.82116
1.366,0.826
1.1693,0.86466
1.1959,0.85783
1.1537,0.86756
1.2698,0.84403
1.2817,0.84195
1.4188,0.81658
1.4243,0.81588
1.23,0.85313
1.1001,0.88011
1.2801,0.84348
1.1675,0.86443
1.1217,0.87536
1.2301,0.8533
1.3394,0.82926
1.348,0.82835
1.2984,0.83703
1.3748,0.82652
1.2854,0.84272
0.9947,0.90125
1.0254,0.89335
1.4517,0.81142
1.1652,0.86015
1.3313,0.82777
1.1884,0.85846
1.221,0.848
1.2322,0.84652
1.1415,0.86283
1.1666,0.85846
1.2083,0.85055
1.0731,0.87907
1.2365,0.8493
1.142,0.86581
1.0921,0.88047
1.0859,0.8813
1.2219,0.84974
1.2993,0.83595
1.174,0.85857
1.2867,0.835
1.2613,0.8426
1.2399,0.8439
1.0953,0.87607
1.1974,0.85455
1.2542,0.8431
1.1502,0.86748
1.0268,0.89188
1.3227,0.83249
1.3571,0.82417
1.2146,0.85482
1.3064,0.83551
1.1348,0.86738
1.2897,0.833
1.1621,0.8591
1.2596,0.84043
1.1426,0.86557
1.1198,0.86926
1.2789,0.83866
1.2312,0.85114
1.3805,0.8227
1.1485,0.86572
1.1493,0.86686
1.0494,0.88588
1.2459,0.84495
1.2232,0.85285
1.2301,0.84969
1.2024,0.85658
1.0363,0.88856
1.2518,0.84051
1.0233,0.88943
1.1322,0.86823
1.1269,0.86482
1.216,0.84987
1.1474,0.86656
1.2096,0.85226
1.0639,0.88258
1.2686,0.84093
1.2531,0.84492
1.2625,0.84493
1.3403,0.82856
1.0559,0.88886
1.2185,0.85118
1.2011,0.85347
1.2577,0.84281
1.3482,0.82586
1.0965,0.87735
1.1623,0.85957
1.181,0.85515
1.2118,0.84992
1.1899,0.85499
1.1712,0.86045
1.2304,0.84852
1.044,0.88732
1.066,0.88235
1.097,0.8797
1.0736,0.88477
1.1014,0.87772
1.1433,0.86361
1.055,0.88839
1.0798,0.88085
1.1117,0.87412
1.224,0.84852
1.1238,0.86886
1.1678,0.85986
1.2059,0.85153
1.1628,0.86122
1.2096,0.85133
1.2604,0.8419
1.153,0.86467
1.2741,0.84163
1.2838,0.83751
1.1996,0.85415
1.0233,0.89584
1.1129,0.87185
1.2159,0.85169
1.1508,0.86451
1.0988,0.8699
1.0756,0.88027
1.2338,0.84764
1.3531,0.82487
1.1221,0.86975
1.291,0.83602
1.2067,0.85209
1.1368,0.86618
1.1701,0.85977
1.269,0.83841
1.2013,0.85137
1.161,0.86093
1.1979,0.8539
1.3206,0.82864
1.0429,0.88536
0.44259,1.0737
1.2282,0.84903
1.1829,0.85901
1.1958,0.855
1.3227,0.8297
1.2551,0.8426
1.1619,0.86297
1.2544,0.8423
1.1946,0.85621
1.0994,0.87633
1.1345,0.86901
1.1172,0.87391
1.1845,0.85921
1.3845,0.8192
1.1883,0.85655
1.1526,0.86404
1.204,0.8547
1.1107,0.87262
1.1707,0.85989
1.1673,0.85839
1.141,0.86716
1.1031,0.87367
1.1608,0.86072
1.1634,0.85863
1.2805,0.83308
1.1745,0.85861
1.2822,0.83614
1.2888,0.83522
1.2512,0.84104
1.262,0.83935
1.2523,0.84396
1.2563,0.83894
1.2236,0.8444
1.1657,0.85644
1.24,0.83927
1.1216,0.86751
1.0174,0.88828
1.0613,0.87951
1.2638,0.8397
1.3031,0.8314
1.3319,0.82774
1.3115,0.83192
1.3298,0.82887
1.2111,0.85186
1.081,0.87988
1.2596,0.84076
1.1524,0.86481
1.11,0.8732
1.228,0.84618
1.2487,0.84142
1.2271,0.84631
1.1806,0.85419
0.08111,1.4184
0.090507,1.3934
1.2971,0.83169
1.2024,0.85173
1.2919,0.83392
1.1255,0.87006
1.2884,0.83537
1.1073,0.8738
1.1139,0.87041
1.0894,0.87724
1.1503,0.86509
1.2808,0.83682
1.2962,0.83451
1.1265,0.86551
1.1392,0.86448
1.1875,0.85583
1.241,0.84398
1.2106,0.84906
1.2385,0.84282
1.2447,0.84318
1.2491,0.8412
1.027,0.88824
1.2242,0.84778
1.2732,0.83755
1.1884,0.85393
1.2941,0.83088
1.2312,0.84528
1.1664,0.85659
1.0644,0.87924
1.0509,0.88122
0.96719,0.90244
1.1599,0.85942
1.0081,0.89073
1.0611,0.87949
1.1468,0.85851
1.2258,0.84733
1.3871,0.81518
1.1563,0.86148
1.1723,0.85952
1.2765,0.83787
1.265,0.84038
1.1419,0.86422
1.1774,0.85258
1.2072,0.8518
1.1293,0.86654
1.2715,0.83731
1.1144,0.86628
1.2018,0.84848
1.2792,0.83618
1.1266,0.8651
1.2214,0.84758
1.1876,0.85523
1.2668,0.83917
1.2481,0.83999
1.1851,0.85331
1.1733,0.85746
1.1933,0.85059
1.278,0.83426
1.1244,0.86786
1.2371,0.84505
1.1178,0.86647
1.133,0.86452
1.186,0.85031
1.2115,0.84769
1.1205,0.86831
1.1491,0.86081
1.0585,0.88051
1.2692,0.83923
1.2506,0.84338
1.3184,0.83286
1.2525,0.84299
1.2864,0.8357
1.164,0.86141
1.1432,0.86686
1.3595,0.82361
1.3206,0.8285
1.3084,0.82891
1.173,0.85649
1.2723,0.83747
1.0881,0.87324
1.1714,0.85859
1.1672,0.85838
1.0971,0.87035
1.227,0.84461
1.0743,0.87772
1.1442,0.86149
1.1201,0.86628
1.0835,0.87422
1.1053,0.86556
1.0928,0.87176
1.0531,0.87895
1.0105,0.89448
1.0771,0.87683
1.2429,0.84226
1.124,0.86865
1.21,0.8485
1.3641,0.81887
1.3228,0.82471
1.2725,0.83772
1.2256,0.84863
1.3009,0.83231
1.2106,0.85016
1.2393,0.84233
1.2762,0.83691
1.2047,0.85043
1.1462,0.86041
1.1936,0.85125
1.2676,0.8348
1.1716,0.85196
1.1123,0.86805
1.0973,0.87221
1.1948,0.84892
1.1213,0.86643
1.1033,0.87224
1.1465,0.86045
1.0844,0.87415
1.131,0.86329
0.95204,0.90567
1.215,0.84666
1.2451,0.84218
1.1724,0.85575
1.1642,0.85579
1.2564,0.83665
1.1205,0.86659
1.1846,0.85018
1.1422,0.85978
1.2271,0.84092
1.2286,0.84235
1.1363,0.86123
1.2823,0.83075
1.2068,0.84815
1.2902,0.82904
1.2236,0.84408
1.2457,0.84254
1.1857,0.85377
1.2472,0.842
1.1253,0.86455
1.2269,0.84534
1.3256,0.82475
1.1224,0.86773
1.2675,0.83611
1.149,0.86095
1.1233,0.86642
1.2925,0.83055
1.2171,0.84547
1.09,0.87309
1.0905,0.87428
1.1548,0.85919
1.1617,0.85628
1.1417,0.86037
1.1635,0.85483
1.1711,0.85771
1.2034,0.84911
1.379,0.81565
1.2065,0.84531
1.2404,0.8415
1.1937,0.85149
1.1971,0.85045
1.1992,0.84833
1.1052,0.86954
1.1838,0.85542
1.396,0.81451
1.2304,0.84448
1.202,0.84567
1.1955,0.8487
1.1188,0.86621
0.98979,0.89596
1.0106,0.88717
1.2031,0.84373
1.16,0.85302
1.1756,0.84981
1.1036,0.86517
1.1224,0.86416
1.2256,0.83968
1.2032,0.84813
1.1665,0.85895
1.0935,0.87167
1.1015,0.87198
1.1602,0.85751
1.1494,0.85829
1.1225,0.86284
1.1832,0.85062
1.3228,0.82417
1.0551,0.87893
1.1923,0.84649
1.0801,0.87201
1.073,0.87496
1.2189,0.84628
1.3655,0.81824
1.2002,0.84946
1.1271,0.86565
1.2867,0.83417
1.2032,0.85018
1.1909,0.85214
1.1496,0.85624
1.1827,0.85431
1.1119,0.86425
1.1209,0.86335
1.0784,0.87074
1.013,0.89052
1.176,0.85474
1.1893,0.8527
1.2809,0.83322
1.3127,0.8262
1.1762,0.85467
1.176,0.85325
1.0901,0.8683
1.0834,0.87691
1.1391,0.86213
1.0786,0.87785
1.1292,0.86558
1.0883,0.87314
1.0851,0.87343
1.1321,0.86325
1.1,0.86783
1.2298,0.84401
1.254,0.8348
1.0933,0.86977
1.16,0.85582
1.1083,0.86476
1.1464,0.85827
1.1179,0.86577
1.2222,0.84112
1.0778,0.87529
0.87139,0.9267
1.0305,0.88413
0.97798,0.89763
1.0496,0.88282
0.91362,0.91569
0.072778,1.4367
1.0983,0.8691
0.97044,0.89881
1.1583,0.85663
1.2017,0.84607
1.2575,0.83686
1.0669,0.87427
1.0479,0.88435
1.1205,0.87027
1.0903,0.87492
1.2789,0.83426
1.2451,0.8419
1.1076,0.87096
1.1058,0.87256
1.1949,0.85134
1.0006,0.8944
1.0546,0.87748
0.97801,0.89948
1.2086,0.84465
1.0647,0.87589
1.1623,0.85187
1.0207,0.88393
1.1727,0.85184
0.94746,0.90347
1.0846,0.8694
1.0266,0.88347
1.0672,0.87343
1.1646,0.85122
0.91924,0.91173
1.1921,0.85142
1.2753,0.83366
1.269,0.83546
1.2212,0.84028
1.1761,0.85335
1.3346,0.81867
1.2137,0.84606
1.2288,0.84215
1.1638,0.85598
1.0894,0.86793
1.2547,0.83406
1.2335,0.84188
1.0594,0.8785
1.2143,0.84282
1.0948,0.86618
1.1099,0.86458
1.0912,0.86847
1.1672,0.85028
1.1478,0.85546
1.1752,0.85026
1.1688,0.85286
0.98536,0.89435
1.0313,0.88661
1.1257,0.86101
1.2287,0.84382
1.172,0.85444
1.0469,0.88182
1.26,0.83487
1.1914,0.8464
1.232,0.84081
1.1908,0.84797
1.0415,0.88365
1.2013,0.84556
1.0997,0.86941
1.289,0.82979
1.2401,0.84158
1.2108,0.84594
1.0966,0.8713
1.1004,0.86853
1.0798,0.87489
1.0729,0.87525
1.1833,0.84852
1.3648,0.81529
1.1917,0.84491
1.1943,0.8456
1.2797,0.83119
1.1727,0.85062
1.063,0.86929
1.1344,0.85882
1.1238,0.86353
0.95938,0.90311
1.1538,0.85506
0.94238,0.90359
1.1736,0.85177
1.1592,0.85865
1.1335,0.86628
1.0339,0.88279
1.1219,0.86697
1.0443,0.8854
1.0375,0.8835
1.1446,0.86021
1.1127,0.86409
1.3977,0.8087
1.2003,0.8414
1.1202,0.86183
1.1163,0.86265
1.1542,0.85407
1.2666,0.83272
1.1948,0.84784
1.311,0.82596
1.1651,0.85233
1.3197,0.82263
1.2009,0.84479
1.1078,0.86712
1.1614,0.85599
1.1292,0.86268
1.1278,0.85998
1.3402,0.81817
1.1355,0.8602
1.1938,0.84608
1.0969,0.8638
1.051,0.87512
1.1381,0.8609
1.2557,0.83383
1.1527,0.85516
1.2073,0.84401
1.2253,0.83856
1.1428,0.85653
1.2139,0.84231
1.241,0.83458
1.1414,0.85328
1.0918,0.86193
1.2057,0.84051
1.1606,0.85361
1.1926,0.84858
1.2292,0.84179
1.1909,0.84519
1.2313,0.84035
1.2284,0.84084
1.1891,0.85209
1.3508,0.81617
1.2377,0.83904
1.1963,0.84728
1.2096,0.8432
1.2367,0.83793
1.1323,0.86478
1.3379,0.81996
1.1469,0.8572
1.244,0.83503
0.87902,0.92219
0.95305,0.89965
1.1846,0.84413
1.0497,0.87549
1.1161,0.85855
1.069,0.86873
1.0287,0.88059
1.1651,0.85072
0.98117,0.89467
1.2998,0.82893
1.1238,0.86363
1.2051,0.84502
0.98611,0.89516
1.0229,0.88625
1.0681,0.87864
1.2499,0.83606
1.1068,0.86383
1.231,0.83538
1.1374,0.85604
1.254,0.83301
1.1498,0.8508
1.1209,0.86325
1.1406,0.85525
0.97013,0.89408
0.84069,0.9344
1.1192,0.86247
1.009,0.88762
1.0788,0.871
1.074,0.87412
1.0884,0.86828
1.0531,0.87653
1.1258,0.85937
1.1201,0.86066
1.0312,0.87891
1.178,0.84613
1.1382,0.85817
1.0735,0.87625
1.0988,0.86831
1.1415,0.85964
1.1818,0.8512
1.1341,0.86014
1.2549,0.83484
1.0973,0.86912
1.2183,0.84229
1.201,0.84463
1.2818,0.8257
1.3254,0.81799
1.2073,0.84441
0.9772,0.89678
1.0852,0.869
1.1503,0.85658
1.1401,0.85932
1.0747,0.87333
1.1391,0.85704
1.1892,0.84922
1.1696,0.85462
1.1238,0.86128
1.0542,0.87503
1.099,0.86245
1.0663,0.86779
1.0597,0.87312
1.0765,0.86812
1.2378,0.83201
1.1417,0.85482
0.99695,0.88807
1.108,0.86454
0.93115,0.90768
0.85402,0.92911
1.1262,0.86051
1.1116,0.86609
1.1133,0.86411
1.176,0.84695
0.25852,1.184
1.229,0.84019
1.1634,0.85374
1.2285,0.84143
1.172,0.85468
1.197,0.84731
1.2474,0.83566
1.3144,0.82251
1.1731,0.84932
1.2705,0.83156
1.0959,0.8654
1.1891,0.8496
1.1536,0.85332
0.97656,0.89716
1.0961,0.86445
0.9841,0.89008
1.1112,0.8611
1.1254,0.85685
1.0753,0.87076
1.2277,0.83661
1.0493,0.87652
1.1664,0.84778
1.1956,0.84429
1.271,0.82887
1.2526,0.83381
1.1372,0.85797
1.1946,0.84377
1.2002,0.84331
1.0928,0.86823
1.1162,0.86105
1.2549,0.83195
1.0863,0.87196
1.1627,0.85017
1.0416,0.88032
1.0524,0.87554
1.0472,0.87769
1.169,0.85105
1.1223,0.86281
1.1533,0.85117
0.23391,1.1984
1.1071,0.86313
1.1011,0.86641
1.1199,0.86228
1.2202,0.83935
1.0958,0.86741
1.0741,0.87165
1.079,0.86891
1.0371,0.87887
1.1391,0.85565
1.0737,0.86719
1.1689,0.84746
0.9334,0.90576
0.2681,1.1677
1.1237,0.85148
1.0708,0.86796
1.0563,0.87202
0.91671,0.91053
1.0969,0.86885
1.1477,0.85441
1.0788,0.87219
1.1786,0.85284
1.1443,0.85899
1.2636,0.8347
1.2037,0.84616
1.1986,0.84517
1.2419,0.83728
1.3113,0.82057
1.2021,0.83884
1.3067,0.82266
1.3178,0.81975
1.3338,0.81636
1.2298,0.83732
1.0719,0.87047
1.2729,0.83055
0.091022,1.3929
1.0366,0.88149
1.1168,0.86471
1.1101,0.86448
1.1124,0.86587
1.1711,0.85001
1.2113,0.8436
1.1077,0.8619
1.0682,0.86849
1.0415,0.87892
1.0581,0.87311
1.1119,0.85905
0.9727,0.89234
1.1936,0.83957
1.0403,0.87355
1.2487,0.83426
1.1668,0.84798
1.0861,0.86658
1.2123,0.84051
1.1274,0.85536
1.1551,0.85314
1.0485,0.87484
1.0404,0.8843
0.97244,0.89915
0.94465,0.90496
1.0423,0.87633
1.0862,0.86738
1.0184,0.88689
1.0377,0.88118
1.1735,0.84341
1.215,0.83851
1.1753,0.84791
1.1892,0.84423
1.2643,0.83256
1.1737,0.84716
1.2821,0.82591
1.2522,0.82932
1.1218,0.8613
1.1924,0.84939
1.272,0.83289
1.0476,0.87319
1.2645,0.82636
1.2962,0.82415
0.97915,0.89424
1.1785,0.8503
1.174,0.84892
1.0933,0.86435
1.2168,0.83825
1.2188,0.8357
1.261,0.83029
1.2197,0.83941
1.2497,0.83265
1.3063,0.8214
1.1687,0.84694
1.2544,0.83158
1.2459,0.83378
1.1978,0.84211
1.2216,0.83406
1.137,0.85993
1.3171,0.8221
1.2057,0.84217
1.164,0.85201
1.2695,0.83116
1.2714,0.83046
1.2583,0.83327
1.1869,0.8484
1.1941,0.84582
1.1499,0.85759
1.0964,0.8675
1.2604,0.83118
1.1515,0.85343
1.2799,0.82612
1.1742,0.85028
1.2661,0.82877
1.148,0.85674
1.2686,0.83077
1.1401,0.85699
1.2361,0.83836
1.303,0.82151
1.105,0.8666
1.2374,0.83498
1.1679,0.85171
1.2472,0.83444
1.1851,0.84795
1.2016,0.84123
1.2789,0.82461
1.3231,0.82261
1.42,0.80581
1.0511,0.87702
0.88259,0.92021
1.17,0.84751
1.1448,0.85447
1.2797,0.83079
1.0945,0.86621
1.1398,0.85714
1.0326,0.87899
1.0481,0.87748
1.0639,0.87188
1.227,0.83621
1.1609,0.85092
1.0564,0.87134
1.2064,0.84443
1.1533,0.85671
1.2737,0.8313
1.0638,0.877
1.1736,0.8503
1.1724,0.85489
1.164,0.85184
1.2374,0.83838
1.1694,0.85352
1.0418,0.8765
1.1722,0.84956
1.0614,0.87586
1.1049,0.86544
1.3005,0.82877
1.1531,0.85581
1.0724,0.87496
1.1903,0.85203
1.0775,0.87724
1.147,0.85876
1.0384,0.887
1.0476,0.88066
0.92396,0.91166
1.2476,0.84039
0.95873,0.90348
0.98565,0.89715
1.2078,0.84725
1.1819,0.85263
1.179,0.85085
1.1555,0.85665
0.96606,0.90334
1.1689,0.85338
0.99641,0.89298
0.99886,0.88975
1.0444,0.88297
1.0688,0.87599
0.96383,0.90407
1.0201,0.88868
1.1714,0.85491
1.2201,0.84524
1.212,0.84703
0.96644,0.90494
1.1386,0.86659
1.1319,0.86601
1.2014,0.85224
1.056,0.88034
1.0113,0.89229
1.2195,0.85124
1.1531,0.85871
1.2058,0.85042
1.087,0.87379
1.2492,0.84167
1.2937,0.83357
1.1489,0.86237
1.0764,0.88034
1.2489,0.8421
1.0875,0.87587
1.2192,0.84932
1.0619,0.88371
1.1216,0.86827
1.1428,0.86545
1.2013,0.85046
1.0801,0.8769
0.971,0.90259
1.0862,0.87432
1.127,0.86521
0.95023,0.90743
1.1402,0.86423
1.1754,0.85302
1.1049,0.8684
1.2287,0.84633
1.0741,0.87937
0.97997,0.89972
1.0704,0.8789
0.94122,0.91378
1.0673,0.88331
1.1301,0.87059
1.2027,0.85287
1.0572,0.88624
1.1037,0.87522
1.0534,0.88706
1.1259,0.86993
1.0505,0.88589
1.1195,0.86911
1.1057,0.87518
1.0962,0.87501
1.262,0.84338
1.2242,0.84923
1.1438,0.866
1.1343,0.87034
1.1416,0.86549
1.167,0.86342
1.1646,0.86426
1.0051,0.8969
1.1022,0.87717
1.0934,0.87801
1.1214,0.87254
1.1563,0.86591
1.2033,0.8551
1.1213,0.87427
1.1247,0.87192
1.1029,0.87476
1.3368,0.83088
1.0661,0.88479
1.0673,0.88501
1.1286,0.86954
1.273,0.83811
1.2216,0.84923
1.0674,0.88499
1.0435,0.88919
1.14,0.87034
0.9663,0.9094
0.99722,0.90195
1.1745,0.86139
1.1127,0.87695
1.1311,0.87225
1.0345,0.89355
1.2201,0.85377
1.0568,0.88948
1.139,0.87036
1.1456,0.86651
1.1383,0.86957
1.0712,0.88352
1.1318,0.87257
1.1323,0.87129
1.1918,0.85886
1.1656,0.86405
1.2199,0.85242
1.1439,0.86946
0.61752,1.0094
1.1527,0.87106
1.0729,0.8874
1.148,0.86991
1.257,0.84713
1.1449,0.87029
1.193,0.86118
1.2403,0.85195
1.1837,0.86254
1.3199,0.8378
1.1865,0.85727
1.1473,0.86673
1.3665,0.82764
1.2926,0.84337
1.2984,0.83982
1.2334,0.85545
1.2709,0.84699
1.3116,0.84127
1.2289,0.8578
1.2959,0.84479
1.2614,0.84991
1.2876,0.84905
1.0393,0.90042
1.3465,0.83722
1.1846,0.86625
1.2061,0.86159
1.1752,0.86745
1.2933,0.8443
1.1712,0.8704
1.2434,0.8557
1.2505,0.85357
1.2972,0.84223
1.3663,0.82892
1.2401,0.86118
1.1783,0.87246
1.3369,0.83955
1.3566,0.83532
1.3462,0.83681
1.4685,0.81499
1.1853,0.87044
1.144,0.87768
1.2294,0.86084
1.1807,0.87097
1.2514,0.85682
1.1341,0.88257
1.0695,0.8955
1.1281,0.88157
1.0697,0.89501
1.112,0.88485
1.1291,0.88121
1.1524,0.87757
1.1974,0.86611
1.2352,0.85851
1.2671,0.85299
1.4221,0.8261
1.2805,0.85151
1.1574,0.87446
1.2503,0.85598
0.51689,1.051
1.0771,0.89329
1.0641,0.89682
1.1988,0.86684
1.1228,0.88046
1.1186,0.88493
1.1515,0.87862
1.2172,0.86565
1.1278,0.88422
1.2146,0.86603
1.195,0.87075
1.1858,0.87324
1.275,0.85409
1.216,0.86659
1.3125,0.84606
1.2733,0.85445
1.1564,0.87654
1.2663,0.85463
1.2517,0.85739
1.2428,0.85976
1.2032,0.86656
1.2943,0.85053
1.1854,0.87036
1.2043,0.86956
1.1923,0.86989
1.2113,0.86821
1.2375,0.86341
1.0523,0.90339
1.112,0.89147
1.1196,0.88908
1.1334,0.88713
1.1985,0.87154
1.1256,0.88754
1.1765,0.87599
1.1159,0.88925
0.93887,0.93017
1.0502,0.90367
1.1934,0.86972
1.0517,0.90395
1.163,0.87638
1.195,0.87022
1.2319,0.86325
1.2591,0.86058
1.2617,0.85762
1.106,0.8932
1.1265,0.8868
1.1784,0.87512
1.154,0.88376
1.0883,0.8984
1.2411,0.86733
1.156,0.88166
1.1539,0.8854
1.1733,0.87877
1.1205,0.89119
1.1542,0.88396
1.2169,0.86971
1.2166,0.86878
1.1573,0.87844
1.2461,0.86283
1.105,0.89151
1.318,0.84935
1.2066,0.8707
1.1665,0.87724
1.1617,0.88101
1.231,0.86749
1.1657,0.88202
1.1073,0.89166
1.0026,0.91897
1.1361,0.89207
1.0268,0.91649
1.1526,0.88871
1.0647,0.90492
1.1275,0.89069
1.0219,0.91623
1.2269,0.87376
1.1439,0.89017
1.2128,0.87074
1.0692,0.9039
1.0847,0.89905
1.1039,0.89466
1.1788,0.87912
1.1696,0.88052
0.9915,0.92018
1.2864,0.85929
1.2774,0.86248
1.2111,0.8719
1.2774,0.86063
1.1977,0.8761
1.2258,0.87296
1.135,0.89032
1.1396,0.89219
1.201,0.88103
0.89732,0.95348
0.88077,0.95804
1.0397,0.91573
0.94105,0.93994
0.87159,0.9536
0.81979,0.96899
0.91942,0.94312
0.90601,0.94656
0.99118,0.92648
0.84867,0.96315
0.97429,0.93386
1.0101,0.92444
0.96181,0.93709
0.95986,0.9353
1.0195,0.92115
0.90876,0.95312
0.83257,0.97171
0.96311,0.93804
0.91961,0.9494
1.0139,0.9243
1.0008,0.92494
1.0372,0.91552
1.0014,0.92336
0.9721,0.93019
0.93133,0.94022
0.93235,0.94101
0.93599,0.93783
0.89729,0.95297
0.80845,0.97668
0.82156,0.97455
0.97473,0.93299
0.89689,0.95246
0.96469,0.93528
0.96314,0.9353
0.15465,1.3277
0.98193,0.93188
1.0113,0.92293
0.94881,0.94048
0.91071,0.94992
1.0095,0.92625
0.86997,0.96244
0.92461,0.94908
0.79968,0.98315
1.1407,0.89821
1.0834,0.90991
1.1175,0.90466
0.90705,0.95091
1.1328,0.90158
1.0136,0.92404
1.0283,0.92441
1.0094,0.92636
0.96536,0.94031
1.0476,0.91826
1.0265,0.9232
0.95053,0.9427
0.8905,0.95918
0.94094,0.94508
0.9673,0.93803
1.0113,0.92695
0.87314,0.96246
0.93435,0.94603
0.91802,0.95199
0.8888,0.96063
0.99001,0.93391
0.83816,0.97777
1.0541,0.91754
1.0288,0.92493
0.89898,0.96042
0.9882,0.9382
0.99835,0.93279
1.0837,0.91248
0.97455,0.93597
0.98853,0.93625
1.1444,0.89997
1.0757,0.91575
1.014,0.93067
0.95093,0.94417
1.0219,0.92634
1.0253,0.93036
0.96261,0.94164
0.98829,0.93693
0.9911,0.93304
1.0161,0.93044
0.94041,0.94807
0.96418,0.945
1.0717,0.91697
1.0203,0.92745
0.95723,0.94224
0.91281,0.95503
1.1901,0.89046
1.035,0.92292
1.1939,0.89247
0.9591,0.94442
1.0635,0.91751
1.0355,0.92599
1.1249,0.90497
1.008,0.93206
1.0704,0.91744
1.0176,0.93113
1.0119,0.93458
0.99753,0.93862
0.91104,0.95919
1.0918,0.91626
1.2,0.88966
1.0977,0.91446
1.1564,0.90037
1.1107,0.91069
1.156,0.90118
1.1554,0.9009
1.1732,0.90266
1.0606,0.9261
1.0972,0.91581
1.0263,0.93357
0.89901,0.96133
1.0502,0.92505
0.84939,0.97646
0.98993,0.94029
1.0168,0.93488
1.0074,0.93578
0.88834,0.96312
1.1757,0.89838
0.93531,0.95001
0.87321,0.96711
1.2009,0.89115
1.0943,0.9164
1.1143,0.91209
1.0836,0.91637
1.0359,0.9295
1.0231,0.93407
1.0181,0.93467
1.0871,0.91924
0.88776,0.96671
1.095,0.91795
1.0382,0.93164
1.0095,0.9395
1.1482,0.90797
1.0904,0.91849
1.1056,0.91542
1.1394,0.90747
1.1956,0.89533
1.2245,0.88899
1.0842,0.92067
1.157,0.90252
1.0926,0.91718
1.1436,0.90869
1.0738,0.92256
1.0408,0.9297
1.0006,0.93663
1.0586,0.92081
1.0051,0.9347
1.0894,0.9157
1.1323,0.9052
1.0978,0.91733
1.162,0.90205
1.1151,0.91109
1.1874,0.90072
1.1169,0.91616
1.0693,0.92327
1.081,0.92227
1.0749,0.92512
1.1402,0.91091
1.1121,0.9158
1.0606,0.92668
1.1167,0.91359
1.1325,0.9107
1.0831,0.91985
1.1953,0.89721
1.0934,0.91882
1.0561,0.93077
1.0682,0.92598
1.1078,0.91787
1.1383,0.9108
1.0692,0.92392
1.0685,0.92905
1.1389,0.91273
1.1222,0.91683
1.0937,0.92171
1.0744,0.92614
1.0726,0.92559
1.0018,0.94481
1.1382,0.90868
1.0293,0.93395
1.0636,0.92804
1.1624,0.9032
0.9086,0.95804
1.0993,0.91925
0.95343,0.94903
1.0985,0.91618
0.99744,0.93627
1.2388,0.88792
0.99285,0.93904
1.083,0.92296
1.2076,0.90047
1.1148,0.91742
1.0574,0.93027
1.0733,0.92574
1.0338,0.93443
0.98885,0.94613
1.1227,0.91559
1.098,0.91966
1.1078,0.91673
1.138,0.90874
1.1699,0.9015
1.1245,0.91154
1.095,0.91823
1.1825,0.89681
1.1535,0.90657
1.1578,0.90692
1.1211,0.91391
1.0706,0.92626
1.0316,0.93495
1.2393,0.89199
0.91026,0.96454
1.2018,0.90061
1.0972,0.92285
1.1179,0.91793
1.05,0.93429
1.0817,0.9256
1.0509,0.93517
1.0666,0.92795
1.2114,0.89572
1.0643,0.92808
1.0513,0.93156
1.0962,0.92099
1.0957,0.92441
0.99139,0.94828
1.0023,0.94458
1.1414,0.91177
1.0515,0.93363
1.0824,0.92462
1.0857,0.92571
1.1281,0.9162
1.1846,0.90407
1.0675,0.92875
1.087,0.92472
1.1135,0.91901
0.9929,0.94765
0.99561,0.94293
1.035,0.93563
1.0046,0.9396
0.9897,0.94257
1.2079,0.89745
1.1213,0.91741
0.96209,0.9519
1.0272,0.93708
0.87067,0.97642
0.93939,0.95835
1.0298,0.93641
1.0752,0.9287
1.0105,0.94221
1.0395,0.93946
1.0352,0.9361
1.1191,0.92208
0.95834,0.95435
1.2471,0.89424
1.1987,0.90198
1.1373,0.91306
1.2392,0.89144
1.1221,0.91731
1.0203,0.94002
1.1418,0.9129
1.1682,0.90563
1.1579,0.90979
1.062,0.92885
0.99989,0.94155
1.1577,0.90936
0.94379,0.95744
1.0977,0.92588
1.1336,0.91701
1.1,0.92419
1.193,0.90386
1.0684,0.93261
1.158,0.91117
1.1523,0.91394
1.057,0.93551
1.1806,0.90757
0.99123,0.94593
1.2191,0.89822
1.095,0.92433
1.0648,0.93079
1.0756,0.92856
1.2671,0.89004
1.0755,0.9263
1.1628,0.91375
1.0414,0.9385
1.0579,0.933
1.0716,0.93018
1.25,0.89401
1.2589,0.89319
1.1045,0.92391
1.2334,0.89816
1.0184,0.94084
1.063,0.93349
1.131,0.91816
1.1177,0.92111
1.1235,0.91727
0.99848,0.95049
1.0605,0.9354
1.088,0.92953
1.1537,0.91427
1.1762,0.90986
1.0907,0.92895
1.1512,0.91548
1.0154,0.94372
1.161,0.90864
1.1953,0.90376
1.1281,0.91906
1.0002,0.94406
0.98442,0.94971
1.0935,0.92168
1.0044,0.94478
1.2113,0.90133
1.0688,0.92887
0.8734,0.98019
1.1493,0.91646
1.154,0.915
1.1581,0.91409
1.1781,0.90996
1.2164,0.90225
1.2461,0.8961
1.3152,0.8839
1.3155,0.88321
1.246,0.89721
1.1231,0.92253
1.2763,0.8923
1.2905,0.88712
1.2528,0.89769
1.122,0.92401
1.1564,0.91641
1.1316,0.92179
1.2582,0.89401
1.2459,0.8963
1.152,0.9167
1.1682,0.91317
1.1788,0.90955
1.1701,0.91254
1.182,0.91036
1.2047,0.90506
1.2246,0.901
1.145,0.91864
1.2015,0.90624
1.0505,0.93834
1.0585,0.9345
0.98024,0.95646
1.0674,0.93405
1.1727,0.9135
1.1747,0.91011
1.1396,0.91836
1.171,0.91158
1.2543,0.89722
1.0084,0.948
1.3376,0.88004
1.2319,0.90268
1.14,0.92097
1.2393,0.9005
1.2319,0.90264
1.3495,0.87866
1.3681,0.87637
1.3446,0.88008
1.2151,0.90716
1.282,0.89196
1.3698,0.87617
1.215,0.90596
1.1818,0.9117
0.98217,0.95226
0.95238,0.96078
1.017,0.94354
0.95499,0.95822
1.0325,0.93804
1.2442,0.89665
0.96994,0.95485
1.2729,0.89298
1.2503,0.89732
1.028,0.94363
1.1114,0.92264
1.1212,0.92368
1.2366,0.89957
1.2142,0.90414
1.2926,0.89017
1.327,0.88327
1.1781,0.91464
1.272,0.89476
1.3396,0.88092
1.0864,0.92774
1.1355,0.92183
1.2533,0.89711
1.1374,0.9198
1.149,0.91553
1.1532,0.91475
1.0326,0.94234
1.0049,0.94993
1.084,0.93333
1.1328,0.92307
1.3064,0.88718
1.1401,0.92169
1.1599,0.91748
1.0738,0.93135
1.1379,0.92073
0.99551,0.95481
1.3076,0.88618
1.3085,0.88865
1.3262,0.88569
1.289,0.8922
1.3381,0.8818
1.247,0.89962
1.246,0.90088
1.2612,0.89659
1.163,0.91696
1.1627,0.9189
1.2735,0.89496
1.1783,0.91382
1.2595,0.89802
1.2307,0.90339
1.2688,0.89546
1.3033,0.88927
1.184,0.9126
1.1964,0.91111
1.174,0.91558
1.1528,0.92034
1.2132,0.90905
1.2006,0.91156
1.2483,0.90141
1.2544,0.90067
1.2054,0.90993
1.2341,0.9022
1.1162,0.92815
1.0571,0.94131
1.2285,0.90463
1.0203,0.95157
1.1743,0.91593
1.117,0.92855
1.1471,0.92136
1.1178,0.92749
1.2157,0.90721
1.2799,0.89611
1.1147,0.93109
0.97983,0.95671
1.1898,0.91293
1.1102,0.93145
1.212,0.91
1.1745,0.91737
1.2174,0.90954
1.1774,0.91766
1.1806,0.9166
1.2724,0.8982
1.1303,0.9231
1.2583,0.90023
1.1458,0.92489
1.1142,0.93246
1.2396,0.90434
1.1444,0.91927
1.0592,0.94127
1.1691,0.91498
1.2221,0.90685
1.1342,0.92139
1.1186,0.92518
1.0814,0.93359
1.1054,0.92835
1.229,0.90649
1.2669,0.89745
1.2973,0.89325
1.2468,0.90358
1.2261,0.90691
1.2084,0.91053
1.1394,0.92475
1.2754,0.89995
1.2333,0.90574
1.2025,0.91365
1.1778,0.91754
1.2794,0.89603
1.2041,0.91248
1.1243,0.92613
1.2016,0.90916
1.2003,0.90971
1.2928,0.89234
1.2669,0.89663
1.2545,0.89889
1.3003,0.89088
1.2818,0.8936
1.2627,0.89899
1.2734,0.89824
1.2092,0.91136
1.2651,0.89856
1.2883,0.89809
1.1118,0.93464
1.1828,0.91753
