104.35,-0.23342
103.78,-0.2285
106.99,-0.23897
103.02,-0.22226
104.66,-0.23021
101.81,-0.2198
97.557,-0.19937
108.64,-0.24537
103.62,-0.2284
100.1,-0.21199
103.04,-0.22474
102.79,-0.22403
96.596,-0.19461
99.047,-0.20665
95.309,-0.18704
95.784,-0.1901
95.485,-0.18879
100.02,-0.20821
100.89,-0.21463
100.23,-0.20975
101.93,-0.2155
101.21,-0.21237
101.77,-0.21412
104.91,-0.22823
99.607,-0.2065
101.56,-0.21325
100.85,-0.21136
101.39,-0.21329
102.01,-0.21709
104.67,-0.22875
100.73,-0.21371
104.83,-0.22685
97.161,-0.19828
100.31,-0.21083
99.645,-0.20785
95.951,-0.19148
97.701,-0.20001
100.55,-0.21373
100.15,-0.21088
100.25,-0.20902
100.24,-0.21336
99.172,-0.20654
98.6,-0.20418
95.998,-0.19185
97.054,-0.19732
95.375,-0.18953
95.649,-0.19057
96.899,-0.19619
94.748,-0.1885
96.038,-0.19404
97.221,-0.20125
98.49,-0.20508
95.438,-0.19277
101.75,-0.21751
103.95,-0.22413
96.581,-0.195
102.45,-0.21724
99.078,-0.20399
100.02,-0.21097
101.75,-0.21896
101.24,-0.21556
95.266,-0.18871
98.142,-0.20182
98.124,-0.20381
94.35,-0.18447
98.441,-0.20284
98.444,-0.20344
97.395,-0.20099
98.037,-0.20157
96.846,-0.19766
94.913,-0.18872
96.002,-0.19342
95.916,-0.19029
99.557,-0.20743
98.086,-0.20096
98.409,-0.20141
98.927,-0.20323
98.757,-0.20283
98.393,-0.20177
94.871,-0.18634
95.267,-0.18848
95.729,-0.1896
91.889,-0.17191
96.597,-0.19185
96.313,-0.19193
100.17,-0.20859
100.3,-0.20844
96.193,-0.19465
95.516,-0.19087
95.015,-0.18883
92.959,-0.17806
92.074,-0.17382
90.234,-0.16585
93.788,-0.17896
96.469,-0.19074
93.12,-0.17791
92.738,-0.17707
94.867,-0.18875
93.087,-0.18018
93.043,-0.1802
92.985,-0.17915
89.541,-0.16051
88.118,-0.15403
90.573,-0.16642
89.292,-0.15746
91.149,-0.16742
88.8,-0.15808
90.139,-0.16317
91.496,-0.1704
86.263,-0.14353
88.057,-0.15436
89.727,-0.15924
87.696,-0.15047
89.272,-0.1588
87.875,-0.1511
86.153,-0.14241
86.846,-0.1454
85.472,-0.13935
83.144,-0.12583
86.985,-0.14769
88.407,-0.15383
88.395,-0.15334
83.408,-0.12916
84.154,-0.13338
86.54,-0.14443
87.56,-0.15014
81.421,-0.11738
84.355,-0.13154
82.609,-0.12302
81.437,-0.11714
83.646,-0.12843
84.687,-0.13435
81.03,-0.11357
80.115,-0.10816
79.963,-0.10846
78.8,-0.10062
79.086,-0.103
78.183,-0.09795
78.844,-0.10281
77.464,-0.093677
74.819,-0.078057
73.328,-0.067739
77.267,-0.092255
76.115,-0.086333
77.341,-0.090798
76.351,-0.0874
74.553,-0.074623
72.34,-0.060323
74.174,-0.073949
72.135,-0.060561
70.796,-0.050799
72.209,-0.061942
69.875,-0.046037
67.301,-0.028129
69.553,-0.043122
66.638,-0.023912
65.954,-0.018993
63.142,0.0012913
68.414,-0.036361
66.907,-0.025674
66.432,-0.022574
61.834,0.011061
61.35,0.014585
57.701,0.043046
61.521,0.013501
57.54,0.043869
52.534,0.084621
55.62,0.059954
59.969,0.025379
55.656,0.060205
55.457,0.061713
52.189,0.089578
49.947,0.10921
48.775,0.12142
51.656,0.095108
50.859,0.10116
45.913,0.14688
46.291,0.14531
42.531,0.18163
46.249,0.14713
47.17,0.138
43.246,0.17603
41.678,0.19486
44.64,0.16431
43.013,0.1797
38.501,0.2288
37.874,0.23649
38.78,0.22632
37.213,0.24524
38.005,0.23363
33.937,0.28228
36.523,0.25405
39.824,0.21477
39.409,0.22047
38.046,0.2375
36.751,0.25224
36.864,0.25029
36.147,0.26217
34.202,0.28491
33.886,0.28972
34.318,0.28423
34.019,0.29129
33.44,0.2994
31.143,0.32801
34.243,0.28971
30.926,0.3362
31.565,0.32523
30.913,0.33679
30.764,0.33769
30.844,0.33963
27.998,0.37532
30.528,0.34704
29.273,0.36093
29.551,0.35783
28.681,0.3701
28.772,0.37311
28.484,0.37091
29.09,0.36522
28.149,0.37842
27.506,0.38772
27.444,0.39083
28.917,0.37174
27.968,0.38699
27.585,0.3927
27.706,0.39403
27.635,0.39495
28.252,0.38586
26.878,0.40193
27.757,0.3959
27.118,0.4045
28.151,0.39323
27.196,0.40419
27.2,0.40321
28.791,0.387
26.457,0.41698
28.249,0.39939
27.103,0.40672
27.739,0.407
27.553,0.40843
27.599,0.41277
27.677,0.41882
27.643,0.41186
27.88,0.40908
27.594,0.41874
27.659,0.41407
26.772,0.4224
28.717,0.40277
27.716,0.41307
27.852,0.40992
27.635,0.41647
28.135,0.41041
27.391,0.41675
28.466,0.40825
28.761,0.40785
28.18,0.4135
29.892,0.39326
30.119,0.39316
30.37,0.38979
28.771,0.40727
30.674,0.38626
29.158,0.4018
30.875,0.38285
29.867,0.39094
31.62,0.37404
31.835,0.37765
32.561,0.36801
30.725,0.38309
33.797,0.35414
32.467,0.36846
33.1,0.35979
31.667,0.37485
33.879,0.35091
34.58,0.34748
34.424,0.34881
35.473,0.33795
35.145,0.34279
34.38,0.35375
35.563,0.34363
35.492,0.34199
34.737,0.34724
33.319,0.36047
34.552,0.34798
35.32,0.34061
36.401,0.32954
37.574,0.31944
37.131,0.32633
35.334,0.33792
37.448,0.32319
35.923,0.33711
38.107,0.31521
37.796,0.31729
37.141,0.32099
36.953,0.32566
38.13,0.31419
37.88,0.31458
37.196,0.32076
36.664,0.32589
36.479,0.32536
36.01,0.33112
37.347,0.31865
37.231,0.32421
37.22,0.32339
35.651,0.33739
36.621,0.32781
36.484,0.328
36.281,0.33224
35.879,0.33542
35.508,0.3362
36.707,0.32435
35.076,0.34004
36.385,0.32694
35.427,0.33505
35.665,0.3338
35.67,0.33399
35.484,0.33608
36.54,0.32407
36.583,0.32403
35.386,0.33425
35.111,0.33655
36.156,0.32666
36.505,0.3227
36.348,0.32559
36.523,0.32373
35.844,0.3294
35.677,0.33147
36.324,0.32496
35.865,0.3308
35.751,0.3309
35.662,0.33325
36.09,0.32984
36.074,0.33151
35.72,0.33454
36.416,0.32794
36.3,0.32783
36.38,0.32759
36.407,0.32691
35.991,0.33269
35.374,0.33791
35.25,0.33996
35.441,0.33696
35.797,0.33407
35.449,0.33501
35.128,0.33918
36.446,0.32697
35.226,0.33679
35.536,0.33311
35.457,0.33472
36.177,0.32922
36.881,0.32303
35.812,0.3297
35.208,0.33532
34.998,0.33766
35.646,0.33183
36.807,0.32354
36.415,0.32885
35.424,0.33423
35.496,0.33329
36.291,0.32604
35.965,0.32902
35,0.33795
35.028,0.33928
34.791,0.34003
35.56,0.33485
35.529,0.3318
35.795,0.33195
34.986,0.33895
35.657,0.33403
36.139,0.32924
36.048,0.33018
35.109,0.3367
35.764,0.32813
35.489,0.33159
36.331,0.32459
36.417,0.32507
36.398,0.32414
35.162,0.33456
36.179,0.32403
35.559,0.33126
35.784,0.32939
36.085,0.32693
36.059,0.32737
35.763,0.33045
35.559,0.3307
35.442,0.33264
35.58,0.33303
35.674,0.33117
35.745,0.33332
35.593,0.33186
36.687,0.32342
36.925,0.32176
35.354,0.3337
35.577,0.33193
35.066,0.33724
35.941,0.33019
36.352,0.32526
36.391,0.32474
36.558,0.32334
36.198,0.32588
36.156,0.3253
36.156,0.3245
36.408,0.32284
35.275,0.33335
35.004,0.33445
36.416,0.32276
36.078,0.32467
35.968,0.3258
35.968,0.32575
35.854,0.32798
35.728,0.33144
35.877,0.32864
36.215,0.3256
36.094,0.32784
35.832,0.32799
36.119,0.32501
35.861,0.32903
35.836,0.32786
36.24,0.32669
36.113,0.32706
35.869,0.32979
35.39,0.33267
36.952,0.32082
35.398,0.3332
35.704,0.33098
36.673,0.32242
35.265,0.33446
35.508,0.33179
34.409,0.34214
35.959,0.3259
35.358,0.3327
35.141,0.33211
35.302,0.33201
35.678,0.3287
36.888,0.32059
36.095,0.32611
35.851,0.32688
35.271,0.33327
35.426,0.32976
35.165,0.33142
36.407,0.32447
36.266,0.32508
36.344,0.32406
35.102,0.33164
34.185,0.34216
35.483,0.32991
34.657,0.33674
34.74,0.33745
35.23,0.33219
35.155,0.33262
35.226,0.33053
35.183,0.33142
34.985,0.3342
34.736,0.33535
35.961,0.32419
35.824,0.32556
34.095,0.34149
35.939,0.32602
34.806,0.33548
35.006,0.33357
35.652,0.32841
35.225,0.33149
35.439,0.329
35.831,0.32473
35.693,0.32798
35.428,0.32984
35.843,0.32606
36.023,0.32341
35.832,0.32494
36.01,0.32368
35.56,0.3283
35.797,0.32525
35.442,0.32951
35.497,0.33058
36.553,0.32103
37.015,0.31726
37.015,0.31716
35.272,0.33285
36.542,0.31878
36.192,0.3232
36.492,0.32212
35.287,0.3318
35.319,0.33194
36.806,0.31768
36.208,0.3237
36.296,0.32315
36.717,0.3174
36.548,0.31958
36.01,0.32568
34.505,0.33788
36.181,0.32389
35.973,0.32552
35.746,0.32537
35.536,0.3281
36.138,0.32294
36.056,0.32342
35.724,0.3257
35.594,0.32714
35.365,0.32815
35.441,0.32709
35.592,0.32648
35.795,0.32441
35.338,0.32656
34.938,0.33103
34.404,0.33794
34.374,0.33769
34.791,0.3337
34.946,0.3321
34.547,0.33339
33.866,0.33715
33.672,0.34012
34.137,0.33569
34.283,0.33389
33.845,0.33758
31.865,0.35572
32.186,0.35206
33.545,0.34111
33.973,0.33746
35.146,0.32772
33.426,0.34261
35.16,0.32661
33.945,0.33678
32.436,0.3527
33.121,0.34441
33.611,0.34041
32.679,0.34898
35.636,0.32293
33.558,0.33915
33.054,0.34464
35.172,0.32543
34.388,0.33494
33.589,0.33999
32.829,0.34813
33.616,0.33954
34.325,0.33291
34.479,0.3327
32.749,0.34688
31.391,0.35963
32.37,0.35161
32.834,0.3453
34.586,0.3298
33.445,0.34002
32.372,0.35092
33.177,0.34389
33.612,0.34143
34.158,0.33628
33.898,0.33722
33.517,0.34181
33.525,0.34031
33.808,0.34034
33.809,0.33827
34.068,0.33636
34.116,0.33496
32.58,0.34801
34.405,0.33265
33.068,0.34483
32.993,0.34507
34.494,0.33098
32.666,0.34787
32.182,0.35352
32.296,0.35113
32.208,0.35247
32.577,0.34797
33.275,0.34038
33.497,0.34046
32.416,0.34957
32.683,0.3483
32.447,0.35023
32.296,0.3515
32.246,0.35061
32.609,0.34919
32.619,0.34867
31.865,0.35468
31.081,0.36344
31.783,0.35697
32.254,0.3518
32.369,0.34839
32.239,0.34991
31.967,0.35433
32.49,0.34929
32.576,0.34932
33.815,0.33711
33.269,0.34081
33.257,0.34191
31.723,0.35593
32.644,0.34661
32.31,0.35004
31.429,0.35873
34.197,0.33312
32.91,0.34467
33.716,0.33949
33.661,0.3388
32.133,0.35111
34.044,0.33372
34.084,0.33417
32.84,0.34493
32.49,0.34909
33.482,0.34024
32.568,0.3472
32.639,0.34718
32.472,0.3486
32.361,0.34914
32.211,0.35285
32.031,0.35419
32.639,0.34859
32.382,0.35073
32.124,0.35163
32.319,0.35028
30.897,0.36409
32.272,0.35362
31.958,0.35264
31.911,0.35316
32.296,0.35023
32.199,0.34952
33.188,0.34475
33.08,0.34454
31.999,0.35413
32.633,0.34871
32.647,0.34895
32.123,0.35292
31.844,0.35582
32.272,0.3502
32.435,0.35008
32.05,0.35455
32.169,0.34974
31.811,0.35607
31.781,0.35483
31.292,0.3587
30.8,0.36412
32.496,0.34902
31.37,0.35836
30.75,0.36359
32.079,0.35087
32.029,0.35254
31.977,0.35273
31.933,0.35256
32.206,0.35056
31.942,0.35313
33.047,0.34381
32.136,0.35107
33.729,0.33584
32.787,0.34344
32.136,0.35073
31.916,0.35235
32.212,0.35056
31.994,0.35226
31.997,0.35115
31.877,0.35338
31.89,0.35283
31.72,0.35408
31.781,0.35461
31.621,0.35616
32.922,0.34382
32.064,0.35161
31.954,0.35212
32.906,0.34207
31.315,0.3577
31.669,0.35471
31.889,0.35336
33.087,0.34115
31.573,0.35495
31.517,0.35719
32.626,0.34708
32.739,0.34354
31.339,0.3558
32.709,0.34471
31.576,0.35486
32.498,0.34537
31.115,0.35963
31.344,0.35725
31.308,0.35698
31.358,0.35595
31.246,0.35856
31.168,0.35894
31.008,0.36292
31.286,0.35815
32.663,0.34448
31.545,0.35552
31.599,0.35525
31.146,0.36154
31.344,0.35718
31.321,0.35648
31.658,0.35454
31.144,0.3591
30.844,0.36145
30.869,0.36046
32.843,0.34403
32.887,0.34368
30.926,0.36305
30.995,0.36034
31.164,0.35958
31.309,0.35728
31.161,0.35933
30.796,0.3639
30.854,0.36331
30.773,0.36229
30.865,0.3607
30.797,0.36114
30.73,0.36546
31.049,0.36458
31.453,0.35877
31.749,0.35562
30.963,0.36265
30.695,0.36681
30.835,0.36486
30.909,0.36148
30.946,0.36163
31.834,0.3536
30.703,0.36535
31.219,0.35866
30.866,0.36364
30.654,0.36517
31.623,0.35532
30.616,0.36559
30.744,0.3639
30.924,0.36193
30.917,0.36145
30.842,0.36388
30.796,0.36286
30.643,0.36419
31.222,0.35967
31.318,0.35746
30.736,0.36544
30.754,0.36426
31.007,0.3628
31.339,0.35765
32.075,0.35238
30.795,0.36255
31.153,0.36051
30.996,0.36357
31.057,0.36096
29.78,0.37411
30.848,0.36291
31.065,0.3592
31.028,0.3626
30.958,0.36094
32.109,0.35001
30.995,0.36235
32.28,0.35041
32.227,0.34965
30.752,0.36152
31.926,0.35213
31.058,0.35905
30.85,0.3614
30.868,0.36173
30.729,0.36276
30.674,0.36557
30.444,0.36563
29.606,0.37323
30.761,0.36285
30.296,0.36811
30.634,0.36297
30.819,0.36189
32.318,0.34768
30.946,0.35979
30.418,0.3649
30.727,0.36159
29.868,0.37237
31.372,0.3592
30.882,0.36275
29.33,0.37807
30.694,0.36221
30.802,0.36368
30.697,0.36377
30.371,0.3672
30.244,0.36828
30.621,0.36421
30.559,0.36691
30.778,0.36314
31.512,0.35529
31.344,0.35574
31.451,0.3564
31.331,0.35673
30.243,0.36771
31.656,0.35364
30.395,0.36495
30.347,0.36603
30.012,0.36943
30.272,0.36734
30.177,0.36669
30.573,0.36263
30.395,0.36532
31.025,0.36112
31.314,0.35693
30.732,0.36267
31.928,0.35147
30.518,0.36634
30.393,0.36843
30.158,0.36849
30.131,0.36949
29.558,0.37352
32.039,0.34953
31.656,0.35546
30.595,0.36373
30.469,0.36936
30.775,0.36266
30.479,0.36586
29.498,0.37554
30.423,0.36662
30.67,0.36321
29.706,0.3735
30.634,0.3622
30.414,0.36528
30.475,0.36474
30.52,0.36273
30.596,0.3628
29.868,0.37279
30.808,0.36304
30.81,0.36329
30.597,0.36363
31.523,0.35394
30.398,0.36501
30.296,0.36719
30.177,0.36722
30.48,0.3662
30.232,0.36796
30.001,0.36809
30.953,0.36031
31,0.36016
30.272,0.36563
30.166,0.36678
29.848,0.37101
31.135,0.35898
31.205,0.35793
30.118,0.3673
29.849,0.37056
31.39,0.3555
29.598,0.37297
29.782,0.37231
29.972,0.36823
30.955,0.36065
29.91,0.37035
30.789,0.36258
30.115,0.36911
30.261,0.36713
31.299,0.35789
30.752,0.36212
31.35,0.35767
30.423,0.36589
30.682,0.36311
31.585,0.35368
30.556,0.36447
31.147,0.35971
30.158,0.37047
31.39,0.3569
30.281,0.36776
31.35,0.3551
30.383,0.36538
30.169,0.36848
31.262,0.35637
31.958,0.35125
31.745,0.35187
31.254,0.35732
30.153,0.36835
30.906,0.36163
29.903,0.36975
30.448,0.36631
29.493,0.37627
29.551,0.37589
30.623,0.36469
30.999,0.35936
31.146,0.35812
29.858,0.37135
30.89,0.36054
31.203,0.35653
30.073,0.36895
31.275,0.35707
31.082,0.35833
29.665,0.37192
29.565,0.37215
29.86,0.37027
30.108,0.36785
31.67,0.35203
30.096,0.369
30.054,0.36685
30.424,0.36395
31.551,0.35299
30.115,0.36765
31.173,0.35837
30.321,0.36508
31.359,0.35604
29.955,0.37009
30.659,0.36324
30.791,0.35949
30.116,0.36726
31.279,0.35537
29.979,0.36899
30.737,0.36286
31.365,0.35437
29.549,0.37223
30.415,0.36661
29.3,0.37797
30.526,0.36515
29.584,0.37439
30.561,0.36451
30.437,0.3669
30.774,0.36242
30.95,0.35975
30.164,0.36818
29.654,0.374
29.344,0.37671
29.651,0.37413
29.539,0.37579
29.861,0.37176
29.925,0.37078
30.244,0.36706
29.845,0.37281
29.495,0.37551
29.837,0.37151
31.156,0.35827
29.88,0.37018
29.926,0.36842
29.922,0.36961
29.998,0.36961
29.495,0.37389
30.335,0.36527
30.044,0.36922
30.601,0.36233
30.894,0.35953
30.613,0.36272
30.417,0.36636
29.422,0.37786
30.74,0.36294
30.589,0.36419
30.639,0.36293
30.39,0.36587
30.195,0.3698
29.087,0.37982
29.493,0.37631
29.882,0.37189
29.638,0.37375
29.435,0.37503
30.022,0.36899
29.77,0.37181
30.912,0.36118
29.79,0.37128
29.668,0.37243
29.626,0.37355
29.529,0.37599
29.58,0.374
29.549,0.37378
29.801,0.37193
29.972,0.36894
30.17,0.36832
30.271,0.3666
29.788,0.37142
29.628,0.37333
29.236,0.37631
29.545,0.37187
29.759,0.37152
30.974,0.36283
30.48,0.36563
30.034,0.36932
31.342,0.3573
30.495,0.36657
31.009,0.35938
30.651,0.36527
30.489,0.3662
29.917,0.37146
29.76,0.37238
30.726,0.36189
30.626,0.36347
30.314,0.36525
30.652,0.36361
30.853,0.36051
31.086,0.35827
30.915,0.36028
31.066,0.35733
30.888,0.35998
30.737,0.36236
30.646,0.36519
29.71,0.37153
30.527,0.36351
30.648,0.36256
29.752,0.37272
30.666,0.3638
29.496,0.37456
29.542,0.37392
29.899,0.37056
31.071,0.35772
29.555,0.37463
30.199,0.36749
30.188,0.36628
29.741,0.37203
29.59,0.37373
29.478,0.37587
30.351,0.36754
30.356,0.36674
30.436,0.36502
30.432,0.36462
30.434,0.3625
30.18,0.3673
30.453,0.3643
29.766,0.37056
30.73,0.3615
29.384,0.37531
29.501,0.37278
29.666,0.37137
31.177,0.35737
30.999,0.35865
30.735,0.36159
30.252,0.36638
30.716,0.36055
30.575,0.36252
30.731,0.3598
30.27,0.3649
30.174,0.36748
29.472,0.37393
30.669,0.36122
30.743,0.36159
29.227,0.37698
30.333,0.36663
30.102,0.36613
30.937,0.35839
29.183,0.37922
29.224,0.37948
30.56,0.36243
30.725,0.36042
29.428,0.37456
30.349,0.36459
29.305,0.37634
30.979,0.35843
29.627,0.37613
30.031,0.37257
29.045,0.3808
29.253,0.37699
30.066,0.36811
29.232,0.37597
29.269,0.37529
28.975,0.37838
28.953,0.37911
29.082,0.37858
29.204,0.37638
29.334,0.3738
30.774,0.36302
30.432,0.36648
30.308,0.3674
30.403,0.36513
30.366,0.36463
30.452,0.36271
30.289,0.36462
30.329,0.36452
30.156,0.36621
30.18,0.36544
30.168,0.36669
30.148,0.36554
29.608,0.3714
29.877,0.36997
30.971,0.35999
30.734,0.36208
30.357,0.36556
29.559,0.37268
30.703,0.36119
30.735,0.36402
29.763,0.36969
29.783,0.37191
29.796,0.3718
31.357,0.35404
30.83,0.36072
30.632,0.36235
29.648,0.3711
30.79,0.36154
31.039,0.35937
30.65,0.36339
30.83,0.35923
29.928,0.3675
30.618,0.36394
30.248,0.36552
30.056,0.36827
29.102,0.37626
28.859,0.38142
28.88,0.38064
30.071,0.36849
29.785,0.37073
28.74,0.38221
28.816,0.38048
30.115,0.36663
29.439,0.37517
28.844,0.37967
28.811,0.3811
29.311,0.37419
29.679,0.37025
30.193,0.36686
29.892,0.37037
29.327,0.37801
29.847,0.37015
30.161,0.36822
30.298,0.3659
30.407,0.36396
30.433,0.36322
29.33,0.37486
30.231,0.36865
28.974,0.37898
28.573,0.38392
29.668,0.37395
29.957,0.36977
29.014,0.37817
30.006,0.36737
29.961,0.36965
30.45,0.36443
30.586,0.36275
30.036,0.36925
30.43,0.36373
29.49,0.3733
30.718,0.35949
30.336,0.36498
30.177,0.36744
30.39,0.36518
30.534,0.3636
30.627,0.36281
30.297,0.36498
28.37,0.38389
30.278,0.36465
28.163,0.38566
28.107,0.38607
27.92,0.39025
30.194,0.36568
29.177,0.37488
29.941,0.36873
30.089,0.36802
29.173,0.37808
30.308,0.36352
30.916,0.35929
30.721,0.36106
30.492,0.36236
30.406,0.36343
30.592,0.3608
29.056,0.37801
30.259,0.36427
29.829,0.36893
30.681,0.36048
30.34,0.3658
29.091,0.3769
30.196,0.36727
29.387,0.37472
29.242,0.37444
30.11,0.36647
28.676,0.38009
28.549,0.38365
28.712,0.38216
28.661,0.38084
29.672,0.37192
29.946,0.36946
30.091,0.36754
29.454,0.37443
29.406,0.37395
29.49,0.37317
30.078,0.36661
30.036,0.36786
29.916,0.36953
29.833,0.36927
29.778,0.36997
28.808,0.38005
28.926,0.37927
29.963,0.36857
30.22,0.36507
30.303,0.36704
29.829,0.37114
30.197,0.36594
30.505,0.36249
30.693,0.36138
30.767,0.36053
30.623,0.36259
30.078,0.36873
28.886,0.37894
30.147,0.36515
30.512,0.36448
30.308,0.36557
30.049,0.36903
28.969,0.37916
30.219,0.36585
28.895,0.37932
28.953,0.37992
29.94,0.36914
29.035,0.37739
30.166,0.36597
29.091,0.37647
29.88,0.37054
30.201,0.36656
28.886,0.37933
29.799,0.37038
28.851,0.38107
28.894,0.37943
29.057,0.37695
29.064,0.37741
28.685,0.38238
28.51,0.38346
28.868,0.38047
29.506,0.37227
29.523,0.37143
29.897,0.36912
29.68,0.37363
28.82,0.38083
28.896,0.37958
28.747,0.38328
28.752,0.38163
30.124,0.36632
30.466,0.36291
30.244,0.36727
29.893,0.37136
28.915,0.38051
30.05,0.3697
30.147,0.36627
30.214,0.36631
29.413,0.37267
29.539,0.37218
29.984,0.3682
30.487,0.36297
30.503,0.36278
30.292,0.36293
29.607,0.3705
29.394,0.37318
29.631,0.37007
29.901,0.36782
30.08,0.36828
30.027,0.36813
29.974,0.36767
29.884,0.36915
28.971,0.37793
28.952,0.37835
29.7,0.37261
28.9,0.38078
29.318,0.37578
30.585,0.36234
29.63,0.36955
30.36,0.36303
29.284,0.37519
28.898,0.38046
30.48,0.36221
30.279,0.36427
29.186,0.37728
30.125,0.3664
29.061,0.37622
30.803,0.3594
30.765,0.36066
30.024,0.36836
29.181,0.37642
29.196,0.37624
29.352,0.37467
29.622,0.37153
29.705,0.36952
28.204,0.38524
29.13,0.37628
30.042,0.36638
29.057,0.37686
29.177,0.37381
28.842,0.37894
27.789,0.39048
28.998,0.37633
29.433,0.37345
28.304,0.38525
29.344,0.37309
28.255,0.38377
27.51,0.39121
28.451,0.38145
28.406,0.38153
27.846,0.38721
27.601,0.39034
27.76,0.38821
28.088,0.38335
27.868,0.38512
27.736,0.3867
28.571,0.3796
28.768,0.37657
27.87,0.38554
28.522,0.37999
28.212,0.38129
27.279,0.39008
27.356,0.38904
27.446,0.38876
27.827,0.38426
28.042,0.38064
27.26,0.3902
28.376,0.37873
28.489,0.37792
28.641,0.37548
28.212,0.38086
27.927,0.38442
28.06,0.38148
27.936,0.38248
27.933,0.38257
27.097,0.38948
27.465,0.38614
27.445,0.38652
27.18,0.39029
27.337,0.38711
27.41,0.38745
27.37,0.38853
27.147,0.39043
26.752,0.39379
26.67,0.3946
26.562,0.39439
26.455,0.39468
26.197,0.39805
26.245,0.39591
26.286,0.39467
26.639,0.39105
26.494,0.39132
26.305,0.39402
26.197,0.39571
26.365,0.39363
26.282,0.39338
26.044,0.39537
25.491,0.40065
25.217,0.40379
25.257,0.40284
25.124,0.40503
24.933,0.40623
24.543,0.40996
24.002,0.41572
24.175,0.41604
24.607,0.41022
24.456,0.41284
24.08,0.41807
23.967,0.41777
24.556,0.40998
24.745,0.40502
24.426,0.40934
23.881,0.41537
23.609,0.41968
23.485,0.42117
23.101,0.42729
23.269,0.42216
22.778,0.4282
23.08,0.42441
22.956,0.42524
22.676,0.42713
22.829,0.42648
21.827,0.43601
21.947,0.43348
22.535,0.42832
21.479,0.43901
22.018,0.43504
21.185,0.44392
20.898,0.4537
20.771,0.454
21.288,0.44377
20.529,0.45349
20.557,0.45133
20.293,0.4552
20.369,0.45409
19.925,0.46192
19.728,0.46256
19.619,0.4637
19.407,0.46569
19.503,0.46197
19.875,0.45919
19.588,0.4606
19.046,0.47125
19.209,0.46773
19.112,0.46633
18.801,0.46965
18.795,0.46966
18.428,0.47518
17.869,0.4816
18.138,0.47917
18.066,0.47836
18.168,0.47601
18.135,0.48025
18.002,0.48054
18.382,0.4709
18.062,0.47664
17.532,0.48565
17.675,0.48158
17.453,0.48528
17.322,0.48693
17.068,0.49206
17.071,0.48869
16.88,0.49304
16.982,0.48913
16.535,0.49768
16.241,0.49911
17.101,0.48608
17.04,0.48495
16.583,0.49353
16.171,0.49884
16.667,0.49002
16.032,0.50095
16.526,0.49166
16.103,0.49856
15.58,0.50629
15.7,0.5046
15.2,0.51236
15.483,0.50644
15.804,0.50029
15.052,0.51201
14.921,0.51459
15.095,0.51006
15.328,0.50503
15.126,0.50911
14.619,0.51644
14.781,0.51261
14.276,0.52047
14.165,0.52368
14.801,0.51306
14.41,0.51912
13.906,0.52684
14.169,0.5226
14.518,0.51468
14.375,0.51573
14.229,0.51836
14.278,0.51687
14.03,0.51988
13.856,0.5228
13.9,0.52144
13.954,0.51897
14.3,0.51344
13.863,0.52253
13.696,0.52443
13.629,0.52543
13.678,0.52269
13.604,0.52388
13.279,0.53013
13.328,0.52822
13.154,0.53096
13.455,0.52392
13.264,0.52687
12.981,0.53066
12.732,0.53738
12.632,0.53728
12.78,0.53412
12.731,0.53488
12.414,0.54065
12.576,0.5367
12.505,0.53697
12.542,0.53474
12.381,0.53809
12.134,0.54322
11.944,0.54641
11.913,0.54612
11.833,0.54801
11.681,0.54978
11.685,0.54875
11.912,0.5433
11.928,0.54272
11.707,0.54711
11.35,0.55508
11.252,0.55644
11.591,0.54737
11.607,0.54697
11.255,0.55334
11.267,0.55418
10.996,0.55984
11.041,0.55805
11.222,0.55216
11.427,0.54713
11.067,0.55437
10.78,0.56115
10.648,0.56388
10.994,0.55546
10.719,0.56178
10.683,0.56081
10.418,0.56686
10.409,0.56583
10.347,0.5681
11.012,0.55194
10.085,0.57171
10.178,0.56874
10.048,0.57127
9.8277,0.57649
10.472,0.5597
10.256,0.56595
10.122,0.56813
10.115,0.56737
9.9873,0.57044
10.089,0.56775
10.382,0.56105
9.8097,0.57158
9.6088,0.57675
10.325,0.55937
9.2234,0.58698
9.731,0.57218
10.537,0.55366
9.4765,0.57977
9.0977,0.58964
9.831,0.56919
9.967,0.56399
9.1732,0.58492
9.6009,0.57299
9.3997,0.57699
9.4674,0.57386
9.4241,0.57594
9.5296,0.57267
9.467,0.57352
9.1879,0.58016
9.0026,0.58682
9.2783,0.57923
9.3084,0.5782
9.3224,0.57659
9.3262,0.57622
9.1306,0.58164
8.8612,0.58739
8.8653,0.58567
8.8374,0.58613
8.9636,0.58074
8.679,0.59022
8.7628,0.58672
8.712,0.5861
8.6405,0.58875
8.475,0.59242
8.2841,0.59813
8.2782,0.59774
8.4522,0.59429
8.3407,0.59807
8.297,0.59774
8.2978,0.59751
8.6316,0.58429
8.2043,0.59919
8.3809,0.59242
8.1111,0.60106
8.4534,0.59011
8.4454,0.58875
8.5084,0.58617
7.9622,0.60197
8.3205,0.59175
8.1532,0.59604
8.0222,0.60073
8.0461,0.59949
7.813,0.60805
7.9536,0.60181
7.9005,0.60243
7.7374,0.6078
7.5466,0.6142
7.1803,0.62422
7.2008,0.62246
7.5046,0.61291
7.5945,0.61123
7.6455,0.60792
7.6569,0.60718
7.2427,0.62191
7.4248,0.61316
7.3203,0.61784
7.2532,0.61943
7.2685,0.61775
7.1662,0.62146
6.9106,0.6309
6.9789,0.62771
6.8396,0.63384
6.7093,0.63975
6.797,0.6321
6.7103,0.63532
6.9801,0.62347
6.9112,0.62557
6.932,0.62595
6.8122,0.62802
6.6435,0.63353
6.572,0.63677
6.5987,0.63322
6.5518,0.63556
6.5581,0.63907
6.5426,0.63681
6.3791,0.64286
6.5424,0.63717
6.5011,0.63788
6.0956,0.65827
6.3021,0.64377
6.488,0.63546
6.3123,0.64403
6.1235,0.6526
6.1698,0.64913
6.2275,0.64652
6.4349,0.63306
5.9459,0.65759
6.3041,0.64268
6.0497,0.64938
5.9267,0.6543
5.6713,0.66788
5.8455,0.65676
5.6702,0.66607
5.6825,0.66476
5.8565,0.65347
5.6547,0.66346
5.6683,0.66533
5.6439,0.66479
5.8839,0.65257
5.7588,0.65903
5.8781,0.65237
5.8596,0.65189
5.7917,0.65476
5.6384,0.66155
5.661,0.65793
5.3462,0.67619
5.4721,0.66753
5.2592,0.67872
5.2749,0.67806
5.138,0.6838
5.3019,0.67423
5.5972,0.65805
5.6102,0.65728
5.2516,0.67248
5.2003,0.67691
5.1538,0.67797
5.1721,0.67606
5.0217,0.68354
5.1173,0.67728
4.9627,0.68567
4.9012,0.68843
4.9202,0.68721
4.5728,0.7055
5.0294,0.68222
5.0914,0.67475
4.9677,0.68087
4.8246,0.68652
4.7576,0.68989
4.828,0.68444
4.8688,0.68241
4.7767,0.68949
4.8468,0.68659
4.7588,0.69262
4.956,0.6822
4.6754,0.69636
4.6089,0.70049
4.6854,0.69178
4.6168,0.69577
4.6012,0.6968
4.6118,0.69482
4.6396,0.69366
4.818,0.68289
4.7731,0.68582
4.7506,0.68787
4.9072,0.67786
4.7669,0.6871
4.6875,0.69125
4.6857,0.68991
5.0509,0.66902
4.5126,0.69925
4.8111,0.67799
4.862,0.67493
4.6994,0.68443
4.702,0.68722
4.6157,0.69144
4.5332,0.69667
4.7199,0.68135
4.5509,0.6948
4.6389,0.69165
4.7431,0.68568
4.5579,0.697
4.7636,0.68286
4.4892,0.69939
4.6518,0.69027
4.8033,0.67946
4.54,0.69637
4.8577,0.67474
4.7924,0.67966
4.4721,0.69933
5.0282,0.66418
4.454,0.69861
4.4196,0.70323
4.5024,0.69595
4.5986,0.69081
4.7185,0.68316
4.5478,0.69865
4.4944,0.69838
4.7181,0.68423
4.7119,0.6847
4.7792,0.67761
4.5828,0.69322
4.5938,0.68785
4.4676,0.6968
4.3634,0.70349
4.3432,0.70432
4.3667,0.706
4.4886,0.69732
4.7137,0.68168
4.6304,0.68808
4.5547,0.69485
4.4536,0.70002
4.4869,0.69484
4.3903,0.70094
4.3852,0.70052
4.4263,0.70065
4.428,0.70005
4.4817,0.69843
4.7748,0.68118
4.5282,0.69243
5.0026,0.66945
4.4447,0.70027
4.3249,0.70537
4.5339,0.69503
4.3497,0.70488
4.5805,0.68855
4.2734,0.71207
4.2013,0.71605
4.4556,0.6968
4.5363,0.69264
4.5237,0.69193
4.4787,0.69656
4.6648,0.68319
5.0714,0.66551
4.7725,0.67956
4.4307,0.69985
4.3998,0.70379
4.4941,0.6911
4.3945,0.69752
4.1919,0.70707
4.5543,0.69127
4.385,0.70152
4.4429,0.69732
4.6683,0.68285
4.8591,0.67111
4.5234,0.69313
4.5876,0.68642
4.454,0.69577
4.3408,0.70183
4.5234,0.68673
4.4982,0.69138
4.2901,0.7052
4.3494,0.70212
4.4863,0.69291
4.606,0.68668
4.9543,0.66756
4.8104,0.67427
4.3844,0.69552
4.2739,0.70253
4.238,0.70381
4.3468,0.69835
4.407,0.69682
4.4227,0.69268
4.3599,0.70016
4.3628,0.69728
4.3572,0.70094
4.3497,0.70051
4.3554,0.69766
4.416,0.69491
4.6942,0.67826
4.5947,0.683
4.4819,0.68999
4.2892,0.70597
4.3852,0.69654
4.1425,0.71138
4.1914,0.70908
4.1509,0.70792
4.1735,0.70976
4.502,0.68657
4.7013,0.67906
4.6226,0.67996
4.416,0.69281
4.2578,0.7005
4.5612,0.68223
4.6251,0.68192
4.465,0.68943
4.3402,0.69749
4.6305,0.68903
4.9256,0.66777
4.0312,0.71937
4.5072,0.68482
4.578,0.68183
4.5325,0.68769
4.6305,0.68072
4.2891,0.70263
4.2712,0.70522
4.2216,0.7073
4.2366,0.70441
4.2591,0.70285
3.7191,0.74211
3.7484,0.73827
3.857,0.73135
3.9639,0.72579
4.1803,0.70796
4.3912,0.69554
4.2276,0.70622
4.1411,0.71174
4.4212,0.69345
4.2393,0.70311
4.1767,0.70611
4.2109,0.70358
4.512,0.68809
4.2428,0.70153
4.3968,0.69319
4.674,0.67703
4.6634,0.67832
4.639,0.67935
4.7755,0.67108
4.5019,0.68678
4.4364,0.69277
4.4117,0.69299
4.2578,0.70213
4.1122,0.71048
4.059,0.71349
4.2014,0.70827
4.5171,0.68623
4.4686,0.69085
4.2593,0.70214
4.2456,0.70421
4.0715,0.71706
3.9762,0.71818
3.8391,0.73066
3.7906,0.73158
4.2572,0.70694
4.4809,0.69056
4.2865,0.70252
4.6515,0.68353
4.6268,0.68062
4.7873,0.67292
4.739,0.67702
4.7474,0.67592
4.2603,0.70168
4.1524,0.70807
4.4892,0.68799
3.9358,0.71909
4.7057,0.67476
4.5845,0.68756
4.3116,0.70037
4.4004,0.69395
4.257,0.70518
4.1887,0.70738
4.2079,0.70506
3.9709,0.72172
4.0444,0.71555
3.9903,0.71972
4.0475,0.71655
4.2348,0.70216
4.1201,0.70853
4.2059,0.70529
4.0641,0.71386
4.0617,0.71515
4.1184,0.71186
4.0575,0.71445
4.1061,0.70869
4.0139,0.71509
4.009,0.71584
3.8906,0.7245
3.8491,0.72757
3.825,0.73011
3.9265,0.72194
4.0409,0.7153
4.0097,0.72166
4.249,0.70136
4.2976,0.69778
4.2188,0.70407
3.942,0.72607
4.1862,0.70793
3.8577,0.7287
3.7455,0.73301
3.5882,0.74445
3.8309,0.7288
3.923,0.71866
3.7211,0.73532
3.9233,0.72588
4.0337,0.71681
3.9981,0.72016
4.1049,0.71181
4.0712,0.71439
4.0918,0.7103
4.0929,0.71065
4.0215,0.71439
3.9354,0.72185
3.9416,0.72173
3.9819,0.72001
4.0984,0.71151
4.1061,0.70962
3.9886,0.72009
4.3075,0.69941
4.1354,0.71413
4.2163,0.70615
4.2936,0.70125
4.2515,0.70349
4.0198,0.71615
4.2236,0.70175
3.8103,0.72807
4.2258,0.69951
4.1163,0.70686
4.0477,0.71626
4.0441,0.71509
4.1272,0.70766
4.1997,0.70432
4.2695,0.69977
4.2081,0.70212
4.0418,0.71461
4.0972,0.71008
4.2534,0.69992
3.8339,0.72507
4.3302,0.69667
3.7974,0.73146
3.8088,0.73008
3.8011,0.73174
4.1552,0.70705
4.203,0.70239
4.4745,0.68701
4.2115,0.70204
4.2829,0.70054
4.5066,0.68554
4.2173,0.70748
4.5192,0.68631
4.2712,0.70137
3.9612,0.7207
4.5203,0.68732
4.6068,0.68359
4.1229,0.70746
4.0322,0.71547
4.7066,0.67759
4.6134,0.68508
4.1849,0.70378
4.1774,0.70431
3.9532,0.71887
3.766,0.72957
4.0468,0.71285
4.0207,0.71436
4.3679,0.69506
4.4314,0.6912
4.1418,0.71069
4.3699,0.69351
4.4216,0.69161
3.9167,0.72132
4.3602,0.69304
4.2798,0.6985
4.3908,0.69312
4.2069,0.7019
3.9113,0.72423
3.9245,0.72199
3.868,0.72488
3.8958,0.7249
4.1267,0.70618
3.9715,0.71796
4.1037,0.71058
4.1987,0.7039
4.1455,0.70733
4.146,0.70469
4.1798,0.70123
4.0409,0.7112
3.9797,0.71563
4.1394,0.70543
4.2263,0.6997
4.1727,0.70298
4.1741,0.70327
4.1188,0.70721
4.1542,0.70395
3.938,0.71837
3.9998,0.71534
3.8876,0.72304
4.1517,0.70481
4.1294,0.70755
4.191,0.70373
4.294,0.69655
4.0867,0.71338
4.1528,0.70673
3.9981,0.71888
3.9544,0.72147
4.0611,0.7132
4.0963,0.7102
4.0613,0.71149
4.2324,0.70237
3.9764,0.71705
3.9958,0.71582
4.2354,0.70006
4.0933,0.71082
4.1093,0.70938
4.009,0.71639
4.0654,0.71254
4.2619,0.69872
4.3577,0.69607
4.3987,0.69156
4.2009,0.70388
4.2219,0.7014
4.3992,0.68948
4.149,0.70737
4.1398,0.70817
4.1238,0.70952
3.5528,0.74824
4.1461,0.70565
4.1055,0.70814
3.9742,0.71892
3.9007,0.72532
3.8921,0.7228
3.949,0.71767
3.9837,0.71517
4.09,0.70735
3.9868,0.71646
3.8914,0.72195
4.2094,0.70047
3.8151,0.73041
4.0609,0.71051
3.9159,0.71989
3.8724,0.72236
4.1038,0.70641
4.0139,0.71342
4.1904,0.70356
4.1074,0.7072
4.108,0.7082
4.0884,0.70709
3.8976,0.72297
3.9812,0.71388
3.7617,0.73236
3.7498,0.73457
3.8525,0.72473
3.9748,0.7152
3.8359,0.7254
3.9343,0.71912
4.0979,0.70785
3.984,0.71598
4.0824,0.70837
3.9648,0.71655
4.2291,0.70259
3.9721,0.7159
3.9058,0.72095
3.9163,0.72081
3.8909,0.72424
3.8757,0.7239
3.7947,0.72951
3.9829,0.71493
3.9543,0.71716
3.7995,0.72879
4.0132,0.71257
3.8268,0.72636
3.9492,0.71708
3.9484,0.71705
3.9248,0.71898
4.1061,0.70775
4.0322,0.71028
3.8807,0.72261
4.1197,0.70407
4.0147,0.71179
4.2961,0.69575
3.8772,0.72065
3.8427,0.72295
3.8769,0.72092
3.4752,0.75022
4.1673,0.70488
3.9302,0.72083
3.8629,0.72622
3.4525,0.75211
3.3477,0.7621
3.5204,0.74702
3.7466,0.73047
3.8258,0.72546
3.7955,0.7272
3.9629,0.71506
3.7867,0.72765
4.0283,0.71072
3.8879,0.72157
4.0077,0.71198
4.2459,0.69935
4.0214,0.71292
3.7312,0.73161
4.0117,0.71652
3.7257,0.73141
4.1099,0.70965
3.9251,0.72041
3.9407,0.71902
3.703,0.73345
3.9472,0.71618
4.0686,0.7091
3.9632,0.7176
3.8257,0.72642
3.8534,0.72335
4.0078,0.71291
3.9025,0.72061
3.9317,0.71775
4.1806,0.70142
3.971,0.71349
4.3559,0.69276
4.5116,0.68396
3.8257,0.72372
3.9342,0.71688
3.6416,0.73421
4.0032,0.71387
3.9833,0.71478
4.2457,0.70168
4.0957,0.71222
4.2136,0.7028
4.0424,0.71463
3.7503,0.72698
4.1274,0.70424
3.4555,0.74932
4.1863,0.69919
3.7013,0.73453
4.3811,0.69274
3.9395,0.72148
4.1175,0.70914
3.8423,0.72454
3.7022,0.73494
3.9662,0.71578
3.6581,0.73728
3.6878,0.73324
4.0981,0.70785
3.6263,0.7389
3.727,0.73117
4.1111,0.70522
3.826,0.72485
3.7752,0.72765
3.6232,0.73715
3.9554,0.71416
4.304,0.69451
3.9204,0.71785
3.79,0.72617
3.723,0.72933
3.616,0.73803
3.6484,0.73566
3.4758,0.7479
3.9323,0.71636
3.6612,0.73726
3.76,0.72807
3.884,0.72012
3.6473,0.7376
3.973,0.71412
4.0265,0.71126
3.9718,0.71539
3.9732,0.71558
4.0035,0.71445
3.973,0.71439
3.813,0.72486
3.877,0.71909
3.7439,0.72769
3.7228,0.7278
3.7874,0.72466
3.7557,0.72902
4.6924,0.67676
3.6511,0.73622
3.8593,0.72464
3.7623,0.73063
4.4082,0.69009
4.5202,0.68256
4.0266,0.71236
3.6695,0.73239
4.0024,0.71449
3.8975,0.72213
3.8157,0.72523
3.7133,0.72966
3.8056,0.72277
3.8251,0.72132
3.7845,0.72454
4.1246,0.70481
3.4649,0.74541
3.3914,0.75142
4.4816,0.68545
4.0416,0.71129
4.3627,0.69648
4.2615,0.70132
3.6849,0.73516
3.9605,0.71432
4.026,0.71496
3.7281,0.72925
3.9982,0.71337
3.6857,0.7315
3.827,0.7259
4.0675,0.70624
4.4509,0.68739
4.3591,0.69577
3.8889,0.71882
4.351,0.69246
4.1777,0.69991
3.9618,0.71285
4.278,0.6984
4.3262,0.69386
4.1631,0.70158
4.0804,0.70899
4.0383,0.70888
3.9041,0.71536
3.9657,0.71153
3.7287,0.7321
3.6018,0.7397
3.5316,0.74427
3.7648,0.72634
3.7021,0.73046
3.7135,0.73229
3.7052,0.73416
3.582,0.74202
3.6286,0.73655
3.6968,0.73188
3.7033,0.7297
3.7097,0.72828
3.7183,0.72917
3.802,0.72884
4.2487,0.69906
4.1345,0.7073
4.0894,0.70942
3.8067,0.7233
4.0459,0.71095
3.9806,0.71331
3.7367,0.72782
3.5947,0.73679
3.5637,0.74012
3.5662,0.74182
4.1237,0.70758
4.0431,0.71687
3.9718,0.71759
4.0068,0.71586
3.7083,0.73484
3.7692,0.73017
3.7468,0.72967
3.7903,0.72677
3.8312,0.72314
3.9579,0.71597
3.9234,0.71839
3.8122,0.72569
3.7853,0.72491
3.7156,0.73452
3.5861,0.73952
3.7058,0.73062
3.9477,0.71649
3.623,0.73836
3.7131,0.73337
3.7121,0.72962
3.6776,0.73444
3.5163,0.74938
3.7012,0.73056
3.7399,0.72972
3.9549,0.71301
3.6196,0.73925
3.7073,0.73232
3.878,0.71958
3.6321,0.73889
3.7236,0.73266
3.6118,0.73933
3.7984,0.72504
3.6772,0.73308
3.6098,0.73832
3.678,0.73032
3.5187,0.74412
3.5651,0.73966
3.8507,0.72118
4.1769,0.70015
4.2519,0.69581
3.7621,0.72603
3.8221,0.72274
3.786,0.72636
3.9281,0.7176
3.9076,0.71669
3.7983,0.72433
3.9566,0.71236
3.4931,0.74521
3.622,0.73794
3.4379,0.7491
3.6199,0.73422
3.5444,0.74173
3.5702,0.73651
3.893,0.71929
3.9329,0.7187
3.8873,0.7212
3.4312,0.74921
3.6856,0.72986
3.5599,0.74002
3.6012,0.73718
4.2526,0.69507
4.0462,0.70854
4.0033,0.71384
4.0855,0.70649
3.9254,0.71779
3.8425,0.72267
4.1758,0.69916
3.8902,0.71628
3.897,0.71696
3.8856,0.72049
3.9669,0.71298
4.0252,0.7094
3.539,0.73997
4.2134,0.70156
4.0325,0.71234
4.0862,0.70855
3.4366,0.74804
3.7452,0.72773
3.5623,0.73799
3.9322,0.71734
4.0829,0.7079
4.208,0.69781
4.3166,0.69406
3.655,0.73573
3.9549,0.71415
4.1841,0.70179
3.741,0.72725
4.0157,0.71261
3.7234,0.72925
4.1042,0.70637
4.2696,0.69603
4.1676,0.70203
4.067,0.70641
3.8325,0.72216
3.5843,0.7378
3.7903,0.72276
3.9228,0.71673
4.098,0.70588
3.4886,0.74401
4.0913,0.70733
3.5244,0.74153
4.0493,0.709
3.7996,0.72582
4.0032,0.70992
3.6708,0.7352
3.9427,0.71409
4.0158,0.7099
4.1447,0.70139
4.0142,0.71067
3.2517,0.7656
3.8158,0.7235
3.5011,0.74248
3.3993,0.74806
3.6526,0.73561
3.4233,0.7487
3.8861,0.72083
4.0534,0.70725
4.0802,0.70689
3.9714,0.71344
3.8327,0.72221
4.0225,0.70915
3.6928,0.73065
3.4948,0.7441
3.4961,0.74324
3.8656,0.71898
3.4152,0.75139
3.5732,0.73719
3.5205,0.74249
3.8516,0.72025
3.6114,0.73565
3.469,0.74429
3.5576,0.74076
3.5137,0.74174
3.5878,0.73684
3.6326,0.73328
3.7481,0.72923
4.0449,0.71176
3.9074,0.71938
3.605,0.73852
4.1822,0.70138
3.7952,0.72548
3.4268,0.74604
3.4381,0.74537
3.5648,0.73795
3.98,0.71156
3.6295,0.73493
3.6844,0.73227
3.5863,0.73977
3.4703,0.74394
3.3898,0.75101
3.682,0.72858
3.6125,0.7334
3.5936,0.73579
3.5946,0.73476
3.6894,0.73046
3.3404,0.75566
3.4714,0.7435
4.0558,0.70845
4.0782,0.70734
4.0574,0.7111
4.124,0.70463
3.3652,0.75161
4.2498,0.69628
4.1116,0.70472
3.5597,0.73904
4.0396,0.71094
4.0366,0.71068
3.5059,0.74462
3.7122,0.72577
3.5409,0.74137
3.4322,0.74649
4.076,0.70605
3.1946,0.76814
3.3527,0.75216
4.1431,0.70212
4.1449,0.70009
3.0312,0.78238
3.1856,0.76856
4.25,0.69461
3.5997,0.73925
3.6768,0.73301
3.7058,0.73233
3.5785,0.74329
3.387,0.75127
3.3451,0.75837
3.8323,0.71812
3.6801,0.72976
3.7403,0.72611
3.6615,0.72985
3.588,0.73656
3.7415,0.72444
3.7141,0.72674
3.6349,0.73209
3.4453,0.7504
3.49,0.74427
3.5312,0.74118
3.9007,0.71984
3.6516,0.73252
3.7723,0.72366
3.7461,0.72566
3.7856,0.72317
3.8265,0.71919
3.3599,0.75411
3.7564,0.72313
3.724,0.72583
3.1611,0.76859
3.263,0.76062
3.3427,0.75188
3.4406,0.74558
3.4527,0.74439
3.427,0.74654
3.5915,0.73354
3.4629,0.74482
3.4693,0.74287
3.4975,0.73976
3.3454,0.75072
3.3752,0.74722
3.4014,0.74559
3.6913,0.72914
3.3944,0.74883
3.4221,0.7488
3.69,0.72802
3.6852,0.72924
3.749,0.72476
3.6398,0.73094
3.603,0.73486
3.581,0.73628
3.4357,0.74478
3.4011,0.74748
3.5219,0.7422
3.6189,0.73378
4.1235,0.70286
3.7621,0.72335
4.117,0.70686
3.7664,0.72625
3.771,0.72367
3.7265,0.72821
3.5877,0.7363
3.4709,0.74625
3.6785,0.72812
3.3546,0.75425
3.0464,0.77738
3.0762,0.77482
3.0789,0.77548
3.0231,0.78155
3.1012,0.77519
3.1032,0.77457
3.061,0.77789
3.0773,0.7746
3.1734,0.76533
3.0706,0.77419
3.2951,0.7567
3.3822,0.75233
3.5165,0.74252
3.4452,0.74861
3.485,0.74399
3.6045,0.73459
3.5293,0.74141
3.308,0.7554
3.6516,0.72949
3.6515,0.73057
3.3591,0.74758
3.4995,0.7364
3.2831,0.75868
3.3623,0.74901
3.3512,0.74809
3.3847,0.74468
3.3047,0.7521
3.3281,0.75005
3.294,0.75524
3.0513,0.77628
3.2725,0.7553
3.4498,0.74184
3.3085,0.75419
3.2086,0.76497
3.7754,0.72415
3.7339,0.7252
3.4419,0.74242
3.5484,0.73439
3.2187,0.7609
3.1897,0.76073
3.5183,0.7358
3.4798,0.74052
3.5085,0.73811
3.3548,0.75328
3.1182,0.77384
3.3355,0.75162
3.3648,0.74871
3.343,0.7507
3.7214,0.7261
3.2266,0.75903
3.06,0.77544
3.2632,0.75642
3.3596,0.75075
3.3479,0.75108
3.2484,0.76091
2.9812,0.78106
3.2073,0.75772
3.2167,0.75654
3.1171,0.76548
3.0638,0.77166
3.9738,0.71492
3.6074,0.73335
3.6725,0.72649
3.6872,0.72513
3.5532,0.73474
3.4925,0.74057
3.552,0.73391
3.3801,0.74772
3.4486,0.74425
3.6939,0.72782
3.3999,0.74596
3.49,0.73893
3.4456,0.74501
3.6413,0.73291
3.519,0.73673
3.3455,0.75045
3.2835,0.75122
3.4353,0.74172
3.4548,0.73888
3.4522,0.74327
3.5289,0.73984
3.7159,0.72279
3.7287,0.72145
3.3302,0.74943
3.2564,0.75312
3.0545,0.76938
3.0973,0.76644
3.5807,0.73193
3.1459,0.76556
3.1552,0.76502
3.349,0.74584
3.4385,0.73834
3.6947,0.72117
3.266,0.75344
3.2923,0.7532
3.0416,0.77043
3.4502,0.73645
3.1768,0.75797
3.3775,0.74768
3.4387,0.74377
3.2714,0.75452
3.6114,0.72827
3.1962,0.7581
3.184,0.75723
3.2241,0.7509
3.1958,0.75485
3.0186,0.77081
3.064,0.76779
3.2831,0.74946
3.7331,0.7163
3.3464,0.74868
3.6933,0.72494
3.6174,0.72846
3.8864,0.70421
3.2451,0.74806
3.7744,0.71151
3.825,0.70859
3.2648,0.74765
3.0989,0.76466
3.5128,0.73534
3.231,0.7483
3.1317,0.75633
2.8952,0.77821
3.0574,0.76678
3.2578,0.74906
3.6432,0.7184
3.4306,0.73514
3.4962,0.73051
3.126,0.75872
3.5422,0.72248
3.4216,0.73024
3.009,0.77085
2.8224,0.78544
3.4062,0.73156
3.2585,0.73971
3.1554,0.74998
3.1493,0.74842
2.7763,0.78657
2.7335,0.78923
2.9605,0.76325
2.9793,0.76333
2.8741,0.77784
2.7122,0.794
3.0643,0.75828
3.2406,0.74238
3.2211,0.74223
3.2917,0.73412
2.9447,0.76347
2.7528,0.7816
2.7902,0.77979
2.9401,0.76377
2.8194,0.77724
3.2184,0.75102
3.1577,0.74902
2.5562,0.80188
2.5972,0.79692
2.2716,0.82968
2.986,0.75502
2.7584,0.77399
3.0002,0.75412
2.8971,0.76618
2.6256,0.79888
2.9011,0.76926
2.6915,0.78342
2.8019,0.77062
3.0322,0.75201
2.4206,0.80627
2.9987,0.75552
2.5534,0.7943
2.6913,0.78467
2.6576,0.78991
2.7712,0.7794
2.8166,0.77098
2.9593,0.75519
2.8367,0.76513
2.764,0.77148
2.6061,0.7892
2.7187,0.77512
2.8703,0.76078
2.6788,0.78235
2.817,0.77229
2.7888,0.77614
2.4719,0.80129
2.8788,0.76121
2.9232,0.75705
3.0018,0.75038
2.6352,0.78203
2.7849,0.77164
2.8142,0.76802
2.3435,0.81139
2.383,0.80769
2.4505,0.79644
2.412,0.80088
2.6663,0.77717
2.4875,0.79062
2.4548,0.79637
2.3659,0.80783
2.5459,0.78573
3.129,0.73655
2.3758,0.80295
2.7848,0.76461
2.8164,0.76026
2.2973,0.80929
2.5809,0.78368
2.8977,0.75285
2.5506,0.79359
2.2903,0.8155
2.628,0.77293
2.3982,0.79592
2.5825,0.77736
2.8317,0.75784
2.3751,0.79497
2.0612,0.83738
2.1043,0.83022
2.0994,0.83089
2.3446,0.79901
2.4248,0.7956
2.1837,0.81863
2.488,0.78523
2.2962,0.80187
2.0303,0.83811
2.1282,0.82351
3.0455,0.73539
2.5346,0.78062
2.4071,0.79484
2.7899,0.75568
2.3353,0.80563
2.5217,0.78128
2.2894,0.8024
2.2376,0.8079
2.4056,0.79072
2.5431,0.77331
2.6579,0.76711
2.695,0.76745
2.5038,0.77945
2.4629,0.77856
2.7662,0.74698
2.473,0.77945
2.3515,0.79269
2.2496,0.80344
2.1343,0.81032
2.1598,0.81006
2.3333,0.79359
2.2205,0.80102
2.2734,0.79407
2.5079,0.76673
2.0236,0.8199
2.1675,0.80163
2.0582,0.81418
2.2988,0.78428
2.1959,0.79807
2.0768,0.81517
2.1313,0.80658
2.3986,0.76911
1.9862,0.82498
2.8715,0.73746
2.3198,0.78355
2.6254,0.75441
2.4501,0.77665
2.4578,0.77436
2.6974,0.74951
2.616,0.75535
2.5887,0.75534
2.4168,0.76864
2.6349,0.75236
2.6874,0.74734
2.3501,0.77853
2.3439,0.77783
2.1357,0.80495
2.1808,0.80059
2.1649,0.80149
2.3675,0.77451
2.2598,0.79071
2.3616,0.78015
1.9348,0.82938
2.0959,0.80365
1.747,0.84971
2.0866,0.80227
2.0987,0.79965
1.9173,0.82544
2.0565,0.80687
2.0332,0.81062
2.0425,0.80687
1.8294,0.83905
1.8589,0.8307
1.9364,0.81991
2.4071,0.77036
2.1617,0.79609
2.2071,0.79419
2.1135,0.80526
2.1595,0.80046
2.2659,0.78914
2.2621,0.78862
2.2877,0.78141
2.1445,0.79811
2.3157,0.78063
2.1139,0.80238
2.1167,0.80087
2.0978,0.80171
2.1519,0.79632
1.6868,0.85244
1.6989,0.84901
1.9046,0.82333
1.6001,0.86559
1.5733,0.86903
1.4537,0.89156
1.6007,0.86434
2.0641,0.80917
1.7766,0.83828
1.7177,0.84732
1.9874,0.8122
1.7683,0.83631
1.5943,0.86711
1.5493,0.87751
1.6587,0.86224
1.8086,0.83899
1.8292,0.83233
1.7605,0.83808
1.6861,0.84553
1.4452,0.88105
1.4329,0.88646
1.4001,0.89233
1.5137,0.87231
1.3948,0.89262
1.8022,0.83775
1.7902,0.83569
1.8491,0.82305
1.7475,0.83589
1.8053,0.82677
1.7444,0.8358
1.7001,0.84125
1.7604,0.83046
1.777,0.8302
1.7322,0.8327
1.7899,0.82277
1.8151,0.82234
1.6487,0.84841
1.3991,0.88367
1.8132,0.82479
1.7936,0.82632
1.8522,0.81517
1.766,0.82418
1.7845,0.82033
1.6909,0.82973
1.8607,0.80679
1.7691,0.82057
1.7966,0.81938
1.7401,0.83058
1.7596,0.82774
1.4928,0.86169
1.5778,0.84282
1.6653,0.82768
1.6488,0.83164
1.6644,0.8291
1.719,0.81769
1.72,0.82072
1.6704,0.82951
1.797,0.81178
1.8511,0.80483
1.6376,0.83546
1.7999,0.812
1.8006,0.80887
1.8775,0.79757
1.8115,0.80589
1.8066,0.80897
1.7836,0.80831
1.8217,0.80183
1.7806,0.80802
1.6229,0.82853
1.6265,0.82587
1.8144,0.80533
1.8682,0.79524
1.7385,0.81321
1.7468,0.81382
1.8363,0.79947
1.7893,0.8053
1.6717,0.82342
1.6979,0.81744
1.7383,0.80651
1.731,0.80632
1.7138,0.8116
1.7013,0.8153
1.7946,0.80236
1.2053,0.8905
1.468,0.84158
1.4404,0.84343
1.6974,0.809
1.588,0.82347
1.5086,0.83535
1.52,0.83525
1.4992,0.83711
1.5368,0.82987
1.5742,0.81947
1.3921,0.85022
1.4316,0.83912
1.5155,0.82452
1.3226,0.85967
1.4566,0.83971
1.2954,0.86741
1.2955,0.87109
1.3017,0.86763
1.553,0.82039
1.5116,0.82269
1.7152,0.79324
1.4089,0.83677
1.7349,0.78805
1.6048,0.80978
1.4356,0.83349
1.7185,0.78988
1.4856,0.82677
1.696,0.79352
1.6513,0.80025
1.6152,0.80462
1.6005,0.8065
1.5742,0.81083
1.6277,0.80264
1.5392,0.81761
1.5998,0.80538
1.5557,0.81348
1.5949,0.80616
1.5256,0.81473
1.5073,0.82114
1.5203,0.81862
1.5747,0.81089
1.4776,0.82279
1.5041,0.82176
1.4236,0.83379
1.4358,0.82838
1.5057,0.8158
1.4844,0.8214
1.4307,0.8324
1.5171,0.81494
1.4193,0.83062
1.4706,0.81784
1.4665,0.8229
1.4042,0.83426
1.407,0.83216
1.1759,0.87437
1.1854,0.87003
1.23,0.85752
1.4238,0.82789
1.4101,0.83032
1.4834,0.8148
1.5083,0.80791
1.5233,0.80314
1.5323,0.8006
1.5295,0.79902
1.5919,0.79069
1.6317,0.78779
1.5297,0.80648
1.5124,0.81038
1.5426,0.80308
1.5324,0.80369
1.5204,0.80286
1.4547,0.81186
1.4777,0.80286
1.3947,0.81923
1.4722,0.80628
1.3323,0.83839
1.3613,0.83206
1.4102,0.82266
1.4455,0.81294
1.3923,0.8192
1.4711,0.80575
1.4398,0.80989
1.4591,0.80611
1.4697,0.80738
1.4294,0.81844
1.4029,0.82205
1.4627,0.80945
1.4166,0.81826
1.322,0.83273
1.2866,0.8365
1.3141,0.83238
1.303,0.83274
1.2842,0.84065
1.335,0.83203
1.3281,0.83514
1.2251,0.85464
1.2992,0.83953
1.3212,0.83252
1.3832,0.8194
1.3611,0.82479
1.286,0.84051
1.3699,0.82374
1.3228,0.83505
1.3436,0.82987
1.3065,0.83624
1.3636,0.82495
1.2937,0.84306
1.3716,0.82506
1.4014,0.81777
1.3359,0.83087
1.1801,0.86044
1.3224,0.83135
1.303,0.83572
1.3229,0.83078
1.3046,0.83271
1.3123,0.83184
1.3103,0.83401
1.5237,0.80219
1.5658,0.79222
1.3446,0.82938
1.3659,0.82245
1.2685,0.84338
1.3234,0.83198
1.2205,0.85436
1.2601,0.84536
1.2482,0.84818
1.2577,0.84408
1.3127,0.83566
1.3489,0.82743
1.3091,0.83449
1.2239,0.85268
1.2433,0.84711
1.2692,0.84177
1.2624,0.84488
1.211,0.85614
1.1698,0.86919
1.2315,0.84895
1.2712,0.83658
1.1295,0.86578
1.2162,0.84624
1.2062,0.85065
1.1792,0.86002
1.1922,0.85734
1.1792,0.86043
1.2076,0.85474
1.1859,0.85503
1.2339,0.84215
1.1632,0.86018
1.2197,0.84809
1.2306,0.84641
1.1505,0.86509
1.1859,0.8575
1.1788,0.85987
1.2867,0.83508
1.1443,0.86086
1.1503,0.86041
1.3256,0.82655
1.2005,0.85257
1.2596,0.84328
1.331,0.82989
1.1811,0.85518
1.1503,0.86411
1.4131,0.81498
1.1306,0.86637
1.1691,0.85724
1.1504,0.8603
1.3405,0.82518
1.1475,0.86187
1.0921,0.87405
1.2703,0.83999
1.1149,0.86874
1.3269,0.83099
1.0965,0.87475
1.3648,0.82418
1.3659,0.82294
1.453,0.80873
1.3493,0.82527
1.3449,0.82585
1.3244,0.83086
1.4134,0.81227
1.3039,0.83368
1.262,0.84159
1.3429,0.82475
1.3856,0.82298
1.3976,0.81837
1.3475,0.82686
1.3575,0.82336
1.3742,0.81978
1.335,0.82632
1.3404,0.8251
1.3617,0.82037
1.3449,0.82461
1.3696,0.81936
1.2825,0.83613
1.2684,0.83859
1.3343,0.82655
1.3765,0.81689
1.3267,0.82941
1.3667,0.82322
1.2856,0.83554
1.3387,0.82627
1.2929,0.83244
1.32,0.82666
1.3382,0.82492
1.3823,0.81891
1.2441,0.84672
1.2868,0.83613
1.2913,0.83429
1.2762,0.83547
1.2956,0.82887
1.3635,0.8146
1.2901,0.83394
1.3218,0.82766
1.3315,0.82758
1.3049,0.8342
1.2293,0.84679
1.3138,0.82806
1.2339,0.8429
1.2466,0.83897
1.2222,0.8425
1.2885,0.8312
1.2436,0.84343
1.2723,0.83856
1.2572,0.84139
1.2873,0.83468
1.2737,0.83575
1.3044,0.82878
1.2907,0.82948
1.2337,0.84268
1.3761,0.81877
1.2698,0.83788
1.2288,0.84573
1.3781,0.82218
1.3487,0.82347
1.3562,0.82053
1.2896,0.83148
1.4169,0.81137
1.3413,0.82493
1.2697,0.83516
1.3367,0.82502
1.4053,0.8118
1.2838,0.83482
1.2599,0.8365
1.2675,0.83621
1.241,0.84171
1.3191,0.82932
1.2953,0.83176
1.3502,0.82209
1.5195,0.79651
1.2973,0.82957
1.3411,0.82266
1.4832,0.80003
1.4565,0.80244
1.2245,0.84239
1.2168,0.843
1.2715,0.83197
1.2338,0.84125
1.2076,0.84541
1.2007,0.84797
1.2057,0.84826
1.2346,0.84409
1.215,0.84937
1.2573,0.8392
1.2086,0.84788
1.2262,0.84508
1.4479,0.8037
1.242,0.84121
1.3492,0.82328
1.2966,0.82987
1.3252,0.82414
1.3379,0.82297
1.3083,0.82893
1.1828,0.84879
1.2298,0.84292
1.4609,0.80103
1.4482,0.80499
1.1922,0.85028
1.2626,0.83775
1.2915,0.83049
1.2647,0.83586
1.2776,0.83379
1.2848,0.83076
1.2612,0.8368
1.3013,0.82729
1.2718,0.83328
1.3157,0.82499
1.3136,0.82662
1.2739,0.83418
1.3073,0.8319
1.4556,0.80446
1.167,0.85282
1.0836,0.86817
1.3048,0.82452
1.1248,0.85663
1.3102,0.82537
1.3323,0.82199
1.1349,0.85928
1.1153,0.86226
1.1953,0.84748
1.1509,0.85424
1.3066,0.82519
1.1278,0.85709
1.2808,0.83137
1.3512,0.81561
1.3212,0.82263
1.3121,0.8246
1.2767,0.83243
1.3046,0.82451
1.2735,0.83093
1.278,0.83105
1.2851,0.82988
1.2506,0.83617
1.2853,0.83009
1.3198,0.82256
1.2713,0.83169
1.2506,0.83452
1.2891,0.82725
1.1976,0.84653
1.2051,0.84502
1.3289,0.82241
1.3075,0.82617
1.2152,0.83971
1.21,0.84166
1.2589,0.83337
1.1896,0.84437
1.2532,0.83226
1.2571,0.83115
1.3557,0.814
1.2881,0.82573
1.276,0.82741
1.2824,0.82605
1.2413,0.83237
1.2266,0.83579
1.2796,0.8253
1.2324,0.83449
1.2553,0.82787
1.3402,0.81672
1.225,0.83856
1.3134,0.82525
1.2606,0.83281
1.2788,0.8289
1.2525,0.83098
1.2391,0.83263
1.2952,0.82205
1.213,0.83952
1.2902,0.83065
1.2859,0.82701
1.2319,0.8391
1.2347,0.83798
1.2675,0.82804
1.2558,0.82855
1.209,0.83921
1.2415,0.83297
1.4896,0.7925
1.3141,0.81987
1.2741,0.82695
1.2408,0.83295
1.2513,0.83462
1.1312,0.85575
1.0778,0.86792
1.0903,0.86424
1.2083,0.83945
1.2543,0.83128
1.2296,0.83779
1.2216,0.84083
1.1218,0.85954
1.0994,0.86341
1.2723,0.82715
1.2177,0.83638
1.238,0.83185
1.2358,0.83273
1.069,0.86722
1.26,0.8298
1.244,0.83154
1.0599,0.87038
1.0307,0.87696
1.0499,0.87271
1.1279,0.85295
1.1671,0.84497
1.0423,0.87396
1.1354,0.85368
1.2021,0.83909
1.278,0.82801
1.2474,0.83071
1.2369,0.83318
1.2355,0.83513
1.0791,0.86514
1.243,0.83202
1.2379,0.83463
1.1252,0.85463
1.2233,0.83568
1.1517,0.85012
1.0659,0.86874
1.2532,0.82943
1.1246,0.85398
1.1744,0.84434
1.2051,0.83916
1.2389,0.83318
1.2283,0.83441
1.2029,0.84098
1.2137,0.83562
1.224,0.83511
1.1893,0.84297
1.186,0.84185
1.2366,0.83268
1.1915,0.84102
1.1734,0.8457
1.1385,0.84925
1.0821,0.86249
1.1233,0.85563
1.2048,0.83849
1.2114,0.83855
1.258,0.82857
1.2138,0.83988
1.2189,0.83668
1.2653,0.82632
1.2231,0.83611
1.1597,0.85007
1.2366,0.83174
1.1595,0.84916
1.1549,0.848
1.1321,0.85222
1.0755,0.86778
1.1404,0.8515
1.1341,0.85252
1.197,0.84119
1.2224,0.8347
1.1016,0.85598
1.2226,0.83266
1.1194,0.85258
1.2461,0.82991
1.2279,0.83337
1.2216,0.83514
1.0481,0.86816
1.0739,0.86316
1.0737,0.86356
1.0806,0.86022
1.0688,0.86472
1.082,0.86179
1.0677,0.8661
1.0228,0.87858
1.0471,0.87319
1.0633,0.86841
1.0944,0.86273
1.0516,0.86801
1.0519,0.86972
1.0858,0.86305
1.1872,0.84188
1.2223,0.83443
1.2325,0.83364
1.1783,0.84501
1.3138,0.82023
1.3498,0.81199
1.2304,0.83099
1.2157,0.83742
1.2544,0.83037
1.1264,0.85467
1.1468,0.84837
1.2258,0.83288
1.0485,0.86828
1.0706,0.86171
1.1031,0.85718
1.0569,0.86648
1.0286,0.87282
1.0545,0.87012
1.047,0.87048
1.0585,0.86846
1.0478,0.87055
1.0914,0.85991
1.158,0.84686
1.1676,0.8463
1.1802,0.84002
1.1961,0.83925
1.0889,0.86128
1.1491,0.84957
1.1676,0.84662
1.0654,0.86863
1.0598,0.86761
1.0946,0.86045
1.0822,0.85991
1.1298,0.85018
0.98715,0.88364
0.98878,0.88284
0.99861,0.88275
0.95797,0.89014
1.0737,0.86363
0.97369,0.88458
0.99552,0.88065
0.9996,0.88102
1.0225,0.87677
1.1268,0.85513
1.117,0.85701
1.0827,0.86408
1.173,0.84135
1.1781,0.83805
1.2067,0.8318
1.2163,0.83351
1.2081,0.83397
1.1897,0.83988
1.2267,0.83181
1.2325,0.83316
1.2029,0.83677
1.155,0.84643
1.1971,0.83633
1.1372,0.84778
1.1936,0.83436
1.1858,0.83604
1.085,0.85663
1.2503,0.82512
1.1716,0.84443
1.1816,0.84456
1.0162,0.87663
1.1721,0.84335
1.1252,0.85114
1.1086,0.85229
1.0935,0.85641
1.1248,0.8522
1.3017,0.81939
1.2833,0.82064
1.1095,0.85651
1.0856,0.86154
1.3033,0.8161
1.2224,0.83258
1.2255,0.83188
1.2375,0.83049
1.2489,0.82839
1.2604,0.82916
1.2727,0.82534
1.2305,0.8339
1.0199,0.87345
0.99852,0.87634
1.3425,0.80809
1.0225,0.87293
1.1727,0.8413
1.2068,0.8368
1.131,0.85258
1.0744,0.86313
1.1635,0.84582
1.1658,0.84522
1.1398,0.84947
1.1655,0.84411
1.0563,0.86826
1.2408,0.82876
1.2291,0.83426
1.2572,0.82635
1.2414,0.82851
1.1803,0.84232
1.2293,0.83188
1.2087,0.83412
0.99501,0.88093
1.2103,0.83533
1.041,0.87241
1.1229,0.85338
1.0521,0.86652
1.2119,0.83392
1.0185,0.87463
1.1102,0.85491
1.1041,0.85593
1.2855,0.82031
1.123,0.85101
1.1319,0.85143
1.0076,0.87609
1.0907,0.85724
1.0873,0.86112
1.0241,0.87351
1.2233,0.83199
1.2806,0.82096
1.2848,0.82168
1.2992,0.81959
1.2026,0.83684
1.2567,0.82805
1.2135,0.83518
1.2357,0.8304
1.072,0.86211
1.189,0.8391
1.2333,0.83074
1.195,0.83781
0.97696,0.88584
1.034,0.87249
1.1345,0.85039
1.0196,0.8745
0.98013,0.88616
1.0027,0.87676
1.0569,0.86215
1.0649,0.86007
1.1255,0.84905
1.1055,0.85552
1.1021,0.85634
1.0968,0.85808
1.1612,0.84424
1.1982,0.83646
1.2309,0.82718
1.1648,0.84229
1.0003,0.87652
1.015,0.87424
1.0403,0.86619
1.0167,0.87315
1.0265,0.86953
1.0558,0.86394
1.16,0.84559
1.1299,0.85069
0.91271,0.89887
1.0618,0.86437
1.147,0.84435
1.1347,0.8451
1.1371,0.84549
1.1749,0.83879
1.1934,0.83675
1.3202,0.81591
1.1515,0.84484
1.1696,0.84153
1.1156,0.85489
1.1547,0.84575
0.97971,0.88293
0.96907,0.88571
1.0061,0.87392
0.97516,0.88404
0.97611,0.88414
0.90708,0.90201
0.92576,0.89677
1.1654,0.84184
0.99764,0.87695
0.98403,0.87991
1.0091,0.87472
0.88935,0.90291
0.9728,0.88146
1.1477,0.84122
0.97019,0.88418
1.1258,0.84905
0.96904,0.88313
1.1366,0.84703
1.1268,0.84939
1.1453,0.84639
1.1435,0.84697
0.96502,0.88712
1.2635,0.82372
1.2022,0.83502
0.90286,0.90191
0.9363,0.89002
1.3249,0.81273
0.96202,0.88481
1.3901,0.79831
0.96055,0.88566
0.96935,0.88336
0.9182,0.89843
0.95589,0.88704
0.9439,0.88846
0.97419,0.87886
0.96419,0.88331
1.4151,0.79848
1.1449,0.84749
1.3398,0.8099
1.1794,0.8387
0.88262,0.90332
0.87832,0.90442
1.3277,0.81373
1.1494,0.84485
1.092,0.85863
1.1871,0.83891
1.0431,0.8709
1.1888,0.83862
0.94544,0.88979
0.94833,0.88789
0.95358,0.88464
0.93167,0.89158
1.1586,0.84116
1.3344,0.80959
1.2587,0.8248
0.92176,0.89467
1.3299,0.81208
0.9233,0.8957
0.91815,0.89687
0.95628,0.88589
0.88726,0.90395
0.92914,0.89362
1.2691,0.82203
1.2158,0.83498
1.2562,0.82633
1.2017,0.83463
1.2133,0.83094
1.1941,0.83547
1.2191,0.82828
1.2013,0.83169
1.2071,0.83051
1.3204,0.81167
1.1734,0.84185
1.1911,0.83697
1.0948,0.85659
1.2426,0.82668
1.2098,0.8307
1.1683,0.83705
1.1901,0.83273
1.0432,0.86386
1.0486,0.86382
1.376,0.80389
1.0742,0.86114
1.1835,0.83844
1.1071,0.85234
1.0888,0.8554
1.1381,0.84393
1.0733,0.85739
1.0736,0.85619
1.1469,0.84129
1.1198,0.84646
1.1236,0.84708
1.1061,0.85123
1.155,0.84212
0.91976,0.89613
0.91884,0.89663
1.0628,0.86492
0.87837,0.90663
0.89339,0.9008
0.89195,0.90128
1.3074,0.81272
1.1135,0.85237
1.3075,0.81363
1.1237,0.85089
1.1304,0.84684
1.1304,0.84951
1.1278,0.8455
1.3131,0.80995
1.0788,0.85536
1.0637,0.8582
0.7962,0.92681
0.86938,0.90656
1.2278,0.82773
0.87925,0.90444
1.0198,0.87171
1.0455,0.86518
0.99451,0.87858
1.0403,0.86742
0.90097,0.8985
1.0801,0.85339
1.151,0.84026
1.206,0.82925
1.1685,0.83826
0.89911,0.89809
0.92737,0.89299
1.1594,0.84202
0.89216,0.89855
0.89989,0.8975
1.2445,0.82209
0.85073,0.91197
0.92758,0.89261
1.279,0.8191
1.091,0.85832
1.114,0.85306
1.2677,0.82366
1.2881,0.82086
1.4228,0.79434
1.3248,0.81094
1.4359,0.79312
1.3341,0.81174
0.86345,0.9107
0.94239,0.8919
0.93992,0.89113
1.082,0.85727
1.1736,0.83851
1.3298,0.81049
1.2749,0.81998
1.2833,0.81839
0.85815,0.91084
1.1668,0.84042
1.1427,0.84574
0.88644,0.90288
0.85791,0.91279
0.8748,0.90725
0.86975,0.90971
0.86853,0.90771
1.1339,0.84806
0.91769,0.89429
0.9579,0.88273
0.99039,0.87479
0.94905,0.88781
1.1718,0.83828
0.95394,0.88633
1.1921,0.83454
1.195,0.8359
1.1953,0.83362
1.1826,0.83658
0.95818,0.88468
1.2001,0.83293
1.187,0.83563
1.1881,0.8364
1.1555,0.84268
1.0517,0.86476
1.1619,0.841
1.0799,0.8555
1.0859,0.85287
1.14,0.83959
1.1185,0.84498
1.0097,0.87034
1.1517,0.84061
0.87951,0.90677
1.351,0.80676
1.3496,0.80601
1.3775,0.80062
1.1576,0.83842
1.1544,0.84072
0.94307,0.88953
1.1265,0.84947
0.95504,0.88708
0.94835,0.88906
0.95291,0.88706
0.94362,0.88953
1.1033,0.85291
0.93086,0.89184
1.105,0.85214
1.1187,0.84857
1.0929,0.85538
1.1329,0.84474
1.1713,0.83558
1.0661,0.8621
1.1256,0.84764
1.1404,0.84328
1.0911,0.85468
1.0728,0.85778
1.2668,0.81943
1.1588,0.84215
0.97287,0.87848
1.224,0.82786
1.0874,0.85244
1.2341,0.82397
1.0075,0.86949
0.98554,0.87715
0.95761,0.88504
0.96486,0.88377
0.96994,0.88293
0.988,0.87535
0.84875,0.91042
0.84348,0.91353
0.88824,0.90041
0.96018,0.88405
0.95867,0.88529
0.8584,0.91376
0.9558,0.88854
0.97657,0.88256
0.94631,0.88905
1.0605,0.86108
1.1793,0.83605
0.89994,0.89867
1.118,0.84592
1.0477,0.86117
1.1859,0.8344
1.0441,0.86509
1.0898,0.85534
1.0212,0.87187
1.2712,0.81964
1.045,0.86288
1.2154,0.82913
1.0777,0.85718
0.99467,0.87567
0.96928,0.88203
1.2214,0.82959
0.94542,0.88954
1.3279,0.81079
1.198,0.83181
1.159,0.8405
1.3034,0.81313
1.3457,0.80663
1.095,0.85228
1.1752,0.8393
1.1183,0.85001
1.1415,0.84394
1.1088,0.85064
0.85364,0.91268
0.83907,0.9171
0.83723,0.91608
0.87255,0.90585
1.1426,0.84284
0.86485,0.90877
1.1131,0.84926
1.1365,0.84587
0.87717,0.90421
0.85206,0.91194
0.83426,0.91713
0.84996,0.91219
0.91081,0.89523
0.94859,0.88567
1.0609,0.86055
0.97489,0.88035
1.1654,0.84095
0.92521,0.89474
1.2351,0.82944
0.96326,0.88331
0.94835,0.8869
1.1723,0.8392
1.1765,0.83739
1.1595,0.84093
1.1952,0.83463
1.3267,0.80999
1.2932,0.81698
1.3094,0.816
1.1927,0.8386
1.0221,0.87281
1.0892,0.85715
1.3017,0.81659
1.2345,0.8279
1.2996,0.81609
1.3136,0.81528
1.3208,0.81313
1.2169,0.83068
1.1714,0.8413
1.1919,0.83751
1.2002,0.83635
1.1467,0.84738
1.2193,0.83243
1.238,0.83013
0.96811,0.88395
1.2194,0.83215
1.2037,0.8372
0.98335,0.88135
1.119,0.85089
1.1936,0.83852
1.0398,0.86877
1.0705,0.86271
1.1829,0.84196
0.97378,0.88693
0.95546,0.89257
0.95676,0.89156
0.93145,0.89888
0.96846,0.88629
1.1084,0.85651
0.95948,0.89158
1.0968,0.85814
1.0258,0.8728
0.97755,0.88296
0.95976,0.88733
0.95651,0.88939
0.94773,0.89241
0.91704,0.90207
0.9516,0.89198
0.94822,0.89189
0.87837,0.91126
0.94559,0.89269
0.98047,0.88324
0.95508,0.89036
1.2001,0.83514
1.1539,0.84776
1.2466,0.83142
1.2912,0.82526
1.2695,0.82718
1.2518,0.83196
1.1738,0.84461
1.1787,0.84387
1.2837,0.82421
1.1257,0.8541
1.3092,0.81926
1.1158,0.85464
0.91893,0.90099
1.0447,0.87211
1.1605,0.84432
1.1965,0.84287
0.95522,0.89182
0.95498,0.89215
0.93677,0.89711
0.8532,0.91894
0.97053,0.88748
0.93253,0.89774
0.90851,0.90469
0.99323,0.88335
0.93975,0.89558
0.85085,0.92104
1.3358,0.81786
0.95216,0.89379
1.2135,0.83879
1.2713,0.82826
1.0686,0.86762
1.0495,0.8734
1.2785,0.8278
1.2747,0.82655
0.9741,0.88746
1.2994,0.82022
0.91156,0.90274
1.2163,0.83607
1.1731,0.84637
1.302,0.82435
1.0457,0.87339
1.1379,0.85589
1.008,0.88402
1.1729,0.84946
1.1914,0.84398
1.0016,0.88154
1.0032,0.88164
0.99521,0.88396
1.1784,0.84684
1.1888,0.84718
1.1746,0.84986
1.1507,0.85338
1.2171,0.83994
1.1048,0.85998
1.0209,0.87633
1.0326,0.87827
1.0309,0.87845
1.1098,0.85932
1.1074,0.86351
1.0916,0.86896
1.1816,0.84752
1.1785,0.84889
1.2139,0.83953
1.0259,0.87745
1.1741,0.84781
1.1664,0.84896
1.1884,0.84592
1.1865,0.8466
1.187,0.84671
1.2069,0.8438
1.1415,0.85846
1.1978,0.84805
1.1821,0.8488
1.2688,0.83366
1.0407,0.8776
1.357,0.81851
1.1339,0.85853
1.3655,0.8166
1.3422,0.81883
1.3771,0.81372
1.3385,0.82012
1.3603,0.81809
1.1465,0.8579
1.3714,0.81747
1.0186,0.88349
0.98552,0.8924
0.94031,0.90302
1.2591,0.83294
1.1534,0.85688
1.0094,0.88691
0.98684,0.89284
1.0242,0.8826
1.0118,0.88616
0.94555,0.89962
1.0183,0.88318
1.136,0.8584
1.1151,0.86408
1.3204,0.82599
1.1983,0.84706
1.1718,0.853
1.3224,0.82772
0.95356,0.90335
1.0676,0.8732
1.0066,0.88728
1.1926,0.84978
1.2157,0.84601
1.1764,0.85498
1.194,0.84934
1,0.89145
1.0146,0.88616
1.0347,0.88048
1.0055,0.88964
1.0365,0.88102
1.2187,0.84533
1.2225,0.84492
1.2096,0.84965
1.1553,0.85995
1.2207,0.84789
1.0073,0.89166
1.1865,0.85269
1.2231,0.84526
1.0632,0.8794
0.96435,0.90028
1.528,0.79297
1.0749,0.87585
1.0592,0.88177
1.0695,0.87996
1.0744,0.87986
1.0799,0.87724
1.1164,0.86825
1.1227,0.86559
1.1685,0.85883
1.196,0.85393
1.1186,0.86851
1.2088,0.84838
1.1061,0.86919
1.062,0.87696
1.0695,0.87686
1.0195,0.88891
1.0346,0.88819
1.0707,0.87906
1.2376,0.84609
1.1727,0.8585
1.0119,0.89081
1.0658,0.87714
1.2522,0.8424
1.2421,0.84547
1.2422,0.84404
1.178,0.85811
1.1896,0.85788
1.2538,0.84161
1.1495,0.86367
1.1458,0.86444
1.2199,0.84573
1.2306,0.84656
1.2279,0.84918
1.04,0.8871
1.115,0.86955
1.1483,0.86649
1.1356,0.86756
1.0852,0.87537
1.2029,0.8501
1.1536,0.85852
1.0801,0.8783
1.0511,0.88496
1.1127,0.86882
1.126,0.86791
1.079,0.88197
1.2119,0.85509
1.0971,0.87538
1.1977,0.85578
1.2199,0.85279
1.2132,0.85421
1.1974,0.85569
1.2107,0.85137
1.1918,0.85631
1.1834,0.85766
1.1877,0.85628
1.1807,0.85715
1.1197,0.87043
1.217,0.85554
1.2006,0.85737
1.2601,0.84413
1.2025,0.85681
1.2508,0.84705
1.2435,0.84689
1.2245,0.85057
1.1837,0.8622
1.2607,0.84389
1.1138,0.87394
1.2623,0.84605
1.1716,0.86423
0.95618,0.90827
1.0291,0.89162
1.0706,0.8822
1.0544,0.88713
1.2739,0.84418
1.2586,0.84829
1.2429,0.85107
1.1255,0.87172
1.2388,0.84831
1.2596,0.84442
1.2528,0.84507
1.2845,0.83904
1.1287,0.87012
1.0834,0.87968
1.0438,0.89029
1.0862,0.87864
1.1313,0.87051
1.3207,0.83723
1.1814,0.86011
1.1736,0.86155
1.066,0.88418
1.1516,0.86356
1.1208,0.87133
1.2046,0.85549
1.2616,0.84617
1.1704,0.86344
1.3096,0.84087
1.2802,0.84508
1.3286,0.83776
1.2743,0.84541
1.264,0.8469
1.2752,0.84389
1.3204,0.83518
1.2813,0.84342
1.3524,0.83
1.1456,0.86924
1.2211,0.85799
1.2417,0.85367
1.0996,0.88191
1.1724,0.86463
1.1584,0.86631
1.1997,0.85644
1.1408,0.86963
1.1947,0.85682
1.3474,0.83174
1.1601,0.8678
1.1894,0.86109
1.2444,0.85029
1.3387,0.83574
1.2498,0.85173
1.3677,0.82972
1.2435,0.85183
1.4106,0.8223
1.1801,0.86327
1.1457,0.87119
1.1655,0.8686
1.1756,0.8648
1.3588,0.83244
1.1942,0.86319
1.1725,0.86496
1.454,0.8159
1.3577,0.83071
1.1683,0.86506
1.2542,0.84996
1.3597,0.83257
1.2376,0.85129
1.2173,0.85667
1.2978,0.8419
1.2053,0.85771
1.2969,0.84335
1.2681,0.85094
1.1928,0.86316
1.2086,0.86032
1.1684,0.86829
1.4029,0.82752
1.3949,0.82883
1.3316,0.84008
1.2189,0.85815
1.2095,0.86061
1.2095,0.861
1.4016,0.82646
1.356,0.83499
1.2294,0.85656
1.2359,0.85544
1.1886,0.86473
1.1293,0.87915
1.1744,0.86857
1.2349,0.85888
1.2378,0.8558
1.1654,0.86954
1.0438,0.89832
1.1603,0.86994
1.5968,0.79754
1.3594,0.83289
1.1738,0.86897
1.3215,0.84155
1.4466,0.81907
1.266,0.85127
1.2602,0.84941
1.1735,0.86922
1.1628,0.87027
1.1687,0.86976
1.1196,0.87855
1.257,0.85086
1.2111,0.86042
1.1228,0.8776
1.1248,0.8792
1.4115,0.82811
1.4403,0.8242
1.3893,0.83161
1.4124,0.82788
1.4787,0.81774
1.2887,0.84763
1.3617,0.83497
1.2916,0.84947
1.3677,0.8361
1.3964,0.82891
1.3706,0.83622
1.3786,0.83379
1.3747,0.83387
1.4854,0.81644
1.6033,0.79719
1.2166,0.86182
1.5754,0.80303
1.5807,0.80234
1.3708,0.83434
1.4097,0.82902
1.3909,0.83001
1.202,0.86535
1.1845,0.86786
1.5531,0.80603
1.347,0.83633
1.2423,0.8546
1.1786,0.87026
1.2121,0.86413
1.3865,0.8338
1.1743,0.8722
1.3461,0.84346
1.3305,0.84453
1.3615,0.84113
1.3779,0.83717
1.3749,0.83582
1.3125,0.8518
1.3466,0.8427
1.3622,0.83848
1.3707,0.83627
1.4316,0.82278
1.3612,0.83869
1.2049,0.86508
1.1943,0.86607
1.2974,0.85149
1.2749,0.85657
1.1497,0.87483
1.4053,0.83175
1.2707,0.85631
1.4078,0.83381
1.2822,0.85259
1.2071,0.86803
1.3515,0.84139
1.2241,0.8647
1.3255,0.84863
1.1269,0.88627
1.369,0.83879
1.34,0.84465
1.2547,0.86152
1.3642,0.84017
1.4429,0.82288
1.3712,0.83783
1.2154,0.86341
1.428,0.82725
1.2022,0.86789
1.2344,0.86117
1.2045,0.86362
1.2215,0.86094
1.3248,0.84699
1.1521,0.87912
1.1661,0.87453
1.2624,0.85924
1.2541,0.85556
1.2059,0.86482
1.1779,0.87208
1.3425,0.8438
1.3766,0.83876
1.3361,0.84633
1.3936,0.83469
1.317,0.84804
1.3369,0.84395
1.4013,0.83426
1.406,0.83295
1.3793,0.83758
1.3698,0.83895
1.2944,0.85604
1.2059,0.86711
1.3094,0.84932
1.3835,0.8376
1.4307,0.82822
1.3923,0.83831
1.3821,0.83695
1.2147,0.86589
1.3781,0.8371
1.3515,0.84252
1.4534,0.82753
1.388,0.83619
1.4608,0.82485
1.3507,0.84109
1.3566,0.84223
1.3437,0.84613
1.3131,0.8485
1.4222,0.83043
1.4342,0.82918
1.4017,0.83554
1.4212,0.83393
1.3975,0.83643
1.2042,0.8723
1.4092,0.83337
1.3742,0.84137
1.2096,0.86776
1.1436,0.88297
1.2139,0.86592
1.3192,0.84883
1.2786,0.8552
1.2798,0.857
1.3605,0.84178
1.3479,0.84399
1.304,0.85252
1.34,0.84589
1.2615,0.85925
1.3107,0.85187
1.201,0.86907
1.2171,0.86883
1.1833,0.87365
1.2279,0.86145
1.1963,0.87081
1.204,0.86853
1.1634,0.87761
1.2451,0.86149
1.2154,0.8688
1.4433,0.82852
1.2173,0.87182
1.2122,0.87017
1.3198,0.85325
1.437,0.8345
1.3883,0.84014
1.3593,0.84148
1.4397,0.82871
1.4814,0.82145
1.4369,0.82934
1.4554,0.82638
1.4081,0.83681
1.4905,0.82115
1.4707,0.82775
1.4548,0.83097
1.4036,0.83776
1.3202,0.85386
1.3944,0.83798
1.4561,0.82554
1.3954,0.83739
1.2077,0.86941
1.3387,0.84814
1.3098,0.8551
1.4156,0.83872
1.2945,0.8586
1.2328,0.87071
1.3515,0.84683
1.4576,0.8319
1.3271,0.84867
1.4391,0.83128
1.5226,0.81829
1.3892,0.84078
1.5007,0.82275
1.5495,0.81442
1.4873,0.82725
1.4383,0.83391
1.3096,0.85334
1.4384,0.83081
1.4259,0.8315
1.3712,0.84254
1.4381,0.82771
1.2616,0.86007
1.3698,0.84289
1.3412,0.849
1.3199,0.8529
1.2353,0.86554
1.3092,0.85825
1.2946,0.85858
1.2894,0.85897
1.2567,0.86392
1.2687,0.86651
1.1305,0.88965
1.1509,0.88518
1.1975,0.87413
1.2989,0.85641
1.2376,0.86698
1.1967,0.87762
1.2189,0.86925
1.2357,0.86899
1.2057,0.87349
1.2717,0.86263
1.2566,0.86337
1.2931,0.85915
1.2341,0.86875
1.2795,0.86147
1.2791,0.85838
1.225,0.87052
1.3048,0.856
1.2515,0.86604
1.2177,0.86952
1.2525,0.86391
1.1703,0.88024
1.2227,0.87111
1.2469,0.86248
1.2557,0.86223
1.2484,0.86678
1.0693,0.90375
1.2013,0.8758
1.2616,0.86092
1.4314,0.8367
1.4296,0.83417
1.3733,0.84542
1.2916,0.85989
1.3069,0.85978
1.3326,0.85296
1.3083,0.8577
1.1426,0.88724
1.3464,0.84961
1.3036,0.85556
1.3873,0.84382
1.3467,0.85
1.2865,0.86339
1.274,0.86117
1.3443,0.84862
1.3528,0.84781
1.2807,0.86302
1.3503,0.84926
1.3374,0.85246
1.3154,0.85475
1.2688,0.86152
1.368,0.84638
1.3057,0.85869
1.3366,0.85088
1.297,0.85836
1.2804,0.8627
1.2567,0.87065
1.319,0.85404
1.3797,0.84473
1.3114,0.85794
1.2838,0.86225
1.3384,0.84876
1.3952,0.84218
1.4683,0.82653
1.2144,0.87155
1.1736,0.88195
1.4116,0.84093
1.1555,0.88672
1.3695,0.84747
1.1292,0.8935
1.3513,0.85138
1.189,0.87858
1.1892,0.87531
1.303,0.85839
1.1476,0.88711
1.2623,0.86428
1.4268,0.83864
1.1614,0.88803
1.14,0.89073
1.3232,0.85683
1.1141,0.89726
1.1845,0.87748
1.3785,0.84444
1.2088,0.87449
1.218,0.87119
1.2438,0.86854
1.1988,0.87863
1.1497,0.889
1.2524,0.86936
1.1968,0.88142
1.4355,0.83872
1.1841,0.88181
1.199,0.87879
1.2516,0.86831
1.3346,0.85329
1.2372,0.86969
1.2357,0.87215
1.2284,0.87287
1.2056,0.87842
1.1733,0.88426
1.4253,0.84136
1.3885,0.8476
1.2818,0.86188
1.26,0.86681
1.459,0.83345
1.279,0.86252
1.1883,0.8813
1.3932,0.84521
1.4051,0.84236
1.4241,0.84057
1.3534,0.85038
1.2431,0.87236
1.2428,0.87188
1.2235,0.87562
1.2022,0.87795
1.2376,0.8719
1.2142,0.87738
1.202,0.87898
1.2207,0.87469
1.132,0.89491
1.244,0.86995
1.1654,0.88625
1.2261,0.87356
1.2744,0.86718
1.2731,0.86797
1.2334,0.87362
1.2257,0.87705
1.2505,0.86911
1.2206,0.87718
1.379,0.85003
1.4291,0.8415
1.4561,0.83724
1.3876,0.85068
1.4207,0.84236
1.2369,0.86781
1.2249,0.87332
1.2412,0.87212
1.1997,0.88024
1.2264,0.87611
1.2079,0.87894
1.1413,0.8946
1.197,0.883
1.1509,0.8923
1.2436,0.87189
1.4746,0.83393
1.2,0.87887
1.224,0.8751
1.2859,0.86002
1.4076,0.84199
1.4005,0.84347
1.5471,0.82005
1.4498,0.83835
1.4908,0.8314
1.4344,0.84382
1.4742,0.83514
1.1261,0.89594
1.4557,0.83844
1.1948,0.88369
1.2635,0.86609
1.4038,0.8445
1.4375,0.84014
1.113,0.89937
1.1594,0.89342
1.1782,0.88881
1.2397,0.87351
1.2684,0.86927
1.2772,0.8666
1.1361,0.89412
1.1776,0.88388
1.3245,0.85845
1.1852,0.88658
1.1258,0.89795
1.1106,0.90079
1.1281,0.89739
1.2168,0.87851
1.3197,0.86313
1.2094,0.87964
1.375,0.85072
1.4491,0.83853
1.4507,0.8371
1.3804,0.84977
1.4,0.84681
1.2464,0.87391
1.2486,0.8702
1.2199,0.87596
1.1832,0.88517
1.3346,0.8601
1.2365,0.87334
1.1767,0.88701
1.1445,0.89312
1.3651,0.85114
1.4037,0.84661
1.2484,0.87245
1.4099,0.8454
1.3072,0.86104
1.3295,0.85637
1.1503,0.89523
1.3931,0.85085
1.2415,0.87493
1.2039,0.88331
1.1912,0.88477
1.2215,0.87619
1.3286,0.85836
1.2989,0.86492
1.2089,0.88052
1.2251,0.87841
1.2786,0.86725
1.0631,0.91106
1.0998,0.90201
1.0683,0.90766
1.0635,0.90992
1.0114,0.92114
1.0221,0.91965
1.0401,0.91726
1.0456,0.91674
1.0233,0.92168
1.0077,0.92584
1.0626,0.91099
1.1415,0.89628
1.2352,0.87832
1.4366,0.84437
1.2604,0.87128
1.121,0.89862
1.0406,0.91674
1.0881,0.90793
1.0967,0.90611
1.0797,0.90951
1.4311,0.84537
1.1729,0.8886
1.3123,0.86328
1.3201,0.86344
1.3343,0.8615
