49.408,0.14599
49.254,0.14687
49.084,0.14524
48.908,0.15355
49.874,0.13307
49.515,0.14211
49.557,0.13641
49.252,0.1448
49.072,0.14741
48.971,0.14818
48.748,0.1517
47.92,0.16355
49.426,0.14745
49.194,0.14723
49.197,0.14721
49.186,0.14724
48.888,0.15162
49.115,0.14791
49.507,0.14455
48.11,0.16161
47.724,0.16944
48.16,0.16081
48.289,0.15941
48.54,0.15715
49.847,0.13998
49.256,0.14783
49.277,0.14765
49.47,0.1443
49.211,0.14832
48.914,0.15286
48.215,0.15976
48.683,0.15447
48.283,0.16075
48.175,0.16137
48.508,0.15597
48.53,0.15692
49.167,0.14586
49.019,0.15165
49.095,0.15107
48.928,0.15542
49.233,0.14982
49.003,0.15415
49.183,0.15032
49.242,0.14514
48.753,0.15687
48.742,0.15635
49.304,0.14069
49.076,0.15391
49.183,0.14568
48.784,0.15478
49.016,0.14898
48.869,0.15117
48.806,0.15039
48.92,0.1528
48.681,0.15008
48.976,0.14987
48.556,0.15417
48.804,0.15186
48.834,0.15131
48.822,0.15095
48.888,0.14924
48.824,0.15364
48.79,0.15406
48.703,0.15027
48.494,0.15492
48.462,0.15655
48.464,0.15768
48.679,0.15243
48.527,0.15574
48.504,0.1554
48.603,0.15297
48.525,0.15226
48.114,0.1612
48.28,0.15761
47.917,0.16554
48.15,0.16226
47.451,0.17774
48.008,0.16573
48.349,0.15966
48.128,0.1629
48.127,0.16323
48.141,0.16366
48.125,0.16223
48.136,0.16146
48.087,0.15766
47.817,0.16183
48.211,0.16137
48.185,0.16347
48.169,0.15942
48.297,0.156
48.023,0.16296
47.904,0.16387
48.212,0.15676
48.037,0.16069
47.498,0.16932
47.795,0.16556
47.961,0.1599
47.806,0.16587
47.743,0.16874
47.588,0.16791
47.583,0.16808
47.583,0.16997
47.689,0.16804
47.789,0.16603
47.486,0.17181
47.757,0.16427
47.546,0.17051
47.269,0.17536
47.47,0.1683
47.256,0.17204
47.518,0.16797
47.2,0.17391
47.159,0.17906
47.009,0.17839
47.268,0.17386
47.036,0.17459
47.493,0.17189
46.973,0.17657
47.07,0.17566
46.732,0.17902
46.402,0.1814
46.361,0.17963
46.142,0.18582
46.304,0.18378
46.239,0.18579
46.095,0.18574
45.598,0.19677
46.423,0.18025
46.24,0.18366
46.47,0.18178
46.337,0.18078
46.423,0.18549
46.217,0.18248
46.584,0.17587
46.348,0.17858
46.493,0.17758
46.152,0.18769
46.509,0.18002
46.548,0.18117
46.403,0.18278
45.545,0.19069
45.855,0.18905
46.223,0.18273
46.678,0.18018
45.952,0.19029
45.999,0.18862
46.3,0.18253
46.429,0.18281
46.934,0.17639
46.413,0.18554
46.425,0.18355
46.379,0.18416
46.824,0.18026
46.637,0.18282
47.612,0.17097
47.734,0.17028
48.787,0.15307
48.777,0.15795
48.478,0.16666
48.522,0.16129
48.726,0.15901
49.189,0.15258
49.175,0.15592
48.991,0.15929
48.486,0.16832
48.491,0.1691
48.583,0.16784
48.654,0.16836
49.461,0.16821
48.295,0.18317
49.038,0.18071
48.334,0.18166
48.744,0.18283
48.79,0.18309
48.565,0.18605
48.757,0.1849
48.96,0.18161
48.611,0.18925
48.56,0.19049
48.825,0.19368
48.964,0.18327
48.95,0.18633
48.613,0.19031
48.446,0.19274
48.496,0.19208
47.835,0.19404
47.717,0.19675
47.923,0.19074
47.096,0.198
47.444,0.19366
46.539,0.20643
47.307,0.19719
46.15,0.22033
45.988,0.21761
45.794,0.22314
45.231,0.22585
45.328,0.22613
45.59,0.21595
44.259,0.23698
44.529,0.22653
44.495,0.22029
44.865,0.22207
44.328,0.22687
44.602,0.2164
43.44,0.23781
42.463,0.25217
43.182,0.24221
42.4,0.25564
42.641,0.24688
42.893,0.24715
43.227,0.24193
41.422,0.27804
42.288,0.2653
40.757,0.29827
41.368,0.28579
41.462,0.28762
41.322,0.27919
41.231,0.29165
42.269,0.26226
43.043,0.25318
42.192,0.2687
43.65,0.24319
43.86,0.24318
43.625,0.25455
44.321,0.2312
42.222,0.26195
42.533,0.25537
41.966,0.26775
44.228,0.23341
44.248,0.22451
43.399,0.24113
43.797,0.23847
43.92,0.23434
43.494,0.24167
43.719,0.24111
44.373,0.2344
45.141,0.22665
45.084,0.21813
44.863,0.22717
45.262,0.22244
44.918,0.23048
44.249,0.24238
44.049,0.23953
43.08,0.249
43.283,0.24104
43.356,0.24299
42.032,0.26174
42.336,0.24668
41.869,0.25048
42.437,0.24547
42.058,0.25077
41.351,0.25913
42.858,0.23833
41.366,0.25378
41.837,0.25161
41.519,0.24891
41.571,0.25153
41,0.26586
41.09,0.25173
39.605,0.26843
40.432,0.25873
39.848,0.26917
40.426,0.25311
41.246,0.24244
39.668,0.26493
39.837,0.25903
39.251,0.26854
39.294,0.26401
40.625,0.25215
40.293,0.24837
39.543,0.25692
39.769,0.26057
39.988,0.25509
39.347,0.25728
39.947,0.25634
39.863,0.25327
39.749,0.25332
37.299,0.28004
40.994,0.23828
39.505,0.25805
40.17,0.25069
40.262,0.23905
41.247,0.23439
42.898,0.2201
43.244,0.21564
42.422,0.22723
43.78,0.2088
40.305,0.24409
42.243,0.22403
40.479,0.24185
43.283,0.21361
42.679,0.21926
43.085,0.21569
42.649,0.21835
40.269,0.24256
42.301,0.22253
40.715,0.24145
40.882,0.23489
42.808,0.21267
44.252,0.19196
41.889,0.22193
45.465,0.18262
45.336,0.18556
47.352,0.16632
48.105,0.15393
47.69,0.15181
47.647,0.15691
49.875,0.13339
50.549,0.12814
51.62,0.1154
52.408,0.10874
52.021,0.11279
52.121,0.11605
52.196,0.11449
51.709,0.11424
50.777,0.12852
49.692,0.14027
47.644,0.16569
46.875,0.17262
46.104,0.18867
45.188,0.20071
45.112,0.19969
43.354,0.21726
43.12,0.22318
42.692,0.23044
41.466,0.24578
40.318,0.26368
39.591,0.27511
39.119,0.2773
38.619,0.27883
38.088,0.2801
34.986,0.32924
34.267,0.33117
37.303,0.29161
37.13,0.29327
35.059,0.31559
36.236,0.3037
37.187,0.28827
35.595,0.30895
33.848,0.33069
35.035,0.31973
36.425,0.30101
36.949,0.28808
35.744,0.30147
33.197,0.33628
33.928,0.33548
33.435,0.33252
33.911,0.32778
34.107,0.32654
33.234,0.33361
32.373,0.3455
34.105,0.32242
32.377,0.3482
32.836,0.3433
30.961,0.36681
31.658,0.34938
31.052,0.35588
31.371,0.35239
30.127,0.37534
30.56,0.36525
29.435,0.38561
29.076,0.3884
28.473,0.39865
28.296,0.39805
28.5,0.39597
29.097,0.3905
29.135,0.38632
28.565,0.3947
29.25,0.38066
28.162,0.39759
27.88,0.40093
28.101,0.39599
29.207,0.36814
27.605,0.39913
28.016,0.38879
27.035,0.40565
26.88,0.40795
26.322,0.41546
26.445,0.41092
25.585,0.42973
25.759,0.42113
25.667,0.42262
25.109,0.42856
25.531,0.42455
24.65,0.43573
26.074,0.41417
25.967,0.41694
26.072,0.4126
25.041,0.42758
25.248,0.42392
24.532,0.43449
24.844,0.43018
24.26,0.43704
23.661,0.44693
24.269,0.43517
24.67,0.42689
23.165,0.45228
24.294,0.43199
24.843,0.42401
24.696,0.42027
23.889,0.44093
24.266,0.43302
23.977,0.43756
23.724,0.43964
23.601,0.44007
23.398,0.44582
23.148,0.4478
23.358,0.44563
23.811,0.43516
23.7,0.43577
23.676,0.43643
22.541,0.4574
23.666,0.43493
22.366,0.45543
23.563,0.43674
22.694,0.45103
23.856,0.42996
22.55,0.45208
23.294,0.44133
22.744,0.45058
22.587,0.45103
21.044,0.48195
21.266,0.47456
21.157,0.47881
21.072,0.47856
21.756,0.4664
21.5,0.46986
21.933,0.46657
21.414,0.47492
21.472,0.4706
22.649,0.45062
22.154,0.45742
21.56,0.46651
21.943,0.45879
20.085,0.49225
21.651,0.46312
22.04,0.45824
22.393,0.45277
21.413,0.46766
21.177,0.47277
21.745,0.46242
20.972,0.47457
20.506,0.48274
20.95,0.47526
21.129,0.46942
20.673,0.4761
21.4,0.46023
21.698,0.45592
21.833,0.45213
22.412,0.43996
23.05,0.43196
24.109,0.41402
24.471,0.40506
25.094,0.39534
25.988,0.38342
26.41,0.37491
26.955,0.36922
25.194,0.39959
25.048,0.39909
25.11,0.39709
25.183,0.39454
25.842,0.38438
28.253,0.35482
26.486,0.38127
27.98,0.35808
28.228,0.35572
29.065,0.34174
27.463,0.361
29.727,0.3291
27.638,0.35931
27.871,0.35641
29.315,0.33598
25.88,0.38382
26.53,0.37478
28.955,0.34063
28.57,0.34147
27.466,0.36295
29.64,0.33307
31.055,0.31466
29.813,0.32813
30.081,0.3286
28.892,0.34497
29.981,0.33133
29.229,0.33923
30.494,0.31895
29.645,0.33587
29.816,0.33217
27.769,0.35821
30.961,0.31388
31.986,0.29789
34.413,0.27247
35.056,0.26329
30.246,0.32651
30.961,0.3152
31.346,0.31088
29.788,0.33466
31.418,0.31135
32.031,0.3025
33.557,0.28488
32.716,0.29531
34.574,0.27617
35.487,0.2603
32.93,0.29449
33.126,0.28864
33.33,0.28759
33.532,0.28631
35.051,0.26652
34.258,0.2769
33.082,0.2861
35.371,0.26493
36.742,0.24783
37.066,0.24334
34.436,0.27716
35.601,0.25725
33.96,0.28302
35.949,0.25297
33.531,0.28524
36.503,0.25021
37.779,0.24283
37.99,0.23984
36.827,0.25153
38.347,0.23603
38.477,0.22892
39.248,0.22208
37.756,0.23779
39.069,0.22406
36.832,0.24818
36.486,0.25434
35.621,0.26316
37.288,0.2422
35.287,0.2666
36.498,0.25041
36.17,0.25444
37.279,0.24272
39.181,0.22282
39.437,0.21992
40.122,0.21189
38.448,0.22573
40.756,0.20279
38.399,0.2334
41.376,0.20032
40.562,0.20655
40.204,0.20909
40.391,0.20904
41.114,0.19944
41.642,0.19752
41.043,0.19825
40.932,0.20223
41.12,0.2018
40.537,0.20521
41.566,0.19457
41.501,0.19029
41.79,0.19011
42.299,0.18337
41.929,0.19186
41.681,0.19681
40.859,0.20652
41.319,0.20304
40.55,0.20608
40.844,0.20095
40.492,0.21019
40.739,0.20357
41.221,0.19978
40.385,0.21144
40.649,0.21046
41.356,0.20093
41.575,0.19708
39.62,0.22168
40.833,0.20976
40.344,0.21322
41.12,0.204
41.945,0.19107
41.934,0.19275
42.175,0.18991
42.678,0.18245
42.125,0.19544
43.758,0.16912
42.257,0.19224
41.775,0.19668
41.144,0.20646
42.24,0.18579
42.537,0.17975
42.398,0.18308
42.759,0.18804
42.855,0.1794
41.925,0.19861
42.025,0.19235
41.76,0.19349
40.207,0.20901
41.26,0.19543
40.756,0.20711
40.995,0.20403
40.089,0.21225
41.039,0.20405
40.864,0.20074
41.49,0.1954
41.11,0.20197
40.935,0.20501
40.826,0.20378
40.078,0.20916
39.421,0.21824
39.885,0.21189
40.225,0.21097
40.484,0.20429
40.861,0.20088
40.877,0.2006
41.314,0.19387
40.526,0.20088
39.337,0.22242
40.553,0.21132
39.682,0.2204
40.172,0.21576
39.803,0.21574
39.401,0.21881
38.536,0.22733
39.554,0.22033
40.124,0.21063
38.94,0.22633
40.082,0.211
40.014,0.2106
40.322,0.20953
40.541,0.20454
41.326,0.19376
40.731,0.20284
42.276,0.18847
41.182,0.19619
41.033,0.20248
39.71,0.20799
39.194,0.22435
40.422,0.20996
41.185,0.19969
39.333,0.2158
41.862,0.19422
42.398,0.19045
44.55,0.17221
43.816,0.18202
44.763,0.16772
43.183,0.18321
43.497,0.18184
43.607,0.17796
41.854,0.19617
42.482,0.1873
41.067,0.19961
43.508,0.17349
43.753,0.17214
43.709,0.17466
42.683,0.18251
43.977,0.17301
43.852,0.17635
43.392,0.17809
42.487,0.19173
44.708,0.16613
43.307,0.18641
43.171,0.18242
43.92,0.17626
43.245,0.18166
44.288,0.16743
43.35,0.1727
43.649,0.17576
43.294,0.18094
45.621,0.15361
45.387,0.15831
44.08,0.16624
42.578,0.1814
41.943,0.18882
41.914,0.18726
43.28,0.17271
42.799,0.17929
42.116,0.18719
43.03,0.17483
42.613,0.18467
42.792,0.1779
43.208,0.17837
42.21,0.19355
41.93,0.19219
42.602,0.18994
41.657,0.19773
42.538,0.1897
41.569,0.19748
42.028,0.19159
41.232,0.2
41.154,0.19516
41.146,0.19721
41.916,0.18832
40.033,0.21187
41.786,0.18976
42.056,0.18812
41.292,0.20098
40.826,0.20064
41.957,0.19015
41.934,0.19045
42.227,0.18695
41.574,0.19663
42.437,0.18557
41.428,0.19643
41.345,0.19863
41.171,0.20214
42.317,0.188
42.315,0.18623
41.987,0.19196
41.597,0.19954
40.735,0.21592
40.085,0.21292
39.398,0.22654
41.034,0.20665
41.183,0.19797
40.91,0.20518
41.475,0.19775
41.312,0.20227
41.408,0.20198
41.518,0.19562
41.436,0.20145
42.263,0.18877
40.997,0.20771
41.899,0.19996
40.141,0.21598
40.16,0.21838
41.681,0.20007
40.464,0.21212
40.436,0.21884
43.015,0.18675
42.301,0.20207
43.146,0.18341
43.114,0.18581
43.133,0.18935
41.15,0.20416
41.448,0.19754
42.034,0.18965
41.261,0.20144
40.77,0.20486
40.806,0.20799
41.051,0.21086
42.334,0.18948
41.799,0.19745
42.315,0.19483
42.001,0.19736
40.749,0.21493
41.094,0.20678
41.841,0.19939
41.277,0.20676
40.913,0.20767
41.205,0.20573
41.178,0.20344
42.341,0.19437
43.688,0.18498
42.424,0.20462
43.224,0.18525
43.174,0.18696
42.585,0.19092
42.289,0.19258
42.14,0.20288
41.229,0.21208
41.741,0.20401
42.164,0.2001
41.041,0.21224
41.211,0.20933
41.6,0.20352
41.26,0.20641
41.534,0.20258
41.385,0.20727
41.736,0.20308
40.235,0.21373
39.886,0.21877
40.094,0.21848
39.31,0.22896
40.254,0.21986
39.971,0.22169
39.222,0.22977
38.934,0.22901
38.922,0.22831
39.045,0.22434
41.445,0.20412
41.075,0.20865
40.052,0.21702
40.784,0.20603
40.918,0.20483
40.404,0.20996
39.835,0.22028
39.401,0.22508
39.167,0.22209
40.06,0.21403
39.532,0.22239
38.84,0.22761
38.649,0.22884
39.356,0.21692
39.44,0.22144
40.179,0.21116
41.364,0.19939
39.447,0.22444
38.585,0.22997
39.159,0.22747
39.117,0.22138
39.117,0.2188
39.16,0.22421
38.887,0.22872
39.061,0.22707
39.06,0.22754
40.553,0.21301
39.214,0.22543
38.818,0.23506
38.863,0.23445
39.241,0.22607
40.044,0.21517
38.777,0.23212
39.165,0.22225
38.514,0.22833
38.936,0.22681
39.358,0.22352
41.146,0.20424
40.597,0.20958
40.831,0.21055
40.311,0.21267
39.79,0.21892
39.347,0.22258
38.55,0.2367
38.899,0.23123
39.071,0.23191
39.988,0.2117
39.41,0.22194
38.827,0.22801
38.956,0.2272
38.987,0.22962
39.199,0.22795
40.301,0.21643
39.571,0.22313
38.522,0.23058
37.858,0.24245
38.74,0.23321
37.77,0.23784
37.359,0.24132
38.071,0.23823
37.782,0.24098
39.463,0.22337
38.25,0.23442
38.73,0.22793
39.154,0.21969
38.844,0.22659
38.262,0.23648
39.729,0.22096
38.779,0.2325
38.851,0.22507
38.819,0.22859
39.103,0.22347
38.728,0.2317
38.656,0.22811
38.133,0.2398
38.145,0.23922
38.447,0.22607
39.246,0.22919
38.345,0.23163
39.654,0.21596
38.64,0.22866
38.758,0.22674
40.008,0.21422
39.309,0.21906
39.338,0.22181
39.595,0.21564
38.823,0.23093
38.949,0.22404
38.856,0.22511
38.681,0.23363
39.607,0.21733
38.901,0.22587
38.923,0.22613
38.124,0.23561
38.53,0.23576
37.635,0.24442
38.633,0.22629
38.196,0.23583
38.298,0.23717
38.349,0.2353
39.522,0.22222
39.172,0.2234
38.583,0.23078
39.438,0.22143
39.863,0.21753
40.23,0.21305
39.927,0.21917
40.126,0.21807
40.174,0.21508
39.13,0.22851
38.982,0.22665
39.672,0.22091
37.925,0.23921
38.351,0.23032
38.889,0.22866
38.27,0.23896
39.058,0.22506
38.123,0.23917
39.79,0.22001
40.333,0.20734
39.586,0.22159
39.775,0.21522
39.078,0.22476
39.782,0.21937
40.122,0.21869
40.431,0.21756
39.956,0.2174
39.495,0.22952
40.017,0.21954
38.271,0.23515
38.076,0.23746
37.706,0.23147
38.729,0.22207
39.187,0.22498
39.158,0.225
39.091,0.22409
40.071,0.2134
39.634,0.22445
39.571,0.22391
39.189,0.22749
39.744,0.22517
38.879,0.23152
38.963,0.22805
39.517,0.22132
38.951,0.22827
38.69,0.23188
39.252,0.22494
39.289,0.22572
39.009,0.22783
39.442,0.22514
39.461,0.22716
39.509,0.2281
39.236,0.22748
38.208,0.23503
38.159,0.24125
38.244,0.23902
38.543,0.23348
39.424,0.2235
39.372,0.22672
39.101,0.22898
38.926,0.23055
38.347,0.23778
38.706,0.22869
38.503,0.22986
37.94,0.23984
36.237,0.25405
37.457,0.24191
37.043,0.24388
38.942,0.2232
38.903,0.22681
38.733,0.2314
38.945,0.22959
39.356,0.22714
38.365,0.23491
39.256,0.21913
37.706,0.24403
38.847,0.22582
37.698,0.23899
37.654,0.24451
37.53,0.24597
37.559,0.24474
37.912,0.24004
37.17,0.24834
38.223,0.2355
37.959,0.24301
37.478,0.24532
37.854,0.24149
38.022,0.24135
38.074,0.23971
38.412,0.2298
38.785,0.23015
38.384,0.23133
38.042,0.23232
37.751,0.23937
37.696,0.23928
37.524,0.2442
37.952,0.23869
37.861,0.242
38.505,0.23469
37.228,0.24712
38.518,0.2322
38.354,0.23389
37.024,0.24702
36.392,0.25711
36.825,0.25082
37.927,0.24355
37.641,0.24556
37.73,0.24317
37.178,0.2467
37.343,0.24296
36.92,0.25219
38.086,0.23661
36.644,0.25146
39.628,0.21621
40.075,0.21602
38.636,0.23209
38.943,0.2263
37.675,0.2422
38.487,0.23312
37.997,0.23999
38.891,0.22894
38.154,0.24055
38.649,0.22288
38.981,0.22441
38.089,0.23932
37.426,0.24141
36.571,0.25371
37.094,0.24751
36.075,0.25611
37.237,0.24342
37.349,0.24268
36.923,0.24728
36.429,0.25507
37.625,0.24119
37.82,0.23987
38.388,0.23335
37.144,0.25125
36.654,0.25236
36.558,0.25077
37.538,0.24079
38.165,0.23893
38.096,0.23541
38.528,0.23683
38.381,0.23607
38.172,0.23919
38.499,0.23141
38.662,0.22786
38.637,0.23117
38.328,0.23399
38.547,0.23221
39.096,0.22213
39.155,0.21993
39.098,0.22716
38.961,0.22818
38.227,0.23688
37.696,0.23623
37.791,0.24065
39.141,0.22745
37.982,0.23818
37.787,0.23848
38.696,0.23303
37.62,0.24048
38.273,0.23147
37.259,0.24181
37.201,0.24353
37.553,0.23794
37.959,0.23469
37.174,0.24397
38.468,0.23523
39.187,0.22376
39.721,0.22069
39.448,0.22891
38.698,0.23449
36.674,0.25304
36.975,0.24994
37.199,0.24535
37.24,0.24397
37.528,0.24401
36.699,0.25388
37.325,0.24439
38.471,0.23472
38.904,0.23023
39.02,0.22998
39.017,0.22916
38.251,0.24141
38.821,0.22729
39.178,0.22597
39.477,0.22478
38.016,0.23787
38.591,0.2315
38.093,0.23784
38.233,0.23511
37.877,0.23945
37.617,0.2428
38.644,0.23263
38.683,0.22873
37.575,0.24273
37.172,0.24628
37.384,0.23971
36.852,0.24821
36.926,0.24866
36.906,0.24601
37.125,0.24443
37.362,0.24028
38.104,0.23569
36.293,0.2551
36.496,0.2518
37.193,0.24515
38.119,0.23431
37.034,0.24357
37.48,0.24436
36.966,0.24586
36.67,0.2559
36.831,0.24964
36.587,0.25387
37.53,0.24023
37.968,0.23859
38.413,0.23528
37.634,0.24065
38.011,0.23455
37.458,0.24687
37.581,0.24284
37.08,0.23933
37.316,0.24644
37.079,0.24934
37.067,0.24628
36.355,0.25251
36.875,0.24985
36.635,0.24992
38.458,0.23054
37.642,0.24407
36.977,0.24867
37.416,0.24533
35.674,0.26217
36.927,0.25043
36.614,0.24878
37.532,0.24379
37.043,0.24304
37.819,0.2394
37.31,0.24551
37.763,0.2422
37.503,0.24468
37.522,0.24505
36.972,0.252
37.024,0.24788
37.382,0.24009
36.695,0.24906
37.396,0.24302
37.882,0.23497
37.292,0.24004
37.339,0.24081
37.148,0.24481
37.005,0.24411
37.078,0.24633
37.809,0.24029
37.353,0.24434
36.06,0.25739
37.276,0.24418
37.138,0.24264
37.114,0.24713
37.008,0.24779
37.155,0.24539
37.371,0.24507
36.485,0.25285
37.117,0.2489
37.803,0.24362
37.249,0.25112
37.268,0.247
37.499,0.24494
36.832,0.24747
38.097,0.22863
37.566,0.2373
37.048,0.23998
37.689,0.23906
37.366,0.24147
37.563,0.24034
37.567,0.23916
37.828,0.23758
38.472,0.22399
38.46,0.23232
38.302,0.22855
37.489,0.23907
36.925,0.24596
37.016,0.2475
37.688,0.23941
37.837,0.23756
37.788,0.236
38.415,0.22913
37.911,0.23724
38.374,0.23804
38.406,0.23556
38.822,0.22885
38.649,0.23082
37.682,0.24277
38.071,0.2398
37.324,0.24373
36.992,0.24128
37.495,0.23718
36.839,0.2505
37.98,0.23516
37.685,0.23632
38.123,0.23322
37.384,0.24444
36.592,0.254
35.749,0.26259
38.181,0.23536
37.637,0.23959
37.49,0.24143
38.362,0.23497
38.854,0.22983
37.837,0.24106
37.433,0.24247
36.865,0.24806
37.505,0.23908
37.54,0.24415
38.278,0.23344
37.685,0.2398
36.915,0.24457
36.907,0.24517
36.479,0.2508
37.2,0.23983
37.609,0.24084
37.826,0.23673
38.724,0.22508
37.013,0.24798
37.799,0.23406
38.101,0.235
36.832,0.24711
37.071,0.242
37.737,0.2392
37.341,0.24087
36.89,0.24115
36.925,0.24644
38.021,0.23557
37.747,0.23625
37.18,0.24399
36.546,0.2519
36.01,0.25867
37.142,0.24533
37.955,0.23604
36.928,0.2515
38.026,0.23201
37.755,0.23428
36.943,0.24873
37.897,0.23598
38.204,0.23061
39.186,0.22347
39.19,0.22256
38.612,0.23067
38.426,0.23312
37.826,0.24023
38.029,0.23864
38.113,0.23536
37.213,0.24275
37.357,0.23893
38.467,0.22874
37.135,0.24459
36.997,0.2489
37.644,0.24265
35.655,0.26471
36.354,0.25261
36.337,0.25728
36.02,0.25795
36.481,0.2509
37.153,0.2448
36.645,0.24642
37.724,0.23903
38.293,0.2298
37.157,0.24502
37.485,0.24026
37.394,0.2422
36.761,0.24885
38.278,0.23836
36.655,0.25691
36.154,0.25908
36.852,0.24942
36.972,0.2449
35.401,0.26295
35.839,0.26022
36.397,0.25097
36.505,0.25253
36.8,0.251
36.101,0.25659
35.634,0.26153
34.64,0.27338
35.554,0.25949
35.931,0.25718
35.957,0.25536
35.585,0.26143
35.665,0.25441
35.853,0.25112
35.856,0.25242
35.825,0.25541
35.568,0.26164
35.268,0.26217
36.24,0.25169
36.117,0.25217
35.838,0.26331
35.951,0.25873
35.877,0.26262
36.141,0.25768
36.088,0.254
35.368,0.26204
34.588,0.26605
34.782,0.26414
34.118,0.27353
34.811,0.26895
34.057,0.27846
34.487,0.27527
33.113,0.28949
33.983,0.28531
34.439,0.26841
35.435,0.26183
33.244,0.28283
34.016,0.27424
34.882,0.26362
34.911,0.26329
34.173,0.27527
34.527,0.27309
33.869,0.27761
33.032,0.28378
34.045,0.26881
33.139,0.28316
33.155,0.28223
33.19,0.28047
33.26,0.28033
32.863,0.30689
32.714,0.30648
31.806,0.31615
31.822,0.31613
31.683,0.31407
31.131,0.32386
31.618,0.3203
31.526,0.31884
31.39,0.31794
32.131,0.3131
31.604,0.32033
30.622,0.33013
29.742,0.3308
31.07,0.32687
30.196,0.33396
29.991,0.33835
30.29,0.33363
30.068,0.33386
29.924,0.33546
30.004,0.33484
29.921,0.33474
29.349,0.33697
29.486,0.33884
29.29,0.33819
29.566,0.33679
29.116,0.34097
29.258,0.33844
28.848,0.34379
28.559,0.34804
27.507,0.35986
27.471,0.353
27.358,0.35999
27.291,0.35628
27.006,0.35982
27.314,0.35889
26.966,0.3617
27.055,0.36099
26.45,0.36879
25.741,0.37829
26.226,0.37238
26.604,0.36823
26.755,0.36224
25.384,0.38048
25.16,0.38277
24.657,0.3871
24.549,0.38905
24.553,0.38894
25.477,0.37857
25.288,0.37978
24.934,0.38468
24.09,0.39371
23.766,0.39581
24.555,0.38218
25.665,0.37297
25.128,0.38104
24.284,0.38994
24.251,0.391
24.828,0.38375
24.503,0.38772
23.677,0.39515
23.542,0.39822
24.518,0.37806
23.465,0.39801
22.539,0.40426
22.663,0.40224
22.365,0.40614
22.503,0.40203
22.705,0.40315
22.477,0.40358
22.279,0.40848
22.686,0.40154
21.941,0.41189
21.631,0.41362
21.803,0.40744
21.261,0.41787
21.382,0.41224
21.852,0.40552
21.461,0.41305
20.881,0.42001
20.006,0.43681
20.313,0.42996
20.413,0.42432
20.795,0.41918
19.348,0.43756
19.858,0.42994
21.24,0.40434
20.148,0.4273
19.96,0.42736
19.561,0.43636
19.536,0.43459
19.443,0.43129
19.916,0.42406
19.313,0.44
19.302,0.43779
19.073,0.44088
19.499,0.42833
18.785,0.43777
18.767,0.44136
18.364,0.44647
18.428,0.44522
18.588,0.44404
18.359,0.44629
17.823,0.45428
17.95,0.45053
18.24,0.44221
17.792,0.4481
17.991,0.44483
17.876,0.4436
18.097,0.44268
17.519,0.45023
17.299,0.45272
17.358,0.44925
17.212,0.45197
16.501,0.46367
16.946,0.45674
17.13,0.45242
16.624,0.45624
16.829,0.45587
16.385,0.46037
16.582,0.45398
16.246,0.46046
15.334,0.47718
14.859,0.48763
14.681,0.4881
15.089,0.4804
14.552,0.49097
14.526,0.49115
14.504,0.48963
14.395,0.49107
15.157,0.47849
14.802,0.48226
14.426,0.48325
14.531,0.48066
14.428,0.48407
14.329,0.48573
13.657,0.4991
13.567,0.50176
13.518,0.49941
13.236,0.51037
13.072,0.50813
13.203,0.50861
13.377,0.49901
13.353,0.49996
14.026,0.49017
12.725,0.51663
12.404,0.52393
12.886,0.51341
12.118,0.52841
12.741,0.51356
12.209,0.52552
12.666,0.51386
12.694,0.51068
11.908,0.53254
11.955,0.53014
11.79,0.53061
11.495,0.53503
11.772,0.52994
11.436,0.53772
11.361,0.53534
11.162,0.54487
11.202,0.53979
11.476,0.53408
11.624,0.5261
11.039,0.54806
11.075,0.54226
11.048,0.54612
10.983,0.54613
10.552,0.5615
10.875,0.55148
11.04,0.54629
10.345,0.56265
10.775,0.55248
10.515,0.55846
10.417,0.55935
10.486,0.55786
9.8038,0.57404
10.534,0.55568
10.083,0.56988
10.206,0.56488
10.246,0.56115
10.168,0.56351
10.318,0.5587
10.289,0.55632
9.8802,0.56849
9.9142,0.56978
8.8668,0.60454
9.5375,0.58336
9.4678,0.57956
9.8025,0.56565
8.8252,0.60045
9.2501,0.58756
9.0295,0.59258
8.9186,0.59705
8.8034,0.59954
8.9978,0.58999
8.2278,0.61924
8.7444,0.59888
8.3429,0.61494
8.3263,0.61532
8.6349,0.59971
8.3848,0.60903
8.2946,0.61277
8.6683,0.59702
8.5657,0.60273
8.2133,0.61278
8.0669,0.62009
8.2051,0.61533
7.7785,0.63142
8.2875,0.61593
8.2041,0.61814
9.2073,0.59268
13.714,0.50662
18.122,0.43539
17.307,0.45268
17.111,0.44087
17.374,0.43719
16.812,0.44607
17.283,0.43702
17.26,0.438
17.762,0.43104
17.911,0.42927
18.799,0.41907
17.097,0.44193
18.077,0.42537
17.79,0.43564
18.087,0.42401
18.843,0.4193
18.805,0.41142
19.117,0.40826
19.337,0.40687
20.296,0.39548
20.356,0.39044
19.553,0.40373
20.107,0.3988
20.399,0.39536
20.248,0.39322
20.157,0.3962
20.621,0.388
21.412,0.38071
21.081,0.38146
21.536,0.37665
20.956,0.38124
21.075,0.38051
20.986,0.37941
20.493,0.38968
20.681,0.38451
21.493,0.3748
20.46,0.38925
19.204,0.40445
22.549,0.3627
22.719,0.36121
21.966,0.36375
21.651,0.36759
22.27,0.36156
23.342,0.34976
21.804,0.3676
22.402,0.35786
21.453,0.37376
20.68,0.38167
21.164,0.37902
20.103,0.39415
20.469,0.38421
20.596,0.38597
19.298,0.40166
20.685,0.38133
21.3,0.37029
20.008,0.38942
20.867,0.37929
21.714,0.37031
20.295,0.38893
21.36,0.37047
20.487,0.38425
19.479,0.39859
19.483,0.39532
20.237,0.3888
19.743,0.39042
19.881,0.3858
19.758,0.38516
20.629,0.37822
20.127,0.38566
18.803,0.40445
19.278,0.39833
20.528,0.37961
20.274,0.37997
18.909,0.40202
20.857,0.37568
19.562,0.39036
19.661,0.3875
19.58,0.39171
19.622,0.38653
19.578,0.39536
19.055,0.39512
19.911,0.38918
19.188,0.39878
18.99,0.3978
20.096,0.38376
20.426,0.37741
20.766,0.37955
20.767,0.37899
21.028,0.37148
21.324,0.36744
20.653,0.37305
20.265,0.37674
21.788,0.36135
21.425,0.36656
20.926,0.37127
20.344,0.37904
20.773,0.37402
20.857,0.37491
20.833,0.37252
20.864,0.37163
21.132,0.36718
20.957,0.36727
19.978,0.38212
20.942,0.36765
19.5,0.39085
19.677,0.38466
19.432,0.38838
19.659,0.38564
19.596,0.38773
20.17,0.37945
20.187,0.3775
20.529,0.36948
20.004,0.38329
19.369,0.39038
20.549,0.37235
19.514,0.38383
19.196,0.38601
18.404,0.3969
18.633,0.39438
19.24,0.38652
19.536,0.38513
19.29,0.38658
18.783,0.39093
18.572,0.39723
19.413,0.38253
20.617,0.36563
19.147,0.38852
19.833,0.38337
19.746,0.38036
20.176,0.37215
20.112,0.37457
20.042,0.37812
19.867,0.37743
19.751,0.37695
19.839,0.38082
19.598,0.37892
20.211,0.37635
19.27,0.38501
20.474,0.36837
19.621,0.3787
19.868,0.37661
18.192,0.39835
19.163,0.38274
18.474,0.39482
19.016,0.39017
19.481,0.38201
18.458,0.3967
19.477,0.38593
19.581,0.38293
19.828,0.38153
19.688,0.37946
19.27,0.38968
20.701,0.37209
19.248,0.38982
20.163,0.37227
19.326,0.38483
19.725,0.382
18.929,0.39077
20.037,0.37918
20.09,0.37773
20.074,0.36951
20.362,0.36693
19.579,0.37826
19.289,0.38601
19.415,0.386
20.066,0.37423
19.478,0.38421
20.281,0.3733
20.321,0.37128
19.545,0.38075
19.898,0.37492
19.534,0.37993
19.127,0.38203
20.421,0.37254
19.913,0.37758
19.742,0.37778
20.02,0.37856
19.498,0.38255
19.933,0.37865
20.669,0.36595
19.57,0.38327
19.333,0.38459
19.943,0.37484
20.021,0.37567
20.133,0.37202
19.44,0.37931
18.905,0.38964
19.817,0.3781
19.818,0.37596
19.718,0.3769
19.772,0.37752
19.095,0.38624
19.505,0.38092
19.992,0.37392
19.428,0.38184
19.194,0.38909
17.753,0.40609
18.691,0.39111
18.808,0.39079
20.141,0.37036
19.515,0.38524
20.957,0.36437
21.318,0.35229
21.123,0.36332
20.474,0.37257
22.57,0.34843
21.955,0.35395
22.224,0.35301
21.704,0.36085
20.798,0.36334
20.678,0.37132
19.549,0.38171
21.895,0.35021
21.725,0.35767
21.779,0.35814
21.259,0.36119
20.689,0.36765
19.966,0.37417
19.218,0.38984
20.028,0.37363
21.112,0.3629
21.558,0.35741
20.96,0.36505
21.186,0.36042
20.48,0.36667
21.203,0.35667
21.43,0.3561
20.528,0.36439
21.901,0.35408
22.831,0.34122
18.95,0.38692
23.346,0.3413
21.635,0.35349
22.429,0.34351
20.99,0.35706
19.264,0.38333
21.982,0.35216
20.144,0.37499
20.081,0.37357
18.731,0.39287
19.167,0.38412
18.696,0.39277
19.628,0.37719
19.604,0.3779
22.446,0.3448
20.86,0.36938
21.157,0.36734
22.708,0.34014
23.059,0.34241
22.936,0.34472
23.435,0.33928
22.474,0.34845
23.022,0.34463
21.683,0.3445
20.182,0.37247
20.219,0.37428
20.281,0.36686
21.41,0.35707
22.071,0.34866
21.924,0.34639
21.132,0.36224
21.718,0.34941
19.85,0.3728
20.161,0.37261
22.179,0.34128
22.082,0.34619
21.729,0.35094
22.583,0.33823
19.11,0.38628
19.225,0.38095
20.57,0.36107
19.668,0.3785
21.087,0.35746
22.021,0.34459
22.912,0.34191
22.039,0.34343
22.46,0.33893
22.633,0.34078
21.855,0.34892
21.46,0.35489
20.924,0.36149
20.374,0.37094
20.307,0.37137
22.037,0.35074
20.588,0.36768
21.982,0.34714
21.59,0.3553
22.521,0.34403
21.135,0.3602
21.351,0.35809
21.311,0.35445
20.904,0.36351
21.03,0.35643
20.748,0.35882
21.229,0.36047
21.48,0.35661
21.523,0.35537
23.489,0.33095
22.714,0.34329
22.9,0.33806
21.08,0.36544
22.355,0.3463
23.121,0.32997
21.79,0.3556
22.834,0.34042
22.979,0.34062
22.909,0.33738
22.987,0.33741
22.148,0.35034
22.596,0.34452
22.412,0.34275
22.387,0.3442
23.135,0.33464
22.571,0.34273
22.05,0.35023
22.9,0.34008
21.833,0.34418
21.624,0.35285
21.868,0.34919
22.566,0.34176
22.432,0.34089
22.43,0.34336
22.783,0.33928
21.871,0.35112
21.934,0.34842
20.404,0.36684
21.093,0.36214
21.764,0.35282
21.105,0.36076
23.097,0.33981
20.569,0.36668
22.042,0.35193
23.027,0.33827
22.362,0.34411
22.024,0.34846
22.85,0.34129
21.559,0.35358
20.755,0.36851
21.737,0.35447
22.439,0.34799
22.796,0.33387
22.424,0.34004
22.071,0.34618
22.579,0.33812
22.972,0.33518
22.463,0.34263
23.358,0.33003
22.81,0.34156
23.995,0.32937
21.909,0.34647
21.654,0.35564
20.926,0.36112
20.63,0.36433
21.407,0.35276
21.031,0.35598
18.396,0.3896
21.46,0.3513
21.457,0.35587
20.981,0.36111
21.311,0.35563
22.75,0.33824
23.49,0.33206
23.376,0.33242
23.565,0.33095
21.946,0.34519
22.242,0.35052
20.991,0.36505
22.129,0.34776
22.511,0.34707
20.73,0.3677
22.129,0.35358
23.039,0.33793
23.523,0.33244
23.824,0.33063
23.58,0.33157
22.758,0.3433
22.151,0.34025
21.611,0.3415
22.359,0.33927
21.8,0.34866
21.565,0.35512
21.483,0.35273
22.207,0.34181
20.506,0.36544
22.517,0.33979
20.092,0.37033
22.501,0.34044
21.967,0.34539
21.321,0.34936
20.736,0.35554
21.27,0.35731
22.397,0.33989
20.338,0.37055
21.561,0.35173
22.938,0.33683
22.021,0.34695
21.486,0.35243
22.193,0.34042
21.926,0.34696
21.628,0.35459
22.765,0.33963
23.21,0.33193
22.137,0.34891
22.278,0.34831
21.686,0.35325
23.305,0.32673
21.97,0.34554
22.132,0.33854
24.986,0.30597
22.429,0.34023
22.845,0.34066
23.459,0.33209
23.537,0.32911
22.163,0.3503
24.393,0.32224
22.945,0.33877
22.84,0.33493
23.219,0.33357
23.539,0.33079
23.347,0.33338
22.534,0.3485
21.738,0.35104
22.356,0.34711
20.33,0.36545
22.381,0.34525
21.967,0.35276
22.635,0.34497
22.796,0.34182
23.208,0.33775
21.962,0.34962
22.468,0.34777
21.849,0.35474
22.509,0.34656
22.125,0.34633
23.532,0.3251
23.143,0.3304
22.531,0.34176
21.061,0.35798
22.245,0.34328
22.829,0.33914
22.336,0.34331
23.006,0.33719
22.341,0.33912
22.105,0.3476
20.978,0.35778
22.118,0.34789
22.126,0.34356
22.875,0.33827
19.949,0.36776
20.878,0.36005
21.722,0.34991
21.359,0.35411
21.473,0.35029
21.748,0.34541
22.731,0.33243
22.161,0.34365
20.88,0.35938
21.828,0.34941
22.589,0.3389
22.37,0.34595
20.337,0.36704
22.055,0.34961
19.822,0.37465
20.746,0.36029
20.684,0.36182
21.452,0.35542
22.449,0.34319
21.69,0.35275
23.441,0.33264
22.932,0.33633
22.198,0.34413
21.098,0.36015
22.943,0.32894
22.35,0.3413
22.44,0.34016
23.402,0.33373
24.304,0.32241
22.87,0.32645
22.073,0.35131
21.52,0.35454
21.691,0.35388
21.733,0.35014
21.801,0.3393
21.8,0.35425
23.737,0.32291
22.713,0.34216
22.793,0.34228
23.338,0.33668
23.916,0.3306
23.869,0.33151
24.954,0.31994
24.207,0.32419
22.929,0.33628
23.124,0.33813
22.865,0.34018
23.728,0.32846
23.34,0.33512
21.306,0.3592
21.797,0.34832
21.765,0.35403
20.431,0.36859
20.644,0.35625
20.614,0.36168
23.435,0.33149
23.154,0.33718
6.4337,0.64633
22.511,0.34201
22.352,0.34456
22.937,0.33595
23.365,0.33383
22.603,0.34253
23.021,0.33852
23.252,0.3343
21.669,0.35287
20.819,0.36457
23.697,0.33442
23.909,0.32477
21.462,0.36338
21.181,0.36308
21.786,0.35715
20.697,0.36021
20.131,0.36774
20.122,0.37008
20.939,0.36376
22.952,0.33494
22.806,0.33652
22.037,0.34893
22.708,0.33722
23.902,0.32825
23.116,0.32999
22.969,0.33595
23.978,0.32254
22.261,0.33864
22.623,0.34279
21.885,0.35123
23.185,0.33795
22.601,0.34674
22.437,0.34591
23.06,0.33646
24.098,0.32675
20.63,0.36989
24.122,0.33171
24.029,0.32893
22.454,0.35018
22.075,0.34769
22.143,0.34469
21.956,0.35028
22.628,0.33293
22.21,0.3359
22.039,0.34811
22.838,0.33536
22.992,0.33834
22.332,0.33841
23.309,0.33116
22.886,0.3337
22.375,0.3448
22.433,0.33803
22.203,0.34346
21.886,0.35106
22.4,0.34247
21.753,0.3478
20.909,0.35782
22.169,0.34742
21.564,0.35218
21.242,0.35755
22.132,0.34369
22.574,0.3396
22.294,0.34547
22.37,0.34317
22.453,0.34328
22.328,0.34077
21.014,0.36128
22.315,0.34284
20.573,0.36511
23.036,0.33195
20.025,0.36736
22.13,0.3419
23.561,0.33038
22.4,0.33971
22.784,0.33902
19.898,0.37571
21.794,0.34625
22.425,0.33942
19.619,0.37223
21.49,0.35275
19.573,0.37938
21.39,0.35231
19.21,0.38545
19.355,0.38333
22.432,0.34419
21.482,0.35558
22.331,0.34364
22.122,0.33931
23.086,0.32867
22.947,0.33306
23.718,0.31915
23.082,0.3342
23.205,0.33082
23.769,0.32272
23.542,0.31953
23.871,0.31895
23.775,0.32672
22.702,0.33801
23.274,0.32837
21.39,0.35163
21.344,0.35467
21.445,0.34742
21.772,0.34681
21.844,0.34808
21.531,0.35537
21.612,0.3508
21.605,0.35428
22.633,0.33437
22.006,0.34692
20.674,0.36294
22.154,0.34488
21.386,0.34801
22.198,0.33989
21.995,0.33695
22.275,0.33665
22.002,0.34307
23.367,0.32185
22.122,0.34366
22.724,0.33692
23.149,0.32901
23.476,0.33054
21.602,0.35309
22.03,0.34503
22.252,0.34284
22.959,0.3387
21.012,0.36095
21.449,0.35166
21.304,0.3563
22.042,0.34562
22.641,0.33858
20.427,0.36501
21.871,0.3447
22.426,0.34313
22.986,0.33697
23.058,0.3342
22.429,0.33449
21.833,0.34499
22.372,0.3413
24.142,0.31673
22.499,0.33887
20.587,0.36696
22.852,0.33662
22.405,0.33737
22.817,0.33787
21.848,0.34766
22.477,0.3407
22.604,0.33793
22.536,0.33294
22.955,0.33303
23.163,0.33237
22.875,0.33514
22.25,0.33751
22.034,0.34422
21.73,0.34518
22.161,0.34126
23.051,0.33064
23.741,0.32224
21.914,0.34345
23.322,0.3281
23.133,0.32744
23.728,0.32635
23.663,0.3217
23.531,0.32552
23.992,0.31931
23.478,0.32633
23.429,0.32608
22.629,0.34043
22.212,0.34457
23.217,0.3304
22.594,0.3389
23.451,0.32969
22.804,0.33367
21.314,0.34534
23.14,0.33174
21.916,0.34307
21.344,0.35223
21.882,0.34545
22.264,0.34058
21.587,0.34967
22.687,0.33433
21.248,0.35802
20.702,0.35857
22.759,0.33358
23.316,0.33003
23.01,0.32771
22.006,0.34008
21.382,0.34789
23.535,0.32938
21.841,0.34745
22.408,0.33878
22.488,0.33985
22.514,0.34415
22.839,0.33528
22.496,0.33896
22.812,0.33761
21.015,0.35637
22.89,0.33733
21.225,0.35834
21.513,0.35307
21.955,0.34611
21.98,0.34558
21.873,0.34682
22.296,0.34184
22.339,0.34588
22.168,0.34727
22.377,0.34044
22.844,0.33425
22.978,0.32881
22.1,0.33972
22.249,0.33966
22.835,0.33237
22.937,0.33647
23.157,0.32992
22.597,0.34029
20.975,0.36069
22.05,0.3461
22.169,0.34463
21.441,0.3553
23.179,0.33311
23.442,0.32811
23.361,0.32924
22.798,0.33347
22.047,0.34244
22.11,0.34088
22.111,0.33717
23.776,0.32529
22.161,0.33924
22.912,0.33508
22.962,0.33454
22.762,0.33742
21.744,0.34852
21.524,0.34983
21.304,0.35576
22.253,0.34257
21.664,0.34792
21.76,0.34821
22.422,0.33849
21.313,0.35746
20.593,0.35939
20.883,0.35543
20.241,0.3689
22.115,0.34451
22.354,0.34137
22.231,0.33929
21.522,0.35121
22.265,0.33942
22.579,0.33362
21.741,0.34618
21.243,0.35316
21.955,0.34609
22.664,0.33483
23.556,0.3259
21.952,0.3422
23.627,0.32581
23.666,0.3142
22.661,0.33496
21.589,0.35119
23.123,0.33004
22.692,0.33679
21.481,0.35564
21.656,0.35334
23.041,0.3384
23.582,0.32357
22.699,0.33869
23.502,0.33266
23.883,0.3208
24.697,0.30188
23.126,0.32669
21.718,0.34382
23.924,0.31862
23.011,0.33123
22.768,0.33651
23.782,0.32225
23.75,0.32307
22.524,0.34279
23.919,0.32201
24.279,0.32091
23.868,0.32106
23.059,0.33002
23.287,0.3287
22.687,0.33354
24.137,0.31917
23.132,0.3282
22.622,0.33603
22.965,0.33305
22.872,0.33416
22.964,0.33259
22.81,0.33601
23.047,0.33314
22.912,0.33617
23.705,0.32936
21.909,0.33916
21.031,0.35455
21.447,0.35313
22.735,0.33729
22.291,0.3456
21.771,0.3512
22.06,0.34153
22.551,0.33847
22.934,0.32782
23.019,0.3259
21.725,0.34761
22.692,0.33759
23.886,0.32013
22.829,0.32887
22.825,0.334
20.773,0.35559
22.072,0.34256
22.886,0.33348
22.217,0.34579
21.737,0.34877
23.119,0.33208
22.73,0.33381
22.884,0.33741
22.247,0.34
22.905,0.32612
22.366,0.33606
22.406,0.33663
22.806,0.33358
22.898,0.33017
22.962,0.33501
22.078,0.34078
22.391,0.34184
22.295,0.34202
22.882,0.32925
23.085,0.32733
22.071,0.33972
20.795,0.35448
19.069,0.3813
19.712,0.37663
21.993,0.34618
20.829,0.35601
23.139,0.33285
21.917,0.34646
22.213,0.34319
21.057,0.35439
21.05,0.35977
21.63,0.3483
20.488,0.3691
21.698,0.34172
21.88,0.34739
21.379,0.34853
22.986,0.33386
23.945,0.32499
23.916,0.32161
24.247,0.31697
22.896,0.33453
22.93,0.33593
23.262,0.33177
23.478,0.32711
22.662,0.33778
23.35,0.32137
22.805,0.32975
23.382,0.3299
21.966,0.33804
22.843,0.32354
23.002,0.32181
23.25,0.32293
21.537,0.33614
23.635,0.321
24.599,0.30322
23.447,0.32828
23.827,0.31203
22.454,0.33519
22.672,0.33212
23.023,0.33278
22.437,0.34135
21.702,0.33987
21.971,0.33963
22.33,0.34226
20.032,0.37434
21.803,0.35173
21.964,0.34759
21.968,0.34837
22.442,0.34287
22.412,0.33912
22.748,0.33261
21.343,0.354
21.428,0.3537
21.173,0.35135
22.671,0.33325
21.092,0.35997
23.154,0.33247
23.19,0.33199
22.816,0.33508
23.468,0.32978
23.594,0.32365
22.954,0.33048
22.645,0.33511
22.638,0.33512
23.144,0.32863
23.696,0.3217
22.615,0.33629
22.208,0.33969
22.986,0.32906
22.721,0.33608
23.19,0.32975
22.484,0.33592
22.87,0.33523
22.601,0.33231
20.319,0.35666
21.428,0.35312
21.716,0.3496
21.208,0.35514
22.063,0.34146
21.531,0.34594
21.591,0.34941
21.477,0.35133
21.483,0.35294
21.926,0.34923
21.722,0.34492
22.861,0.33002
22.521,0.33525
22.74,0.33271
22.583,0.33253
23.166,0.33258
23.237,0.32842
23.457,0.32676
22.129,0.33995
24.654,0.31679
22.983,0.33477
22.909,0.33535
22.118,0.34407
21.424,0.34087
22.003,0.3357
23.769,0.31367
21.975,0.33938
21.604,0.35373
22.375,0.33085
21.298,0.35438
21.891,0.34325
21.385,0.34722
20.923,0.35656
22.113,0.34456
21.886,0.345
24.674,0.30725
23.261,0.32814
22.006,0.34449
23.565,0.3216
24.021,0.32306
23.522,0.32616
24.861,0.30854
20.055,0.36738
22.201,0.34074
22.335,0.33803
21.311,0.35566
24.416,0.31751
22.132,0.33722
24.083,0.32086
22.931,0.33168
22.58,0.33989
23.02,0.33291
22.32,0.34189
22.164,0.34076
22.783,0.33733
22.113,0.34372
21.9,0.34715
22.649,0.33937
23.284,0.33051
22.959,0.3235
23.231,0.3128
22.274,0.33134
19.743,0.37533
22.793,0.32054
22.439,0.33569
24.302,0.31347
24.311,0.3159
23.895,0.31868
23.026,0.32696
22.394,0.32929
23.703,0.32209
21.671,0.34185
21.445,0.34973
23.158,0.33464
22.256,0.34035
21.505,0.34653
21.468,0.34799
21.383,0.35001
22.757,0.33595
21.964,0.34304
24.029,0.32324
23.833,0.32451
22.131,0.3496
23.655,0.31829
24.96,0.30773
25.192,0.30238
24.901,0.3098
23.024,0.32593
23.546,0.32459
23.407,0.32449
23.092,0.3275
23.599,0.32411
23.465,0.32778
22.429,0.32907
24.433,0.31723
21.68,0.34628
21.082,0.3512
22.493,0.33531
22.539,0.33528
21.82,0.3474
21.706,0.34202
21.686,0.34847
22.42,0.33823
22.516,0.33939
21.35,0.34962
21.342,0.35025
22.321,0.33897
20.983,0.34916
20.927,0.35312
22.461,0.33086
22.857,0.32931
22.688,0.33627
23.811,0.31464
23.28,0.33071
22.882,0.32994
23.058,0.32741
23.707,0.3275
22.293,0.34147
22.829,0.32958
21.509,0.34385
21.796,0.34118
21.693,0.34326
21.385,0.33928
21.496,0.34638
21.421,0.33918
21.627,0.34512
22.49,0.3341
22.756,0.33108
22.332,0.33738
21.973,0.33978
22.214,0.33788
23.181,0.31876
23.054,0.32231
23.645,0.31972
23.481,0.32496
24.13,0.31843
23.863,0.31894
23.307,0.32364
23.079,0.32516
22.515,0.3328
23.128,0.32974
22.684,0.32386
22.7,0.33083
23.03,0.3196
22.808,0.32437
22.124,0.33263
22.861,0.32298
22.443,0.32864
24.242,0.294
21.605,0.33536
22.261,0.33296
21.448,0.33958
22.015,0.33518
22.32,0.33315
23.017,0.31957
21.49,0.33725
22.207,0.32897
22.707,0.32295
22.329,0.31556
22.198,0.335
21.415,0.33689
22.523,0.32334
21.56,0.33661
21.079,0.33924
22.017,0.32941
21.543,0.33403
21.347,0.34416
21.49,0.33765
21.44,0.33603
21.386,0.33685
21.134,0.34058
21.389,0.33903
20.402,0.35391
21.334,0.33313
21.403,0.33372
19.906,0.35865
20.391,0.35059
20.376,0.3553
20.542,0.35041
22.582,0.32725
20.71,0.34721
21.672,0.3393
22.366,0.3287
22.178,0.33097
22.799,0.3239
21.273,0.33971
23.412,0.30784
22.251,0.31519
21.999,0.32695
20.524,0.33724
21.009,0.33701
20.751,0.34176
20.589,0.33936
20.407,0.34639
21.853,0.33396
21.243,0.34154
21.293,0.33982
21.619,0.33773
21.498,0.33895
21.126,0.34216
20.579,0.34356
22.494,0.31614
20.647,0.34658
22.007,0.31384
20.989,0.33799
21.343,0.33453
21.548,0.33237
21.305,0.33264
22.259,0.32403
20.892,0.33852
4.8125,0.66861
22.67,0.31293
20.365,0.3453
21.337,0.3336
21.481,0.32237
21.152,0.32089
19.211,0.35375
20.019,0.34723
19.92,0.3315
20.507,0.34682
19.84,0.34846
20.282,0.34615
19.796,0.34833
20.181,0.34785
19.887,0.34517
19.785,0.34658
18.973,0.36223
20.091,0.3353
19.752,0.34878
19.295,0.34726
20.264,0.34597
19.317,0.36289
18.546,0.37082
18.46,0.36799
18.821,0.36362
18.8,0.3675
18.691,0.36853
18.284,0.37598
18.335,0.37137
18.883,0.36455
17.186,0.38782
19.16,0.36502
19.024,0.36091
18.607,0.37264
19.173,0.35862
19.171,0.36592
17.672,0.38714
17.234,0.38973
18.83,0.36422
17.745,0.3849
18.021,0.38781
17.771,0.37798
17.682,0.38647
17.91,0.38576
17.054,0.39094
17.575,0.39056
17.752,0.39116
17.018,0.40948
18.414,0.37634
17.253,0.39509
16.693,0.40372
17.528,0.39749
17.48,0.39297
17.471,0.38219
18.072,0.37791
17.662,0.39025
17.395,0.3834
17.338,0.38769
17.574,0.3827
17.97,0.37199
18.226,0.38063
16.445,0.40875
18.34,0.38159
18.067,0.38159
16.981,0.39831
17.638,0.37908
18.198,0.37455
17.968,0.37157
17.957,0.37316
18.87,0.3605
18.995,0.3552
17.995,0.37853
17.713,0.3809
18.389,0.36896
18.509,0.35497
17.575,0.38145
16.238,0.40199
16.732,0.38225
16.98,0.38404
17.005,0.38643
16.889,0.38944
18.066,0.37534
16.695,0.3919
17.093,0.39297
17.486,0.38277
17.053,0.38991
17.123,0.38523
17.213,0.38116
16.824,0.38937
18.472,0.36176
18.212,0.36313
18.112,0.36082
19.583,0.33866
18.413,0.36286
19.616,0.34492
19.186,0.34506
18.209,0.36462
18.728,0.35316
18.982,0.35617
18.665,0.36029
18.072,0.36301
17.496,0.37774
18.176,0.36776
17.449,0.37703
16.758,0.38771
17.714,0.36599
16.056,0.40534
17.759,0.37071
17.496,0.37604
17.319,0.37642
17.268,0.37623
16.903,0.37889
17.638,0.37547
17.061,0.37978
17.63,0.36964
17.344,0.37089
15.755,0.40019
15.387,0.40796
17.924,0.36609
17.068,0.38277
15.425,0.41232
15.859,0.39855
15.573,0.4056
15.686,0.40613
16.089,0.39477
16.635,0.38636
16.388,0.38483
16.514,0.38535
16.956,0.37832
16.582,0.39042
17.274,0.37335
17.516,0.37786
16.321,0.39019
16.92,0.3778
16.257,0.38774
16.454,0.39072
16.478,0.38878
16.484,0.38362
16.991,0.37527
16.413,0.38174
16.51,0.38198
17.187,0.37325
17.055,0.37125
17.047,0.37598
17.038,0.37479
17.214,0.37255
17.49,0.36651
16.949,0.37675
17.614,0.36586
16.803,0.37557
17.288,0.36692
17.457,0.36993
17.473,0.37027
17.954,0.35788
17.288,0.37486
17.5,0.36522
17.165,0.37345
16.907,0.37841
17.326,0.37294
16.941,0.37562
17.491,0.36673
16.745,0.37787
16.025,0.38967
16.233,0.38486
16.172,0.38869
16.361,0.38351
16.833,0.37715
17.006,0.37232
15.904,0.39062
15.922,0.39185
15.68,0.39645
16.058,0.39001
16.706,0.38262
16.941,0.37276
17.132,0.36996
16.46,0.3815
17.375,0.37231
16.969,0.37273
17.002,0.37697
16.567,0.3791
16.557,0.38106
16.821,0.37749
16.96,0.37798
16.511,0.38478
17.07,0.37207
15.785,0.38239
15.247,0.39765
15.258,0.39965
15.335,0.38762
16.369,0.37489
15.491,0.39548
16.525,0.37474
15.892,0.39131
16.45,0.37523
16.022,0.37781
16.177,0.37865
16.583,0.37614
15.382,0.38825
16.184,0.38053
15.144,0.39214
14.9,0.39866
15.712,0.37719
16.053,0.37808
15.226,0.38129
15.617,0.37637
15.567,0.38049
15.453,0.38946
16.004,0.37813
16.742,0.36678
14.654,0.39665
14.77,0.39095
14.983,0.38725
15.147,0.39002
15.093,0.38774
14.8,0.40205
15.018,0.39152
14.974,0.39515
14.741,0.3967
14.941,0.39224
14.815,0.39951
14.673,0.40162
15.347,0.38657
14.945,0.39091
15.29,0.38895
15.014,0.39404
14.654,0.40249
14.593,0.40351
14.869,0.39892
14.69,0.40546
14.357,0.41014
14.263,0.40962
14.525,0.40638
14.306,0.41109
14.724,0.39528
14.465,0.40664
14.562,0.39997
14.6,0.40238
14.366,0.40455
14.15,0.41221
14.557,0.40406
13.7,0.42023
14.449,0.39863
14.339,0.40275
14.044,0.40894
14.147,0.41669
12.729,0.44524
14.008,0.42139
13.921,0.42036
13.329,0.42658
14.156,0.41665
13.971,0.42058
14.412,0.40565
13.121,0.42807
14.099,0.41268
14.029,0.41657
13.7,0.42468
13.982,0.4135
13.688,0.42167
13.93,0.41462
13.135,0.4361
13.895,0.41377
13.907,0.42289
13.474,0.42433
13.75,0.42076
13.23,0.43661
12.939,0.44351
13.345,0.42972
13.39,0.43117
13.746,0.42051
14.193,0.41213
14.038,0.41995
13.983,0.42222
14.188,0.41338
13.32,0.43548
13.501,0.44033
13.002,0.43453
12.647,0.44643
12.35,0.45753
12.349,0.45287
12.496,0.44944
13.326,0.42733
13.394,0.43517
13.485,0.43627
13.537,0.43321
13.792,0.42873
13.638,0.43185
13.199,0.43961
14.447,0.40041
14.156,0.41357
13.586,0.42709
14.012,0.42136
14.667,0.39622
14.273,0.40733
13.551,0.42757
12.932,0.43852
12.48,0.45137
13.747,0.42157
14.011,0.41708
14.029,0.41206
12.61,0.44682
12.793,0.44273
12.578,0.45003
12.96,0.43805
12.686,0.44044
12.271,0.46491
12.589,0.45063
13.233,0.43653
12.296,0.46279
13.296,0.4314
13.48,0.42712
13.401,0.42879
13.516,0.42423
13.915,0.41262
13.274,0.43053
13.682,0.41739
13.299,0.42851
13.414,0.42685
13.099,0.43616
13.477,0.42873
12.457,0.46117
11.681,0.47328
12.691,0.45353
12.906,0.45159
11.771,0.46577
11.605,0.47924
12.88,0.44837
11.79,0.47406
11.382,0.48441
11.627,0.47266
12.424,0.45263
12.573,0.45175
13.15,0.42949
13.763,0.41837
12.782,0.44293
13.013,0.4532
13.089,0.44428
13.375,0.43248
13.004,0.45415
12.308,0.46561
12.836,0.45396
13.425,0.43429
13.121,0.43121
13.434,0.42097
12.821,0.44155
13.177,0.43129
13.071,0.43231
12.348,0.45531
12.816,0.44259
11.509,0.48545
11.643,0.47521
11.44,0.48695
11.588,0.48248
11.552,0.48364
12.497,0.44598
12.842,0.4376
13.745,0.40168
12.498,0.45085
11.46,0.47969
12.136,0.45739
12.458,0.44568
11.961,0.46879
11.433,0.48394
11.899,0.4646
11.934,0.47256
11.275,0.48968
12.899,0.43711
12.126,0.46394
12.132,0.4618
11.887,0.47385
12.718,0.45113
12.377,0.45903
13.39,0.4191
12.745,0.44126
12.309,0.4575
13.234,0.43019
13.147,0.43532
12.144,0.46235
14.303,0.39725
12.569,0.45345
12.312,0.45952
11.584,0.47891
13.012,0.44205
12.942,0.44278
13.666,0.42351
13.61,0.42251
13.435,0.4344
11.793,0.46641
13.551,0.42859
12.164,0.46233
12.644,0.44334
13.287,0.43073
13.193,0.42996
13.349,0.43159
12.835,0.44624
12.62,0.45446
12.34,0.44711
12.538,0.4583
12.7,0.4491
12.9,0.44388
12.435,0.45684
12.766,0.44981
13.79,0.39886
14.273,0.39195
13.46,0.41388
11.868,0.45503
13.488,0.4291
12.433,0.45417
13.394,0.43401
12.763,0.45428
12.972,0.433
12.806,0.44825
12.555,0.45636
11.924,0.47535
11.571,0.46159
11.396,0.46548
11.485,0.47252
10.287,0.52005
11.065,0.48413
10.765,0.49854
11.682,0.46136
11.3,0.47747
11.219,0.48466
11.014,0.48501
10.806,0.49153
10.988,0.4958
11.488,0.47117
11.605,0.47227
12.282,0.45853
11.721,0.47574
11.955,0.46917
12.543,0.44728
12.886,0.43372
11.083,0.48402
12.521,0.45696
13.983,0.40654
13.194,0.43573
13.233,0.43135
12.463,0.44194
11.272,0.48119
12.024,0.46495
11.703,0.46909
11.039,0.48207
12.112,0.46099
11.932,0.47604
10.935,0.49858
11.205,0.4914
12.34,0.45882
12.359,0.45325
11.916,0.46948
11.459,0.4691
11.67,0.4714
12.079,0.46005
11.554,0.47081
11.06,0.49462
12.232,0.45903
12.494,0.45132
11.91,0.46711
11.872,0.47958
11.764,0.46541
11.321,0.49192
11.082,0.49569
11.237,0.47938
11.685,0.47156
12.432,0.45617
11.925,0.4671
12.416,0.45325
12.115,0.46277
12.711,0.43902
12.557,0.45025
13.319,0.42481
12.884,0.4428
12.314,0.45491
11.765,0.4796
13.065,0.4164
12.109,0.4485
12.157,0.45155
12.415,0.43821
12.31,0.4417
11.866,0.46868
11.92,0.45176
11.51,0.47077
11.941,0.44586
11.505,0.47915
11.49,0.45969
11.728,0.46712
12.003,0.45578
11.908,0.45635
11.559,0.46431
12.085,0.4499
10.523,0.51375
12.404,0.44546
11.818,0.46942
10.735,0.50216
12.379,0.45479
13.098,0.43656
12.054,0.45999
12.092,0.46926
12.219,0.45657
11.464,0.48027
11.358,0.48449
11.197,0.49221
11.869,0.47419
12.259,0.46248
11.304,0.48306
11.745,0.46947
11.576,0.47879
11.14,0.49098
11.814,0.46525
12.182,0.454
14.024,0.38256
14.148,0.39938
15.194,0.35969
13.454,0.40369
12.118,0.46102
13.272,0.43013
12.238,0.45898
11.71,0.47507
13.981,0.40687
12.127,0.45893
13.559,0.40715
12.355,0.44244
12.578,0.43191
13.91,0.40432
12.52,0.4452
12.983,0.43708
12.096,0.4447
12.676,0.44695
12.404,0.44313
13.181,0.4223
12.442,0.45139
12.872,0.44236
11.412,0.47072
12.805,0.42961
12.565,0.45308
13.843,0.4133
12.405,0.45848
13.52,0.42272
12.114,0.46955
12.054,0.46726
13.159,0.43471
13.235,0.42675
14.423,0.39706
14.825,0.38577
13.779,0.42009
13.966,0.41453
13.131,0.41062
12.674,0.42307
14.424,0.37528
15.42,0.35187
11.205,0.48422
11.712,0.46458
11.152,0.48772
12.31,0.44401
11.966,0.46901
11.121,0.49318
11.163,0.48515
11.688,0.47876
12.907,0.43576
11.49,0.4865
12.357,0.456
12.466,0.45039
11.264,0.48837
12.986,0.44072
12.092,0.46546
12.147,0.46683
11.925,0.4713
12.209,0.46219
11.713,0.46854
12.338,0.4566
12.425,0.45081
12.374,0.45431
12.257,0.45723
12.875,0.4388
12.45,0.45862
12.845,0.43907
12.291,0.46558
12.319,0.45622
11.352,0.48404
12.421,0.45183
12.601,0.45117
11.293,0.4835
11.482,0.46706
12.663,0.43319
12.177,0.45714
13.585,0.40676
12.53,0.4403
11.591,0.47749
11.932,0.45926
11.717,0.46373
12.458,0.43981
12.221,0.44638
12.577,0.43489
11.532,0.47027
12.498,0.44756
12.047,0.46218
12.71,0.44416
12.015,0.46651
11.994,0.46969
12.44,0.46179
13.273,0.42828
11.639,0.48152
11.796,0.48005
12.509,0.44934
12.611,0.45056
11.614,0.48249
10.859,0.48928
11.19,0.47863
11.787,0.4737
11.119,0.48797
11.059,0.49059
11.061,0.49042
12.243,0.4569
12.208,0.45092
11.142,0.48952
10.793,0.50416
12.42,0.45479
12.22,0.46367
12.029,0.44859
10.647,0.48776
11.307,0.4674
12.458,0.44601
11.811,0.47663
13.091,0.42409
12.08,0.46147
12.041,0.45515
12.183,0.44764
11.494,0.47681
12.166,0.4579
11.447,0.47198
13.699,0.40078
11.683,0.46568
12.335,0.46024
12.346,0.4551
12.354,0.44363
11.954,0.46993
12.151,0.45858
11.711,0.47852
11.631,0.47786
11.95,0.45617
11.759,0.46798
12.222,0.46427
12.46,0.43894
12.088,0.45528
11.246,0.4835
11.75,0.47032
13.008,0.42363
11.623,0.47725
11.287,0.48086
10.978,0.4943
10.915,0.49373
11.493,0.47799
11.476,0.47698
11.478,0.47167
11.752,0.45783
11.584,0.46333
12.567,0.43591
11.603,0.46331
11.714,0.46004
12.228,0.43825
12.571,0.44209
12.295,0.44927
11.51,0.47072
11.22,0.47252
11.377,0.48059
11.386,0.46809
11.259,0.4799
11,0.48554
11.617,0.47861
12.335,0.45468
11.933,0.4613
12.362,0.45153
12.447,0.44583
11.209,0.48401
12.188,0.45252
12.224,0.43749
11.868,0.46213
11.609,0.46762
11.44,0.46652
13.649,0.40259
11.776,0.45751
11.113,0.4785
11.812,0.4513
12.708,0.42111
11.228,0.48009
11.304,0.47093
11.336,0.47439
11.62,0.46247
11.001,0.48014
10.868,0.49516
11.61,0.45817
11.182,0.4872
11.589,0.47298
13.175,0.4119
12.547,0.44138
12.667,0.43228
13.546,0.39867
11.714,0.46483
12.116,0.44602
11.72,0.46527
12.37,0.4423
12.626,0.42899
11.553,0.46648
12.105,0.46629
11.349,0.48272
11.297,0.48399
12.025,0.45668
11.647,0.46644
11.464,0.47546
11.626,0.47043
11.092,0.4871
11.692,0.47078
11.513,0.46963
11.176,0.48602
11.398,0.46577
11.56,0.4653
11.299,0.48155
10.955,0.49637
11.097,0.48995
11.129,0.48655
11.647,0.46479
11.285,0.48778
11.711,0.47435
11.563,0.47741
11.29,0.48372
10.632,0.50868
11.127,0.48335
11.883,0.46325
11.804,0.46409
11.061,0.48884
11.492,0.47584
11.575,0.47889
11.369,0.48094
10.988,0.50018
11.611,0.47372
11.423,0.4698
11.057,0.49365
10.788,0.50313
11.122,0.47621
10.694,0.50034
11.779,0.45976
11.533,0.47162
10.874,0.50084
10.861,0.49856
12.003,0.44804
12.138,0.46366
10.919,0.49005
13.883,0.39868
13.198,0.42706
11.434,0.48054
11.489,0.46531
11.383,0.47376
11.665,0.46358
10.958,0.48633
10.749,0.49563
11.486,0.46786
10.981,0.49164
12.377,0.44309
11.246,0.48701
11.116,0.49046
11.283,0.48052
11.076,0.49113
12.542,0.45211
11.028,0.49555
12.572,0.44491
12,0.46022
11.075,0.49417
11.69,0.47237
11.917,0.46751
12.004,0.45827
12.034,0.45934
12.072,0.45961
12.19,0.45287
11.211,0.4884
11.427,0.47577
12.065,0.4577
12.543,0.44171
13.361,0.42223
12.207,0.45431
11.989,0.46451
12.241,0.44841
11.8,0.46881
12.467,0.4429
11.396,0.48102
13.641,0.39279
11.717,0.46199
12.021,0.44712
11.158,0.48217
10.713,0.50712
12.154,0.4499
10.761,0.49932
11.522,0.46606
11.239,0.48729
11.28,0.48492
11.112,0.49404
10.703,0.50272
11.222,0.48641
11.409,0.48025
4.3536,0.69488
12.071,0.45867
11.331,0.47713
12.545,0.44472
11.385,0.48717
10.981,0.49198
11.723,0.4704
11.79,0.4731
12.018,0.46491
11.195,0.48279
11.161,0.48435
11.088,0.4828
11.486,0.45885
11.22,0.4831
11.708,0.46557
12.126,0.4573
11.07,0.49238
11.243,0.48654
10.667,0.50207
11.447,0.4778
11.419,0.47639
10.994,0.49121
12.114,0.45812
11.637,0.46556
11.334,0.47472
11.256,0.49102
11.281,0.47402
11.444,0.47261
12.523,0.44342
11.362,0.4709
11.716,0.45845
12.235,0.44076
2.0573,0.87512
11.871,0.4599
11.794,0.46396
11.303,0.48631
12.193,0.4519
12.476,0.45019
12.612,0.44037
12.311,0.45928
12.733,0.4381
11.288,0.47892
12.019,0.46957
10.669,0.49546
12.121,0.45763
11.997,0.4653
10.981,0.49398
11.248,0.48482
11.042,0.48454
11.589,0.47217
10.836,0.49323
10.594,0.50065
10.969,0.48857
11.865,0.46147
11.382,0.47882
11.46,0.47081
11.963,0.46234
12.071,0.45563
11.948,0.45583
11.738,0.47016
12.053,0.44363
11.618,0.47065
10.562,0.5085
11.813,0.46248
11.271,0.48324
11.587,0.4755
12.267,0.4525
12.613,0.44621
11.658,0.46457
12.16,0.46281
12.182,0.46635
11.417,0.48368
12.227,0.44963
11.034,0.48279
11.211,0.47444
11.332,0.47285
11.175,0.47959
11.7,0.45305
10.9,0.48804
10.957,0.48729
11.313,0.47428
11.652,0.4609
12.37,0.45267
11.032,0.49143
11.932,0.45468
12.037,0.45324
11.297,0.48545
12.285,0.44848
12.051,0.45494
12.079,0.45299
11.4,0.47671
11.789,0.46543
12.578,0.43271
11.593,0.47266
11.875,0.45965
12.584,0.44344
11.195,0.47868
11.24,0.49109
10.848,0.49902
11.179,0.4883
11.718,0.46173
11.743,0.46426
11.52,0.47532
12.543,0.45263
11.818,0.46101
11.376,0.47164
11.247,0.47528
11.551,0.46958
12.069,0.44614
12.105,0.45934
12.205,0.45971
11.651,0.47961
11.186,0.48268
11.999,0.46971
11.057,0.49623
11.462,0.47579
12.257,0.45422
10.895,0.50287
11.057,0.49581
11.532,0.4883
12.251,0.44063
12.107,0.44804
11.587,0.47267
11.612,0.47229
11.318,0.48594
11.039,0.49393
11.073,0.49568
12.143,0.45317
11.713,0.4661
11.393,0.48101
11.113,0.49494
11.021,0.48467
11.142,0.47204
10.994,0.48097
11.289,0.47665
10.571,0.50393
10.12,0.50826
11.208,0.48261
11.213,0.4785
10.807,0.49565
10.691,0.50294
10.926,0.48731
11.278,0.47455
10.68,0.50332
10.32,0.51129
11.718,0.46312
12.866,0.43636
2.4162,0.81596
11.407,0.47147
12.121,0.46217
1.9539,0.88394
11.262,0.48855
1.6113,0.9482
1.1653,1.0522
11.505,0.46941
11.073,0.4838
10.788,0.49708
10.939,0.49983
10.929,0.49398
10.912,0.49305
10.478,0.50418
11.05,0.49436
11.414,0.47361
11.265,0.48564
11.536,0.47482
11.01,0.49186
11.67,0.46504
11.511,0.4771
11.676,0.44813
13.182,0.41848
13.18,0.41977
13.267,0.42
12.828,0.4327
12.197,0.44331
12.556,0.43946
11.767,0.45725
12.326,0.44219
11.425,0.46917
12.761,0.43501
12.953,0.42956
11.618,0.4799
12.45,0.44876
11.819,0.46138
10.723,0.50672
12.834,0.43999
11.552,0.47616
11.228,0.47941
1.6458,0.94005
12.492,0.45258
12.211,0.46008
11.748,0.46849
12.516,0.45236
12.569,0.44412
12.77,0.43672
12.096,0.45028
12.024,0.45198
11.717,0.46441
11.785,0.45911
12.588,0.44823
12.254,0.44855
11.22,0.48491
12.292,0.45734
12.853,0.43715
11.982,0.46931
11.012,0.48293
11.189,0.48067
12.155,0.45625
11.919,0.46512
10.983,0.48756
12.464,0.4522
12.411,0.45771
12.296,0.45692
12.578,0.4503
12.918,0.43497
12.423,0.45497
12.683,0.44067
11.381,0.47105
11.835,0.46332
13.446,0.4166
11.774,0.46508
12.76,0.44213
13.086,0.43037
11.402,0.48515
12.002,0.46981
11.5,0.48137
11.905,0.46271
11.169,0.4901
11.765,0.46635
11.118,0.4821
10.89,0.48814
11.758,0.46951
11.399,0.48332
9.7515,0.5234
10.733,0.48429
9.6339,0.52937
11.657,0.46706
12.3,0.45829
11.613,0.47303
11.651,0.47623
11.432,0.48874
12.101,0.44872
12.461,0.45531
12.193,0.45337
11.974,0.44608
13.143,0.42678
13.267,0.42547
1.3453,0.96899
13.068,0.43543
10.88,0.49888
12.315,0.45049
11.669,0.47531
11.013,0.49885
10.523,0.49077
12.117,0.45362
11.607,0.46324
11.496,0.46912
11.497,0.47036
11.938,0.45532
12.522,0.4438
12.708,0.43764
11.502,0.46911
11.569,0.46882
12.706,0.43751
11.903,0.47063
11.008,0.48438
11.442,0.47107
10.943,0.49586
11.61,0.46557
12.284,0.44608
11.822,0.46624
11.186,0.48273
12.651,0.43281
11.058,0.49027
11.675,0.46079
10.933,0.50094
10.797,0.50016
11.676,0.45205
10.687,0.49976
11.151,0.4845
12.189,0.44413
12.085,0.44164
12.273,0.43861
12.977,0.42267
11.841,0.46707
12.306,0.44765
12.341,0.44427
12.321,0.44855
12.341,0.44106
11.89,0.439
12.764,0.42234
12.835,0.4261
12.548,0.43671
12.946,0.42762
11.639,0.47722
11.719,0.46853
12.854,0.44603
11.539,0.48232
12.118,0.45764
11.71,0.47337
12.106,0.4634
11.393,0.46582
12.126,0.44668
12.46,0.44342
13.085,0.42162
11.928,0.467
12.26,0.46189
11.721,0.47429
12.551,0.44737
11.447,0.48245
11.735,0.47036
11.615,0.47552
11.99,0.4731
14.259,0.39491
11.855,0.47048
12.442,0.45988
12.604,0.44162
12.056,0.46011
11.978,0.47231
12.702,0.44396
12.442,0.45984
13,0.44057
14.555,0.37631
13.315,0.4228
12.949,0.44069
12.09,0.45077
11.75,0.46198
12.439,0.43941
11.819,0.45606
12.428,0.43599
12.939,0.42776
13.539,0.40766
13.118,0.4177
12.355,0.44403
13.442,0.41028
13.4,0.41541
11.918,0.45633
11.955,0.45825
12.215,0.44651
12.49,0.44345
13.107,0.43585
12.75,0.45139
12.521,0.44643
12.691,0.44106
11.917,0.45871
12.033,0.45792
11.886,0.4601
12.244,0.46023
13.817,0.40224
15.764,0.33752
13.063,0.44342
14.758,0.37133
15.344,0.36336
14.044,0.40069
15.339,0.36637
13.61,0.41285
14.04,0.39269
13.426,0.41444
14.207,0.40062
14.989,0.36807
13.447,0.41286
13.273,0.42489
12.568,0.45365
12.515,0.45556
13.202,0.43376
14.656,0.39194
14.056,0.41084
14.654,0.39327
12.855,0.44842
12.996,0.44898
13.847,0.41841
12.906,0.45127
13.331,0.43459
13.204,0.42803
13.94,0.40315
14.317,0.40094
13.392,0.41975
14.488,0.40392
13.081,0.44794
13.275,0.4252
13.708,0.4203
13.943,0.41457
13.104,0.44418
14.506,0.40002
13.955,0.42674
13.305,0.43198
13.361,0.43372
14.85,0.38155
13.376,0.43884
13.611,0.43058
13.437,0.4358
13.6,0.42783
13.493,0.43773
13.805,0.42948
13.467,0.43468
13.316,0.43784
13.759,0.4311
12.865,0.44454
12.561,0.46253
12.007,0.47348
12.577,0.45178
11.927,0.47343
12.331,0.46915
12.805,0.45522
12.377,0.45948
13.365,0.44254
13.262,0.44477
12.98,0.4528
12.431,0.46781
13.778,0.41727
13.158,0.43782
12.432,0.46463
13.018,0.44906
13.273,0.44724
13.494,0.4382
13.349,0.43907
12.915,0.46117
13.289,0.44647
13.378,0.44223
13.478,0.44659
13.106,0.45974
13.365,0.44048
13.371,0.44355
12.369,0.4762
13.027,0.45454
12.76,0.45441
12.318,0.47976
12.252,0.48496
12.522,0.46889
13.776,0.43402
13.617,0.44131
14.292,0.41614
13.707,0.43291
14.953,0.39519
14.485,0.40987
14.315,0.41245
14.279,0.41932
14.396,0.414
13.816,0.43505
13.827,0.43683
13.724,0.4369
13.367,0.45398
13.238,0.45478
13.879,0.43526
13.971,0.43151
15.149,0.39467
13.51,0.44037
13.432,0.44189
13.412,0.43883
13.662,0.43231
13.962,0.43049
12.995,0.44739
13.57,0.42842
14.891,0.41372
14.066,0.43454
13.631,0.44048
13.53,0.43797
13.047,0.45991
13.799,0.43289
13.27,0.45884
13.582,0.44317
14.072,0.43783
13.97,0.43219
13.912,0.42909
13.33,0.45294
13.642,0.4415
13.21,0.45686
13.583,0.44668
14.192,0.43072
14.905,0.41184
14.087,0.42721
13.93,0.43217
13.204,0.45181
14.147,0.4344
14.122,0.4366
13.675,0.45965
13.52,0.45268
12.879,0.46755
13.831,0.45023
13.682,0.45672
12.353,0.48382
13.939,0.43224
14.009,0.44496
13.578,0.44893
13.454,0.45739
13.633,0.44886
13.937,0.44374
13.585,0.45004
14.122,0.43985
12.826,0.46277
14.485,0.43453
13.508,0.46063
14.688,0.42138
14.98,0.41313
14.623,0.42184
14.886,0.42606
15.017,0.41421
14.672,0.42409
14.569,0.42945
15.483,0.40611
15.711,0.40004
14.597,0.42981
15.546,0.40844
15.128,0.41979
15.601,0.40483
16.417,0.37539
14.666,0.42664
14.136,0.43501
14.492,0.42732
14.803,0.41884
14.658,0.423
15.346,0.39639
14.266,0.43442
15.35,0.41111
14.534,0.43874
14.734,0.42268
14.112,0.43979
14.892,0.4174
14.083,0.45029
14.643,0.43425
14.42,0.43518
14.837,0.42855
14.965,0.41928
14.768,0.42266
14.345,0.4468
14.821,0.42376
14.69,0.42814
14.222,0.43729
14.282,0.45086
15.353,0.41033
13.624,0.45583
15.619,0.4029
15.704,0.4062
16.042,0.40015
16.166,0.38741
14.809,0.4359
16.219,0.39148
15.7,0.39909
15.844,0.39874
15.447,0.41306
14.905,0.4329
14.742,0.42439
14.547,0.43523
15.115,0.42152
15.539,0.39871
15.47,0.40414
14.901,0.42644
15.505,0.41265
15.269,0.41277
15.455,0.41053
15.375,0.4102
15.878,0.40053
17.091,0.36816
15.474,0.40674
15.825,0.40909
15.053,0.41794
15.941,0.40262
16.048,0.39682
14.795,0.43042
16.102,0.39321
16.022,0.4032
15.93,0.40799
15.594,0.41011
16.405,0.3951
16.404,0.39687
15.158,0.4091
16.682,0.37839
15.847,0.40939
16.442,0.39073
16.503,0.38935
15.84,0.40681
17.078,0.3662
17.041,0.36943
15.305,0.4129
15.408,0.41731
16.261,0.38989
15.062,0.43656
15.052,0.42131
15.289,0.41413
15.587,0.41837
15.481,0.42021
16.251,0.40226
15.816,0.40664
16.02,0.4021
16.038,0.40952
15.948,0.40755
16.302,0.40128
16.463,0.39068
16.642,0.38979
17.507,0.36135
18.836,0.34768
16.87,0.37967
16.878,0.38392
17.193,0.37843
17.224,0.37987
17.234,0.37855
16.531,0.39467
17.159,0.38427
16.229,0.40802
17.02,0.39427
17.145,0.38438
17.175,0.39585
16.877,0.39614
17.581,0.38143
15.697,0.43907
17.575,0.38418
17.613,0.37747
16.615,0.39989
16.661,0.40345
16.995,0.40109
17.418,0.3973
17.483,0.38617
16.908,0.40241
19.509,0.32744
16.96,0.39329
17.678,0.37665
17.489,0.39192
17.815,0.38285
16.951,0.39876
17.908,0.37466
17.443,0.38478
18.562,0.36226
17.69,0.38391
17.302,0.38883
16.955,0.39576
16.951,0.39845
17.593,0.39287
17.658,0.3923
18.731,0.37102
18.29,0.37809
18.464,0.37077
18.54,0.37195
18.844,0.36309
18.347,0.37747
18.534,0.36689
19.322,0.3545
20.386,0.32549
17.803,0.38717
17.039,0.39401
18.461,0.37658
18.43,0.37571
19.687,0.34193
17.446,0.3925
18.097,0.37217
19.625,0.34806
17.773,0.38756
16.894,0.39837
19.448,0.35452
19.369,0.35731
19.299,0.3532
18.226,0.37313
19.201,0.34901
18.736,0.36475
18.064,0.37949
18.595,0.37791
19.225,0.3512
18.019,0.38432
18.562,0.38302
19.056,0.37238
19.958,0.342
19.32,0.36082
18.734,0.3641
19.145,0.3637
18.879,0.36395
18.837,0.37318
19.241,0.36855
19.237,0.36884
19.436,0.36433
19.156,0.37165
19.864,0.35437
19.837,0.36158
19.266,0.36845
19.123,0.37203
18.72,0.37469
18.948,0.37194
19.13,0.36498
18.79,0.37133
18.733,0.37274
18.508,0.38159
18.797,0.36987
19.133,0.36897
18.338,0.3797
19.071,0.36405
17.824,0.39048
17.577,0.38572
17.656,0.39246
18.466,0.37977
19.071,0.37685
18.973,0.36559
18.12,0.3866
18.271,0.37788
18.611,0.38273
18.369,0.37846
18.38,0.37967
18.679,0.37764
18.688,0.38334
18.368,0.38368
18.299,0.38093
19.086,0.37032
18.729,0.38176
18.492,0.38831
18.546,0.37812
18.5,0.37993
18.522,0.37999
18.499,0.38174
18.493,0.37851
18.181,0.38943
19.2,0.37562
18.439,0.38488
19.05,0.36786
18.452,0.37884
18.51,0.37282
18.205,0.38449
18.129,0.39063
18.756,0.38225
18.749,0.38051
19.052,0.37415
19.21,0.36913
18.745,0.37762
19.465,0.37142
19.304,0.37303
19.594,0.35533
18.655,0.37869
18.868,0.37634
19.286,0.36269
19.306,0.37132
19.15,0.36936
19.349,0.361
19.349,0.36914
20.272,0.34672
19.975,0.35509
19.146,0.37762
19.112,0.37036
19.713,0.35781
18.88,0.3694
19.436,0.36626
19.018,0.37118
19.041,0.37821
19.662,0.36428
19.738,0.37247
19.779,0.36382
19.089,0.37302
19.415,0.3624
18.843,0.38056
19.31,0.37302
19.078,0.37277
19.152,0.37518
3.8974,0.75107
19.426,0.36841
18.936,0.37195
19.583,0.36939
19.687,0.3666
19.944,0.36488
18.648,0.38472
18.745,0.38267
18.547,0.37939
18.632,0.37959
18.829,0.38046
19.24,0.38011
19,0.38286
19.706,0.36174
20.455,0.36322
19.55,0.38221
19.442,0.36793
19.101,0.37622
20.119,0.3645
19.507,0.37429
19.498,0.37225
19.252,0.38209
19.728,0.35677
19.712,0.35581
19.33,0.37284
19.672,0.35988
19.149,0.3704
19.798,0.35808
20.204,0.34307
19.389,0.36565
20.057,0.36032
18.745,0.38742
18.203,0.40152
19.263,0.37517
21.228,0.32798
20.416,0.33545
20.805,0.33773
20.201,0.35325
21.096,0.3338
20.655,0.33966
20.069,0.34876
19.748,0.36037
20.284,0.35006
20.059,0.34966
19.982,0.3615
20.982,0.33665
20.133,0.3659
19.716,0.37618
19.977,0.35501
19.424,0.3731
21.2,0.33018
20.122,0.35857
20.5,0.34718
18.902,0.38257
18.959,0.38043
19.063,0.38231
19.781,0.36903
18.685,0.38405
20.957,0.32429
18.678,0.37812
19.107,0.37815
21.194,0.32166
20.158,0.33942
21.281,0.32149
19.842,0.35601
18.985,0.3766
20.839,0.32928
21.341,0.32155
21.954,0.31223
20.334,0.34938
19.108,0.37938
19.662,0.3742
19.53,0.37212
19.152,0.38305
19.321,0.37836
19.702,0.36459
19.351,0.36871
19.04,0.38335
19.703,0.374
19.691,0.37763
19.458,0.38192
21.139,0.34484
21.183,0.33059
20.257,0.36272
19.633,0.37795
21.827,0.31552
20.127,0.36016
20.137,0.35805
19.688,0.36584
19.676,0.37983
19.948,0.37106
19.589,0.37189
20.144,0.35752
19.343,0.38066
21.538,0.3247
20.67,0.34703
20.796,0.34218
20.236,0.35554
21.06,0.33371
19.218,0.38132
20.677,0.3415
21.29,0.33639
19.139,0.37972
19.653,0.37613
20.571,0.34886
19.731,0.37735
20.056,0.35789
21.192,0.3448
21.083,0.34026
19.857,0.36943
20.379,0.36152
21.465,0.3287
21.032,0.34607
21.6,0.33712
19.286,0.38029
20.083,0.37339
19.784,0.37013
20.118,0.36363
20.05,0.36003
19.558,0.36648
20.136,0.3663
21.245,0.35046
20.582,0.36679
20.277,0.37614
19.901,0.37399
20.219,0.36645
19.63,0.37888
21.16,0.34884
20.68,0.36306
20.199,0.36578
20.303,0.35608
21.819,0.32437
19.639,0.3747
19.826,0.37912
20.511,0.35772
20.354,0.36594
19.687,0.37586
21.065,0.34997
20.207,0.37062
20.698,0.35952
22.094,0.32411
20.286,0.36509
20.398,0.35329
20.738,0.34511
19.674,0.36733
19.214,0.38548
20.849,0.34297
19.695,0.37682
20.261,0.35049
18.942,0.39583
20.825,0.34018
20.014,0.36809
19.87,0.36839
19.143,0.38626
20.484,0.353
20.52,0.35753
20.775,0.34538
20.017,0.36825
20.11,0.36675
20.15,0.3732
19.635,0.37834
19.42,0.37781
20.077,0.36319
21.486,0.3411
20.29,0.36168
20.759,0.34609
20.535,0.34972
20.669,0.35111
21.625,0.32997
19.752,0.36557
20.766,0.34512
21.532,0.33425
20.868,0.36303
21.026,0.3433
21.192,0.34534
20.155,0.35816
20.304,0.34614
19.195,0.36651
18.58,0.39118
18.21,0.40177
18.98,0.38513
18.265,0.39885
19.259,0.37368
19.292,0.37249
19.453,0.37856
19.552,0.37386
19.411,0.37501
19.511,0.36915
17.793,0.40068
18.677,0.39199
18.53,0.3933
19.661,0.37756
18.885,0.3818
19.149,0.38757
18.245,0.40606
18.498,0.39817
18.442,0.40456
19.035,0.38713
19.011,0.38156
17.908,0.412
18.566,0.38838
17.543,0.41378
18.018,0.39118
17.944,0.38895
18.7,0.3925
17.358,0.40368
17.138,0.41507
18.464,0.3966
18.445,0.39638
17.758,0.40733
18.48,0.39399
17.382,0.42154
18.175,0.39937
18.207,0.39884
17.641,0.40167
17.413,0.40157
18.272,0.389
18.316,0.39398
18.42,0.38398
17.728,0.40141
19.005,0.37515
18.886,0.37206
19.39,0.377
20.136,0.35917
19.072,0.37644
18.83,0.37986
18.224,0.39034
17.757,0.39861
16.998,0.42094
17.398,0.4117
18.05,0.41017
18.194,0.39843
17.638,0.41065
19.246,0.37142
18.217,0.40133
18.098,0.40703
17.74,0.41389
18.513,0.39996
17.937,0.39558
18.093,0.40111
17.895,0.40357
18.457,0.3912
17.595,0.41426
18.33,0.39185
17.305,0.42223
17.895,0.40442
17.966,0.40237
18.335,0.40062
18.049,0.40321
18.435,0.40044
18.864,0.38705
19.083,0.37145
19.686,0.36985
19.198,0.37497
17.942,0.40425
18.513,0.39322
19.066,0.38736
18.939,0.38858
18.46,0.38742
19.278,0.37784
18.447,0.39238
17.548,0.41387
18.361,0.39851
18.245,0.40425
17.964,0.41679
18.628,0.39689
18.004,0.40715
18.491,0.40052
17.652,0.41547
18.137,0.39896
17.872,0.40753
19.066,0.38438
19.662,0.37584
18.669,0.39846
18.139,0.40068
18.13,0.39784
17.943,0.40795
17.647,0.40997
17.841,0.40976
17.285,0.41353
18.141,0.39601
18.114,0.40055
